1 2 
1 3 
1 16 
1 19 
2 4 
2 12 
2 19 
3 5 
3 13 
3 16 
4 6 
4 12 
4 17 
5 7 
5 13 
5 18 
6 8 
6 17 
6 22 
7 9 
7 18 
7 23 
8 10 
8 22 
8 24 
9 11 
9 23 
9 27 
10 14 
10 24 
10 28 
11 15 
11 27 
11 29 
12 17 
12 19 
12 31 
13 16 
13 18 
13 30 
14 20 
14 28 
14 34 
15 21 
15 29 
15 35 
16 19 
16 30 
16 37 
17 22 
17 31 
17 38 
18 23 
18 30 
18 39 
19 31 
19 37 
19 44 
20 26 
20 34 
20 36 
21 25 
21 35 
22 24 
22 38 
22 42 
23 27 
23 39 
23 45 
24 28 
24 42 
24 48 
25 33 
25 35 
25 43 
26 32 
26 36 
26 49 
27 29 
27 45 
27 46 
28 34 
28 48 
28 55 
29 35 
29 46 
29 50 
30 37 
30 39 
30 53 
31 38 
31 44 
31 56 
32 40 
32 49 
32 52 
33 41 
33 43 
33 54 
34 36 
34 55 
34 57 
35 43 
35 50 
35 59 
36 49 
36 57 
37 44 
37 53 
37 65 
38 42 
38 56 
38 62 
39 45 
39 53 
39 63 
40 47 
40 52 
40 64 
41 51 
41 54 
41 61 
42 48 
42 62 
42 70 
43 54 
43 59 
43 66 
44 56 
44 65 
44 69 
45 46 
45 63 
45 68 
46 50 
46 68 
46 73 
47 58 
47 64 
48 55 
48 70 
48 78 
49 52 
49 57 
49 71 
49 75 
50 59 
50 73 
50 74 
51 60 
51 61 
51 76 
52 64 
52 71 
53 63 
53 65 
53 84 
54 61 
54 66 
54 80 
55 57 
55 78 
55 81 
56 62 
56 69 
56 83 
57 75 
57 81 
58 64 
58 67 
58 77 
59 66 
59 74 
59 85 
60 72 
60 76 
60 82 
61 76 
61 80 
62 70 
62 83 
62 92 
63 68 
63 84 
63 91 
64 71 
64 77 
64 87 
65 69 
65 84 
65 96 
66 80 
66 85 
66 89 
67 77 
67 79 
67 88 
68 73 
68 91 
68 98 
69 83 
69 94 
69 96 
70 78 
70 92 
70 105 
71 75 
71 87 
71 95 
72 82 
72 86 
72 93 
73 74 
73 98 
73 106 
74 85 
74 106 
75 81 
75 95 
75 102 
76 80 
76 82 
76 99 
76 100 
77 87 
77 88 
77 101 
78 81 
78 105 
78 107 
79 88 
79 90 
79 103 
80 89 
80 100 
80 109 
81 102 
81 107 
82 93 
82 99 
83 92 
83 94 
83 111 
84 91 
84 96 
84 112 
85 89 
85 106 
85 110 
86 93 
86 97 
86 108 
87 95 
87 101 
87 115 
88 101 
88 103 
88 114 
89 109 
89 110 
90 103 
90 104 
90 117 
91 98 
91 112 
91 120 
92 105 
92 111 
92 124 
93 99 
93 108 
93 118 
94 96 
94 111 
94 122 
95 102 
95 115 
95 123 
96 112 
96 122 
96 133 
97 108 
97 113 
97 119 
98 106 
98 120 
98 129 
99 100 
99 118 
99 121 
100 109 
100 121 
100 130 
101 114 
101 115 
101 127 
102 107 
102 123 
102 132 
103 114 
103 117 
103 125 
104 116 
104 117 
105 107 
105 124 
105 138 
106 110 
106 129 
106 135 
107 132 
107 138 
108 118 
108 119 
108 134 
109 110 
109 130 
109 136 
110 135 
110 136 
111 122 
111 124 
111 144 
112 120 
112 133 
112 146 
113 119 
113 126 
113 137 
114 125 
114 127 
114 140 
115 123 
115 127 
115 141 
116 117 
116 128 
116 131 
117 125 
117 131 
117 139 
118 121 
118 134 
118 145 
119 134 
119 137 
119 147 
120 129 
120 146 
120 151 
121 130 
121 145 
121 150 
122 133 
122 144 
122 157 
123 132 
123 141 
123 152 
124 138 
124 144 
124 159 
125 139 
125 140 
125 156 
126 137 
126 143 
126 149 
127 140 
127 141 
127 154 
128 131 
128 142 
128 148 
129 135 
129 151 
129 163 
130 136 
130 150 
130 162 
131 139 
131 148 
131 153 
132 138 
132 152 
132 165 
133 146 
133 157 
133 168 
134 145 
134 147 
134 161 
135 136 
135 163 
135 164 
136 162 
136 164 
137 147 
137 149 
137 160 
138 159 
138 165 
138 170 
139 153 
139 156 
140 154 
140 156 
140 167 
141 152 
141 154 
141 177 
142 148 
142 158 
142 166 
143 149 
143 155 
143 169 
144 157 
144 159 
144 179 
145 150 
145 161 
145 175 
146 151 
146 168 
146 180 
147 160 
147 161 
147 174 
148 153 
148 166 
148 172 
149 160 
149 169 
149 173 
150 162 
150 175 
150 182 
151 163 
151 180 
151 190 
152 165 
152 177 
152 191 
153 156 
153 172 
153 178 
154 167 
154 177 
154 187 
155 169 
155 171 
156 167 
156 178 
156 184 
157 168 
157 179 
157 194 
158 166 
158 176 
158 181 
159 170 
159 179 
159 199 
160 173 
160 174 
160 186 
161 174 
161 175 
161 192 
162 164 
162 182 
162 193 
163 164 
163 190 
163 196 
164 193 
164 196 
165 170 
165 191 
165 200 
166 172 
166 181 
166 188 
167 184 
167 187 
168 180 
168 194 
168 206 
169 171 
169 173 
169 183 
169 195 
170 199 
170 200 
171 183 
171 185 
172 178 
172 188 
172 197 
173 186 
173 195 
174 186 
174 192 
174 201 
175 182 
175 192 
175 208 
176 181 
176 189 
176 198 
177 187 
177 191 
177 212 
178 184 
178 197 
178 209 
179 194 
179 199 
179 214 
180 190 
180 206 
180 216 
181 188 
181 198 
181 203 
182 193 
182 208 
182 215 
183 185 
183 195 
183 205 
183 207 
184 187 
184 209 
184 211 
185 202 
185 205 
186 195 
186 201 
186 210 
187 211 
187 212 
188 197 
188 203 
188 213 
189 198 
189 204 
190 196 
190 216 
190 229 
191 200 
191 212 
191 226 
192 201 
192 208 
192 224 
193 196 
193 215 
193 227 
194 206 
194 214 
194 231 
195 207 
195 210 
195 222 
196 227 
196 229 
197 209 
197 213 
197 225 
198 203 
198 204 
198 217 
198 218 
199 200 
199 214 
199 233 
199 235 
200 226 
200 233 
201 210 
201 223 
201 224 
202 205 
202 219 
202 221 
203 213 
203 217 
203 230 
204 218 
204 220 
205 207 
205 221 
205 228 
206 216 
206 231 
206 245 
207 222 
207 228 
208 215 
208 224 
208 237 
209 211 
209 225 
209 232 
210 222 
210 223 
210 239 
211 212 
211 232 
211 241 
212 226 
212 241 
212 247 
213 225 
213 230 
213 243 
214 231 
214 235 
214 255 
215 227 
215 237 
215 249 
216 229 
216 245 
216 251 
217 218 
217 230 
217 242 
218 220 
218 234 
218 242 
219 221 
219 236 
219 238 
220 234 
220 240 
221 228 
221 238 
221 244 
222 228 
222 239 
222 246 
223 224 
223 239 
223 248 
224 237 
224 248 
224 258 
225 232 
225 243 
225 250 
226 233 
226 247 
226 262 
227 229 
227 249 
227 261 
228 244 
228 246 
229 251 
229 261 
230 242 
230 243 
230 252 
231 245 
231 255 
231 269 
232 241 
232 250 
232 263 
233 235 
233 262 
233 276 
234 240 
234 242 
234 253 
234 257 
235 255 
235 276 
236 238 
236 254 
236 256 
237 249 
237 258 
237 268 
238 244 
238 256 
238 260 
239 246 
239 248 
239 264 
240 257 
240 259 
241 247 
241 263 
241 271 
242 252 
242 253 
242 266 
243 250 
243 252 
243 267 
244 246 
244 260 
244 265 
245 251 
245 269 
245 282 
246 264 
246 265 
246 278 
247 262 
247 271 
247 284 
248 258 
248 264 
248 277 
249 261 
249 268 
249 285 
250 263 
250 267 
250 283 
251 261 
251 282 
251 289 
252 266 
252 267 
252 281 
253 257 
253 266 
253 275 
254 256 
254 270 
254 274 
255 269 
255 276 
255 294 
256 260 
256 270 
256 279 
257 259 
257 272 
257 275 
258 268 
258 277 
258 286 
259 272 
259 273 
260 265 
260 279 
260 280 
261 285 
261 289 
261 301 
262 276 
262 284 
262 300 
263 271 
263 283 
263 296 
264 277 
264 278 
264 295 
265 278 
265 280 
265 293 
266 275 
266 281 
266 287 
267 281 
267 283 
267 298 
268 285 
268 286 
268 304 
269 282 
269 294 
269 311 
270 274 
270 279 
270 290 
271 284 
271 296 
271 303 
272 273 
272 275 
272 291 
272 297 
273 291 
273 292 
274 288 
274 290 
275 287 
275 297 
276 294 
276 300 
276 317 
277 286 
277 295 
277 308 
278 293 
278 295 
278 305 
279 280 
279 290 
279 299 
280 293 
280 299 
281 287 
281 298 
281 306 
282 289 
282 311 
282 318 
283 296 
283 298 
283 315 
284 300 
284 303 
284 320 
285 301 
285 304 
285 326 
286 304 
286 308 
286 323 
287 297 
287 306 
287 312 
288 290 
288 302 
288 309 
289 301 
289 318 
289 334 
290 299 
290 302 
290 313 
291 292 
291 297 
291 307 
291 314 
292 307 
292 310 
293 299 
293 305 
293 316 
294 311 
294 317 
294 336 
295 305 
295 308 
295 322 
296 303 
296 315 
296 328 
297 312 
297 314 
298 306 
298 315 
298 325 
299 313 
299 316 
299 324 
300 317 
300 320 
300 344 
301 326 
301 334 
301 342 
302 309 
302 313 
302 319 
303 320 
303 328 
303 337 
304 323 
304 326 
304 347 
305 316 
305 322 
305 333 
306 312 
306 325 
306 330 
307 310 
307 314 
307 321 
308 322 
308 323 
308 338 
309 319 
309 329 
310 321 
310 327 
311 318 
311 336 
311 355 
312 314 
312 330 
312 332 
313 319 
313 324 
313 331 
314 321 
314 332 
314 335 
315 325 
315 328 
315 346 
316 324 
316 333 
316 341 
317 336 
317 344 
317 370 
318 334 
318 355 
318 368 
319 329 
319 331 
319 339 
320 337 
320 344 
320 361 
321 327 
321 335 
321 340 
322 333 
322 338 
322 352 
323 338 
323 347 
323 357 
324 331 
324 341 
324 348 
325 330 
325 346 
325 349 
326 342 
326 347 
326 375 
327 340 
327 343 
328 337 
328 346 
328 359 
329 339 
329 345 
330 332 
330 349 
330 351 
331 339 
331 348 
331 350 
332 335 
332 351 
332 353 
333 341 
333 352 
333 360 
334 342 
334 368 
334 379 
335 340 
335 353 
335 354 
336 355 
336 370 
336 378 
337 359 
337 361 
337 372 
338 352 
338 357 
338 365 
339 345 
339 350 
339 358 
340 343 
340 354 
340 356 
341 348 
341 360 
341 364 
342 375 
342 379 
343 356 
343 362 
344 361 
344 370 
344 389 
345 358 
345 363 
346 349 
346 359 
346 369 
346 383 
347 357 
347 375 
347 385 
348 350 
348 364 
348 366 
349 351 
349 369 
349 373 
350 358 
350 366 
350 367 
351 353 
351 373 
351 377 
352 360 
352 365 
352 384 
353 354 
353 371 
353 377 
354 356 
354 371 
354 374 
355 368 
355 378 
355 407 
356 362 
356 374 
356 376 
357 365 
357 385 
357 390 
358 363 
358 367 
358 380 
359 372 
359 383 
359 396 
360 364 
360 384 
360 386 
361 372 
361 389 
361 401 
362 376 
362 382 
363 380 
363 381 
364 366 
364 386 
364 387 
365 384 
365 390 
365 394 
366 367 
366 387 
366 388 
367 380 
367 388 
368 379 
368 407 
368 415 
369 373 
369 383 
369 398 
369 402 
370 378 
370 389 
370 419 
370 422 
371 374 
371 377 
371 391 
371 393 
372 396 
372 401 
373 377 
373 398 
373 400 
374 376 
374 392 
374 393 
375 379 
375 385 
375 413 
375 416 
376 382 
376 392 
377 391 
377 400 
378 407 
378 419 
379 413 
379 415 
380 381 
380 388 
380 395 
381 395 
381 397 
382 392 
382 399 
383 396 
383 402 
383 423 
384 386 
384 394 
384 406 
384 414 
385 390 
385 416 
385 420 
386 387 
386 405 
386 406 
387 388 
387 404 
387 405 
388 395 
388 403 
388 404 
389 401 
389 422 
389 433 
390 394 
390 420 
390 421 
391 393 
391 400 
391 409 
391 412 
392 393 
392 399 
392 408 
392 410 
393 410 
393 412 
394 414 
394 421 
395 397 
395 403 
395 417 
396 401 
396 423 
396 430 
397 411 
397 417 
398 400 
398 402 
398 424 
398 429 
399 408 
399 418 
400 409 
400 424 
400 428 
401 430 
401 433 
401 439 
402 423 
402 429 
403 404 
403 417 
403 425 
404 405 
404 425 
404 427 
405 406 
405 427 
405 432 
406 414 
406 432 
406 436 
407 415 
407 419 
407 459 
407 461 
408 410 
408 418 
408 426 
409 412 
409 428 
409 434 
410 412 
410 426 
410 435 
411 417 
411 431 
412 434 
412 435 
413 415 
413 416 
413 450 
413 457 
414 421 
414 436 
414 440 
415 457 
415 459 
416 420 
416 449 
416 450 
417 425 
417 431 
417 438 
418 426 
418 437 
419 422 
419 461 
419 466 
420 421 
420 447 
420 449 
421 440 
421 447 
422 433 
422 466 
422 470 
423 429 
423 430 
423 448 
423 458 
424 428 
424 429 
424 444 
424 454 
425 427 
425 438 
425 441 
426 435 
426 437 
426 442 
427 432 
427 441 
427 445 
428 434 
428 444 
428 451 
429 448 
429 454 
430 439 
430 458 
430 468 
431 438 
431 443 
432 436 
432 445 
432 456 
433 439 
433 470 
433 477 
434 435 
434 446 
434 451 
435 442 
435 446 
435 455 
436 440 
436 456 
436 462 
437 442 
437 453 
438 441 
438 443 
438 452 
438 460 
439 468 
439 477 
440 447 
440 462 
440 469 
441 445 
441 460 
441 464 
442 453 
442 455 
442 463 
443 452 
443 465 
444 451 
444 454 
444 471 
445 456 
445 464 
445 472 
446 451 
446 455 
446 467 
447 449 
447 469 
447 481 
448 454 
448 458 
448 476 
448 485 
449 450 
449 481 
449 486 
450 457 
450 486 
450 490 
451 467 
451 471 
451 479 
452 460 
452 465 
452 473 
453 463 
453 474 
454 471 
454 476 
454 487 
455 463 
455 467 
455 475 
456 462 
456 472 
456 480 
457 459 
457 490 
457 499 
458 468 
458 485 
458 493 
459 461 
459 499 
459 503 
460 464 
460 473 
460 478 
461 466 
461 503 
461 505 
462 469 
462 480 
462 488 
463 474 
463 475 
463 482 
464 472 
464 478 
464 484 
465 473 
465 483 
466 470 
466 505 
466 511 
467 475 
467 479 
467 489 
468 477 
468 493 
468 508 
469 481 
469 488 
469 498 
470 477 
470 511 
470 515 
471 479 
471 487 
471 496 
472 480 
472 484 
472 495 
473 478 
473 483 
473 492 
474 482 
474 491 
475 482 
475 489 
475 494 
476 485 
476 487 
476 507 
477 508 
477 515 
478 484 
478 492 
478 497 
479 489 
479 496 
479 502 
480 488 
480 495 
480 506 
481 486 
481 498 
481 513 
481 517 
482 491 
482 494 
482 500 
483 492 
483 501 
484 495 
484 497 
484 504 
485 493 
485 507 
485 518 
486 490 
486 517 
486 524 
487 496 
487 507 
487 514 
488 498 
488 506 
488 519 
489 494 
489 502 
489 512 
490 499 
490 524 
490 532 
491 500 
491 510 
492 497 
492 501 
492 509 
493 508 
493 518 
493 528 
494 500 
494 512 
494 516 
495 504 
495 506 
495 522 
496 502 
496 514 
496 523 
497 504 
497 509 
497 520 
498 513 
498 519 
498 531 
499 503 
499 532 
499 548 
500 510 
500 516 
501 509 
501 521 
502 512 
502 523 
502 526 
503 505 
503 542 
503 548 
504 520 
504 522 
504 525 
505 511 
505 542 
505 547 
506 519 
506 522 
506 533 
507 514 
507 518 
507 534 
507 537 
508 515 
508 528 
508 545 
509 520 
509 521 
509 530 
510 516 
510 527 
511 515 
511 547 
511 554 
512 516 
512 526 
512 529 
513 517 
513 531 
513 546 
514 523 
514 537 
514 539 
515 545 
515 554 
515 557 
516 527 
516 529 
516 535 
517 524 
517 546 
517 555 
518 528 
518 534 
518 556 
519 531 
519 533 
519 549 
520 525 
520 530 
520 538 
521 530 
521 536 
522 525 
522 533 
522 540 
522 543 
523 526 
523 539 
523 541 
524 532 
524 555 
524 560 
525 538 
525 540 
526 529 
526 541 
526 550 
527 535 
527 544 
528 545 
528 556 
528 559 
529 535 
529 550 
529 552 
530 536 
530 538 
530 551 
530 553 
531 546 
531 549 
531 565 
532 548 
532 560 
532 574 
533 543 
533 549 
533 561 
534 537 
534 556 
534 562 
535 544 
535 552 
536 551 
537 539 
537 562 
537 564 
538 540 
538 553 
538 558 
539 541 
539 564 
539 567 
540 543 
540 558 
540 566 
541 550 
541 567 
541 568 
542 547 
542 548 
542 580 
542 582 
543 561 
543 566 
543 572 
544 552 
544 563 
545 557 
545 559 
545 581 
545 593 
546 555 
546 565 
546 577 
547 554 
547 580 
547 591 
548 574 
548 582 
548 598 
549 561 
549 565 
549 575 
550 552 
550 568 
550 569 
551 553 
551 570 
552 563 
552 569 
552 571 
553 558 
553 570 
553 573 
554 557 
554 591 
554 597 
555 560 
555 577 
555 584 
556 559 
556 562 
556 579 
556 583 
557 593 
557 597 
558 566 
558 573 
558 576 
559 581 
559 583 
560 574 
560 584 
560 599 
561 572 
561 575 
561 594 
562 564 
562 579 
562 588 
563 571 
563 578 
564 567 
564 585 
564 588 
565 575 
565 577 
565 596 
566 572 
566 576 
566 586 
567 568 
567 585 
567 590 
568 569 
568 590 
568 592 
569 571 
569 589 
569 592 
570 573 
570 587 
571 578 
571 589 
572 586 
572 594 
573 576 
573 587 
573 595 
574 598 
574 599 
574 616 
575 594 
575 596 
575 603 
576 586 
576 595 
576 601 
577 584 
577 596 
577 610 
577 615 
578 589 
578 600 
579 583 
579 588 
579 611 
579 613 
580 582 
580 591 
580 621 
580 623 
581 583 
581 593 
581 614 
581 619 
582 598 
582 621 
582 631 
583 613 
583 614 
584 599 
584 615 
584 620 
585 588 
585 590 
585 607 
585 609 
586 594 
586 601 
586 604 
587 595 
587 602 
588 609 
588 611 
589 592 
589 600 
589 605 
590 592 
590 606 
590 607 
591 597 
591 623 
591 628 
592 605 
592 606 
593 597 
593 619 
593 626 
594 603 
594 604 
594 618 
595 601 
595 602 
595 608 
596 603 
596 610 
596 622 
597 626 
597 628 
597 637 
598 616 
598 631 
598 641 
599 616 
599 620 
599 635 
600 605 
600 612 
601 604 
601 608 
601 617 
602 608 
602 624 
603 618 
603 622 
603 636 
604 617 
604 618 
604 633 
605 606 
605 612 
605 625 
605 630 
606 607 
606 625 
606 629 
607 609 
607 629 
607 632 
608 617 
608 624 
608 627 
609 611 
609 632 
609 634 
610 615 
610 622 
610 639 
611 613 
611 634 
611 638 
612 630 
613 614 
613 638 
613 640 
614 619 
614 640 
614 648 
615 620 
615 639 
615 647 
616 635 
616 641 
616 655 
617 627 
617 633 
617 642 
618 633 
618 636 
618 646 
619 626 
619 648 
619 653 
620 635 
620 647 
620 656 
621 623 
621 631 
621 661 
621 664 
622 636 
622 639 
622 651 
623 628 
623 661 
623 663 
624 627 
624 644 
625 629 
625 630 
625 643 
625 645 
626 637 
626 653 
626 671 
627 642 
627 644 
628 637 
628 663 
628 669 
629 632 
629 643 
629 649 
630 645 
631 641 
631 664 
631 674 
632 634 
632 649 
632 650 
633 642 
633 646 
633 652 
634 638 
634 650 
634 654 
635 655 
635 656 
635 672 
636 646 
636 651 
636 662 
637 669 
637 671 
638 640 
638 654 
638 665 
638 666 
639 647 
639 651 
639 667 
639 673 
640 648 
640 665 
640 675 
641 655 
641 674 
641 684 
642 644 
642 652 
642 657 
642 659 
643 645 
643 649 
643 658 
643 660 
644 657 
645 660 
646 652 
646 662 
646 668 
647 656 
647 673 
647 682 
648 653 
648 675 
648 681 
649 650 
649 658 
649 670 
649 676 
650 654 
650 670 
650 677 
651 662 
651 667 
651 683 
652 659 
652 668 
652 678 
653 671 
653 681 
653 687 
654 666 
654 677 
654 685 
655 672 
655 684 
655 695 
656 672 
656 682 
656 696 
657 659 
657 680 
658 660 
658 676 
658 679 
659 678 
659 680 
660 679 
661 663 
661 664 
661 697 
661 698 
662 668 
662 683 
662 686 
663 669 
663 698 
663 701 
664 674 
664 697 
664 702 
665 666 
665 675 
665 692 
665 699 
666 685 
666 692 
667 673 
667 683 
667 691 
668 678 
668 686 
668 689 
669 671 
669 701 
669 703 
670 676 
670 677 
670 688 
670 690 
671 687 
671 703 
671 709 
672 695 
672 696 
673 682 
673 691 
673 700 
674 684 
674 702 
674 711 
675 681 
675 699 
675 704 
676 679 
676 690 
676 693 
677 685 
677 688 
677 705 
678 680 
678 689 
678 694 
679 693 
680 694 
681 687 
681 704 
681 716 
682 696 
682 700 
682 713 
683 686 
683 691 
683 706 
683 708 
684 695 
684 711 
684 719 
685 692 
685 705 
685 710 
686 689 
686 706 
686 707 
687 709 
687 716 
688 690 
688 705 
688 712 
689 694 
689 707 
689 715 
690 693 
690 712 
690 714 
691 700 
691 708 
691 718 
692 699 
692 710 
692 717 
693 714 
694 715 
695 696 
695 719 
695 722 
696 713 
696 722 
696 725 
697 698 
697 702 
697 731 
697 732 
698 701 
698 731 
698 733 
699 704 
699 717 
699 727 
700 713 
700 718 
700 730 
701 703 
701 733 
701 734 
702 711 
702 732 
702 736 
703 709 
703 734 
703 738 
704 716 
704 726 
704 727 
705 710 
705 712 
705 720 
705 723 
706 707 
706 708 
706 721 
706 724 
707 715 
707 721 
707 728 
708 718 
708 724 
708 737 
709 716 
709 738 
709 739 
710 717 
710 723 
710 735 
711 719 
711 736 
711 742 
712 714 
712 720 
712 729 
713 725 
713 730 
713 744 
714 729 
715 728 
716 726 
716 739 
716 748 
717 727 
717 735 
717 743 
718 730 
718 737 
718 747 
719 722 
719 742 
719 750 
719 753 
720 723 
720 729 
720 740 
720 746 
721 724 
721 728 
721 741 
721 745 
722 725 
722 750 
722 754 
723 735 
723 740 
723 749 
724 737 
724 741 
724 751 
725 744 
725 754 
726 727 
726 748 
726 752 
727 743 
727 752 
727 756 
728 745 
729 746 
730 744 
730 747 
730 757 
731 732 
731 733 
731 761 
731 762 
732 736 
732 761 
732 763 
733 734 
733 762 
733 765 
734 738 
734 764 
734 765 
735 743 
735 749 
735 755 
736 742 
736 763 
736 767 
737 747 
737 751 
737 758 
738 739 
738 764 
738 766 
739 748 
739 766 
739 771 
740 746 
740 749 
740 760 
741 745 
741 751 
741 759 
742 753 
742 767 
742 775 
743 755 
743 756 
743 769 
744 754 
744 757 
744 770 
745 759 
746 760 
747 757 
747 758 
747 772 
748 752 
748 771 
748 777 
749 755 
749 760 
749 768 
749 774 
750 753 
750 754 
750 778 
750 783 
751 758 
751 759 
751 773 
751 776 
752 756 
752 777 
752 779 
753 775 
753 783 
754 770 
754 778 
754 782 
755 768 
755 769 
755 780 
756 769 
756 779 
756 781 
757 770 
757 772 
757 785 
758 772 
758 773 
758 784 
759 776 
760 774 
761 762 
761 763 
761 786 
761 788 
762 765 
762 788 
762 789 
763 767 
763 786 
763 790 
764 765 
764 766 
764 791 
764 793 
765 789 
765 791 
765 795 
766 771 
766 793 
766 796 
767 775 
767 790 
767 797 
768 774 
768 780 
768 787 
769 780 
769 781 
769 794 
770 782 
770 785 
770 799 
771 777 
771 796 
771 801 
772 784 
772 785 
772 798 
773 776 
773 784 
773 792 
774 787 
775 783 
775 797 
775 804 
776 792 
777 779 
777 800 
777 801 
778 782 
778 783 
778 802 
778 806 
779 781 
779 800 
779 803 
780 787 
780 794 
780 805 
781 794 
781 803 
781 807 
782 799 
782 802 
782 810 
783 804 
783 806 
783 811 
784 792 
784 798 
784 808 
785 798 
785 799 
785 809 
786 788 
786 790 
786 813 
786 814 
787 805 
788 789 
788 814 
788 818 
789 795 
789 818 
789 821 
790 797 
790 813 
790 816 
791 793 
791 795 
791 817 
791 822 
792 808 
793 796 
793 817 
793 819 
794 805 
794 807 
794 812 
795 821 
795 822 
796 801 
796 819 
796 824 
797 804 
797 816 
797 825 
798 808 
798 809 
798 820 
799 809 
799 810 
799 826 
800 801 
800 803 
800 815 
800 828 
801 815 
801 824 
801 830 
802 806 
802 810 
802 827 
803 807 
803 823 
803 828 
804 811 
804 825 
804 831 
805 812 
806 811 
806 827 
806 833 
807 812 
807 823 
807 829 
808 820 
809 820 
809 826 
809 832 
810 826 
810 827 
810 834 
811 831 
811 833 
811 837 
812 829 
813 814 
813 816 
813 839 
813 840 
814 818 
814 840 
814 841 
815 828 
815 830 
815 835 
816 825 
816 839 
816 843 
817 819 
817 822 
817 846 
817 847 
818 821 
818 841 
818 845 
818 848 
819 824 
819 844 
819 846 
820 832 
821 822 
821 842 
821 845 
822 842 
822 847 
823 828 
823 829 
823 836 
824 830 
824 844 
824 853 
825 831 
825 843 
825 851 
826 832 
826 834 
826 838 
826 854 
827 833 
827 834 
827 849 
828 835 
828 836 
828 852 
829 836 
830 835 
830 850 
830 853 
831 837 
831 851 
831 855 
832 838 
833 837 
833 849 
833 856 
834 849 
834 854 
834 858 
835 850 
835 852 
835 857 
836 852 
837 855 
837 856 
837 860 
838 854 
839 840 
839 843 
839 861 
839 865 
840 841 
840 865 
840 866 
841 848 
841 866 
841 868 
842 845 
842 847 
842 859 
842 862 
843 851 
843 861 
843 864 
844 846 
844 853 
844 863 
844 867 
845 848 
845 862 
845 869 
846 847 
846 867 
846 872 
847 859 
847 872 
848 868 
848 869 
849 856 
849 858 
849 870 
850 853 
850 857 
850 871 
851 855 
851 864 
851 873 
852 857 
853 863 
853 871 
853 875 
854 858 
855 860 
855 873 
855 874 
856 860 
856 870 
856 876 
857 871 
858 870 
859 862 
859 872 
859 877 
859 878 
860 874 
860 876 
860 882 
861 864 
861 865 
861 881 
861 884 
862 869 
862 878 
862 883 
863 867 
863 875 
863 880 
864 873 
864 879 
864 881 
865 866 
865 884 
865 885 
866 868 
866 885 
866 887 
867 872 
867 880 
867 889 
868 869 
868 886 
868 887 
869 883 
869 886 
869 888 
870 876 
871 875 
872 877 
872 889 
872 891 
873 874 
873 879 
873 890 
873 892 
874 882 
874 890 
875 880 
876 882 
877 878 
877 891 
877 893 
878 883 
878 893 
878 895 
879 881 
879 892 
879 894 
880 889 
881 884 
881 894 
881 896 
882 890 
883 888 
883 895 
883 897 
884 885 
884 896 
884 898 
885 887 
885 898 
885 899 
885 901 
886 887 
886 888 
886 900 
886 902 
887 901 
887 902 
888 897 
888 900 
889 891 
890 892 
891 893 
892 894 
893 895 
894 896 
895 897 
896 898 
897 900 
898 899 
899 901 
900 902 
901 902 
