-4.999950e-01 2.247233e-03 
-4.996685e-01 -1.820280e-02 
-4.994280e-01 2.390976e-02 
-4.982172e-01 -4.218546e-02 
-4.976980e-01 4.792411e-02 
-4.957988e-01 -6.468057e-02 
-4.950718e-01 7.002807e-02 
-4.924214e-01 -8.672487e-02 
-4.915453e-01 9.155969e-02 
-4.881183e-01 -1.083539e-01 
-4.871613e-01 1.125782e-01 
-4.838033e-01 -2.827871e-02 
-4.837219e-01 3.457763e-02 
-4.829721e-01 -1.293753e-01 
-4.819200e-01 1.332408e-01 
-4.800934e-01 1.292542e-02 
-4.788334e-01 -5.075437e-02 
-4.781415e-01 5.626699e-02 
-4.769979e-01 -7.760782e-03 
-4.769772e-01 -1.499758e-01 
-4.763466e-01 1.519668e-01 
-4.750826e-01 -7.293219e-02 
-4.741102e-01 7.771440e-02 
-4.709379e-01 -9.483606e-02 
-4.701609e-01 1.701432e-01 
-4.697172e-01 -1.713643e-01 
-4.696860e-01 9.939999e-02 
-4.658929e-01 -1.158661e-01 
-4.656022e-01 1.218761e-01 
-4.641333e-01 3.437773e-02 
-4.634932e-01 -3.115639e-02 
-4.626956e-01 -1.895067e-01 
-4.623500e-01 1.903484e-01 
-4.606721e-01 -1.363781e-01 
-4.595459e-01 1.460591e-01 
-4.571082e-01 -1.577430e-01 
-4.567833e-01 1.155664e-02 
-4.567127e-01 -5.614005e-02 
-4.563390e-01 5.775239e-02 
-4.542920e-01 -2.088511e-01 
-4.536663e-01 2.102067e-01 
-4.516075e-01 -8.088384e-02 
-4.515623e-01 1.700409e-01 
-4.513807e-01 -1.049480e-02 
-4.509069e-01 8.100026e-02 
-4.462054e-01 1.045431e-01 
-4.461179e-01 -2.257849e-01 
-4.458013e-01 -1.040652e-01 
-4.441989e-01 -1.754338e-01 
-4.438876e-01 1.280445e-01 
-4.436453e-01 2.306054e-01 
-4.413739e-01 -1.966417e-01 
-4.408817e-01 3.466770e-02 
-4.408014e-01 1.921812e-01 
-4.404214e-01 -1.267798e-01 
-4.398093e-01 -3.645793e-02 
-4.376919e-01 -1.504995e-01 
-4.374947e-01 -2.420711e-01 
-4.373416e-01 1.524570e-01 
-4.340652e-01 2.481680e-01 
-4.334929e-01 2.129182e-01 
-4.321098e-01 -6.449718e-02 
-4.313418e-01 5.956490e-02 
-4.297728e-01 -2.167113e-01 
-4.291624e-01 1.108731e-02 
-4.284896e-01 1.753399e-01 
-4.276131e-01 -2.591275e-01 
-4.251376e-01 8.520876e-02 
-4.250608e-01 -1.361237e-02 
-4.241468e-01 -9.030694e-02 
-4.221411e-01 -1.918206e-01 
-4.219533e-01 2.682451e-01 
-4.202517e-01 1.102659e-01 
-4.200019e-01 1.329926e-01 
-4.199953e-01 -1.678401e-01 
-4.185795e-01 2.275717e-01 
-4.180662e-01 -2.362728e-01 
-4.177060e-01 -1.151799e-01 
-4.165834e-01 -2.765109e-01 
-4.155052e-01 2.007124e-01 
-4.151221e-01 -1.409142e-01 
-4.150218e-01 2.489390e-01 
-4.144931e-01 -4.447047e-02 
-4.131778e-01 3.636843e-02 
-4.109041e-01 1.540845e-01 
-4.097478e-01 2.865428e-01 
-4.077651e-01 -2.119132e-01 
-4.063771e-01 -2.559915e-01 
-4.060845e-01 1.789990e-01 
-4.049060e-01 -2.933447e-01 
-4.032322e-01 6.595996e-02 
-4.028135e-01 -7.294534e-02 
-4.004930e-01 2.656731e-01 
-3.999974e-01 -2.008067e-02 
-3.986256e-01 -1.856396e-01 
-3.980158e-01 9.571413e-03 
-3.968641e-01 3.041363e-01 
-3.964440e-01 9.665641e-02 
-3.958139e-01 2.398209e-01 
-3.950445e-01 2.151242e-01 
-3.949746e-01 -2.323333e-01 
-3.935703e-01 -1.584210e-01 
-3.933638e-01 -2.757307e-01 
-3.929810e-01 -3.091374e-01 
-3.929688e-01 -1.011879e-01 
-3.926634e-01 1.279620e-01 
-3.889812e-01 -1.293244e-01 
-3.873810e-01 2.830435e-01 
-3.863833e-01 1.902883e-01 
-3.854672e-01 1.586574e-01 
-3.843037e-01 -4.941332e-02 
-3.835600e-01 4.087142e-02 
-3.831785e-01 3.212075e-01 
-3.829963e-01 -2.533126e-01 
-3.823255e-01 -2.067289e-01 
-3.812527e-01 -3.234909e-01 
-3.804959e-01 -2.959452e-01 
-3.789338e-01 2.577391e-01 
-3.742226e-01 3.004418e-01 
-3.733980e-01 7.445776e-02 
-3.721834e-01 2.310892e-01 
-3.718518e-01 -1.705353e-02 
-3.715598e-01 -1.779289e-01 
-3.703171e-01 -8.108005e-02 
-3.690842e-01 -2.738668e-01 
-3.687082e-01 3.377192e-01 
-3.686652e-01 -2.297188e-01 
-3.677380e-01 -3.387753e-01 
-3.673541e-01 1.082474e-01 
-3.652421e-01 2.051886e-01 
-3.640575e-01 -3.152783e-01 
-3.638563e-01 -1.479370e-01 
-3.637876e-01 1.443689e-02 
-3.637597e-01 2.760888e-01 
-3.626249e-01 1.405276e-01 
-3.610544e-01 1.741971e-01 
-3.603492e-01 3.180615e-01 
-3.600195e-01 -1.146764e-01 
-3.581038e-01 -2.934364e-01 
-3.562389e-01 -2.532793e-01 
-3.540074e-01 -2.022064e-01 
-3.535534e-01 -3.535534e-01 
-3.535529e-01 3.535536e-01 
-3.531623e-01 -4.932408e-02 
-3.530939e-01 2.501841e-01 
-3.505791e-01 4.948990e-02 
-3.501232e-01 2.947092e-01 
-3.471007e-01 -3.312386e-01 
-3.456351e-01 3.364086e-01 
-3.426986e-01 2.228935e-01 
-3.405893e-01 8.624328e-02 
-3.402737e-01 -1.749706e-01 
-3.402053e-01 -3.070101e-01 
-3.400219e-01 -2.259312e-01 
-3.397069e-01 3.668776e-01 
-3.395519e-01 -2.775480e-01 
-3.385064e-01 -1.642218e-02 
-3.377749e-01 -3.686572e-01 
-3.369890e-01 -8.278963e-02 
-3.364503e-01 3.138833e-01 
-3.359091e-01 2.701706e-01 
-3.355455e-01 1.920415e-01 
-3.346395e-01 1.220997e-01 
-3.331386e-01 1.576592e-01 
-3.320906e-01 -1.448442e-01 
-3.310056e-01 -3.476100e-01 
-3.301623e-01 -2.512749e-01 
-3.279439e-01 2.066610e-02 
-3.268235e-01 3.540816e-01 
-3.258589e-01 -1.135819e-01 
-3.250951e-01 3.798858e-01 
-3.233654e-01 -3.230677e-01 
-3.231917e-01 3.336707e-01 
-3.225419e-01 2.915631e-01 
-3.223925e-01 2.437371e-01 
-3.217174e-01 -3.827505e-01 
-3.191144e-01 -2.012289e-01 
-3.177641e-01 -2.943735e-01 
-3.169423e-01 -5.254310e-02 
-3.146217e-01 6.009495e-02 
-3.140989e-01 -3.638019e-01 
-3.107457e-01 2.132204e-01 
-3.096566e-01 3.685141e-01 
-3.094428e-01 -2.661638e-01 
-3.090230e-01 3.930710e-01 
-3.089410e-01 3.149350e-01 
-3.071162e-01 -2.304857e-01 
-3.069076e-01 -3.397319e-01 
-3.060767e-01 -3.953695e-01 
-3.043552e-01 1.007170e-01 
-3.041050e-01 -1.718936e-01 
-3.039203e-01 2.663095e-01 
-3.035137e-01 1.776640e-01 
-3.026624e-01 -1.233717e-02 
-3.017738e-01 3.432508e-01 
-3.012005e-01 1.400403e-01 
-2.980997e-01 -3.128581e-01 
-2.962706e-01 -3.808205e-01 
-2.955077e-01 -9.134427e-02 
-2.948947e-01 -1.344802e-01 
-2.939950e-01 2.915627e-01 
-2.914078e-01 4.063022e-01 
-2.906123e-01 -3.570298e-01 
-2.904552e-01 -4.069838e-01 
-2.902931e-01 3.839600e-01 
-2.892267e-01 2.898135e-02 
-2.888799e-01 3.619744e-01 
-2.885506e-01 2.381581e-01 
-2.884974e-01 -2.837456e-01 
-2.847208e-01 3.228849e-01 
-2.830202e-01 -2.477975e-01 
-2.816252e-01 -2.063313e-01 
-2.799277e-01 -3.328074e-01 
-2.798646e-01 -4.918011e-02 
-2.769325e-01 2.020435e-01 
-2.759560e-01 7.353026e-02 
-2.746571e-01 -3.747061e-01 
-2.743077e-01 -3.954453e-01 
-2.736902e-01 4.184420e-01 
-2.726112e-01 -4.191457e-01 
-2.716574e-01 3.952236e-01 
-2.712792e-01 3.455138e-01 
-2.691766e-01 2.989112e-01 
-2.690365e-01 2.665665e-01 
-2.685591e-01 -3.051248e-01 
-2.681704e-01 -1.669616e-01 
-2.676297e-01 1.616997e-01 
-2.667506e-01 3.708300e-01 
-2.664154e-01 1.196455e-01 
-2.628938e-01 -3.540790e-01 
-2.619014e-01 -7.041841e-03 
-2.595963e-01 -2.718570e-01 
-2.585498e-01 -1.242015e-01 
-2.558046e-01 -4.073052e-01 
-2.551400e-01 -8.586514e-02 
-2.550049e-01 4.300843e-01 
-2.546124e-01 2.309575e-01 
-2.543012e-01 4.078213e-01 
-2.538882e-01 3.251153e-01 
-2.538005e-01 -4.307961e-01 
-2.536581e-01 -2.341061e-01 
-2.514291e-01 -3.802836e-01 
-2.504160e-01 -3.288596e-01 
-2.485518e-01 3.829701e-01 
-2.481098e-01 3.980019e-02 
-2.431076e-01 3.535296e-01 
-2.429361e-01 -1.957925e-01 
-2.418982e-01 2.941107e-01 
-2.402989e-01 1.898659e-01 
-2.375874e-01 -2.990610e-01 
-2.362856e-01 9.068379e-02 
-2.362627e-01 -3.557385e-01 
-2.361116e-01 -3.987247e-01 
-2.354950e-01 4.410693e-01 
-2.353725e-01 -4.858200e-02 
-2.351326e-01 4.204635e-01 
-2.351065e-01 -4.209722e-01 
-2.340385e-01 2.623158e-01 
-2.335323e-01 -4.421116e-01 
-2.314134e-01 3.996023e-01 
-2.277897e-01 1.433970e-01 
-2.275528e-01 -1.510434e-01 
-2.271564e-01 -2.654218e-01 
-2.257269e-01 3.260047e-01 
-2.244610e-01 3.736915e-01 
-2.228001e-01 -3.791721e-01 
-2.204580e-01 -3.285096e-01 
-2.180560e-01 2.264269e-01 
-2.179643e-01 -1.511175e-03 
-2.174955e-01 4.347182e-01 
-2.170002e-01 -2.292607e-01 
-2.141531e-01 -4.294558e-01 
-2.137843e-01 -4.519914e-01 
-2.135734e-01 4.520911e-01 
-2.134879e-01 -4.059699e-01 
-2.127946e-01 -1.008923e-01 
-2.108675e-01 2.957066e-01 
-2.103049e-01 3.518022e-01 
-2.099540e-01 4.159998e-01 
-2.078421e-01 3.944174e-01 
-2.062347e-01 -3.565931e-01 
-2.052133e-01 5.015896e-02 
-2.041415e-01 -2.984332e-01 
-2.024158e-01 -1.879298e-01 
-2.009831e-01 1.870722e-01 
-1.972516e-01 2.629850e-01 
-1.963256e-01 -3.857201e-01 
-1.954124e-01 4.602325e-01 
-1.953151e-01 1.035466e-01 
-1.952473e-01 4.346172e-01 
-1.943952e-01 -4.373273e-01 
-1.942727e-01 -4.607148e-01 
-1.932207e-01 3.774478e-01 
-1.923866e-01 -5.124760e-02 
-1.922221e-01 3.259670e-01 
-1.908892e-01 -2.652982e-01 
-1.906973e-01 -4.142552e-01 
-1.879172e-01 -3.307267e-01 
-1.847709e-01 4.082803e-01 
-1.836096e-01 -1.413343e-01 
-1.812976e-01 1.494579e-01 
-1.796692e-01 4.493121e-01 
-1.784082e-01 -2.271879e-01 
-1.778068e-01 2.282877e-01 
-1.774522e-01 3.551324e-01 
-1.769522e-01 -3.630333e-01 
-1.769304e-01 -4.469493e-01 
-1.752132e-01 2.964207e-01 
-1.737706e-01 4.688323e-01 
-1.736455e-01 -4.688787e-01 
-1.712312e-01 3.921715e-03 
-1.712307e-01 -3.953892e-01 
-1.711180e-01 4.296603e-01 
-1.678538e-01 -4.250486e-01 
-1.676612e-01 -3.020060e-01 
-1.667981e-01 3.860213e-01 
-1.596737e-01 -9.442244e-02 
-1.588416e-01 6.151511e-02 
-1.586743e-01 4.538852e-01 
-1.585808e-01 -1.831253e-01 
-1.575148e-01 -4.518115e-01 
-1.570835e-01 3.309575e-01 
-1.560453e-01 2.635962e-01 
-1.559136e-01 4.108029e-01 
-1.549753e-01 -3.371277e-01 
-1.542820e-01 1.947904e-01 
-1.535047e-01 -4.758533e-01 
-1.533969e-01 -2.685732e-01 
-1.530458e-01 4.760010e-01 
-1.498920e-01 -3.733541e-01 
-1.469157e-01 4.360400e-01 
-1.467493e-01 -4.053928e-01 
-1.461293e-01 3.636331e-01 
-1.442920e-01 1.117025e-01 
-1.431668e-01 -4.328040e-01 
-1.416501e-01 -4.301548e-02 
-1.391983e-01 -2.276637e-01 
-1.391348e-01 3.028609e-01 
-1.378673e-01 4.612663e-01 
-1.378526e-01 -4.595980e-01 
-1.357748e-01 3.918671e-01 
-1.325138e-01 1.604546e-01 
-1.324145e-01 -4.821477e-01 
-1.315161e-01 -1.368105e-01 
-1.315028e-01 4.823972e-01 
-1.294795e-01 -3.087534e-01 
-1.289605e-01 2.291689e-01 
-1.284630e-01 4.190144e-01 
-1.259176e-01 -3.504720e-01 
-1.237336e-01 4.445467e-01 
-1.227580e-01 -3.855682e-01 
-1.221983e-01 3.413901e-01 
-1.209152e-01 -4.153510e-01 
-1.201844e-01 -4.428959e-01 
-1.194872e-01 2.182685e-02 
-1.166161e-01 -4.665394e-01 
-1.159866e-01 2.720610e-01 
-1.158506e-01 4.688327e-01 
-1.157100e-01 -2.699980e-01 
-1.123402e-01 3.730003e-01 
-1.115149e-01 -1.852207e-01 
-1.105797e-01 -4.876188e-01 
-1.088850e-01 4.880001e-01 
-1.062804e-01 4.031945e-01 
-1.047294e-01 3.141911e-01 
-1.020755e-01 4.302554e-01 
-1.009783e-01 4.533510e-01 
-1.005807e-01 7.699944e-02 
-9.846507e-02 -3.318632e-01 
-9.825028e-02 -8.780566e-02 
-9.788890e-02 -4.298529e-01 
-9.738716e-02 -2.307886e-01 
-9.575866e-02 -3.686491e-01 
-9.553894e-02 -4.537741e-01 
-9.535036e-02 1.924867e-01 
-9.501772e-02 -4.745951e-01 
-9.457781e-02 -4.000906e-01 
-9.181158e-02 -2.510258e-02 
-9.111231e-02 1.349705e-01 
-9.093056e-02 4.726402e-01 
-8.750907e-02 4.922826e-01 
-8.711148e-02 -4.923531e-01 
-8.679663e-02 -2.946778e-01 
-8.583748e-02 3.542761e-01 
-8.464148e-02 2.397816e-01 
-8.193675e-02 3.888345e-01 
-7.939162e-02 4.204661e-01 
-7.843819e-02 4.494828e-01 
-7.822264e-02 -1.453799e-01 
-7.720745e-02 2.834033e-01 
-7.431719e-02 -4.211042e-01 
-7.374691e-02 -4.718737e-01 
-7.263479e-02 -4.474766e-01 
-7.237510e-02 3.233008e-01 
-6.883188e-02 4.761906e-01 
-6.760328e-02 -2.576485e-01 
-6.701292e-02 4.954889e-01 
-6.641233e-02 -3.539362e-01 
-6.640888e-02 -4.955702e-01 
-6.509790e-02 -3.875570e-01 
-6.193671e-02 -2.012061e-01 
-6.122832e-02 -3.200472e-01 
-5.612385e-02 4.605930e-01 
-5.549014e-02 4.362879e-01 
-5.468657e-02 4.077557e-01 
-5.450433e-02 3.762361e-01 
-5.399545e-02 3.369649e-02 
-5.358307e-02 -4.821443e-01 
-5.157813e-02 -4.132340e-01 
-4.968755e-02 -4.620274e-01 
-4.800750e-02 4.976899e-01 
-4.762524e-02 -4.395114e-01 
-4.690273e-02 1.628498e-01 
-4.671294e-02 3.450112e-01 
-4.583338e-02 1.006366e-01 
-4.572651e-02 2.137207e-01 
-4.219323e-02 4.796627e-01 
-4.189934e-02 -4.982414e-01 
-4.136760e-02 -3.969853e-02 
-4.131000e-02 2.606443e-01 
-3.977113e-02 3.037616e-01 
-3.806575e-02 -9.994073e-02 
-3.746650e-02 -2.899933e-01 
-3.554079e-02 -3.676861e-01 
-3.349277e-02 4.562711e-01 
-3.085011e-02 -4.793515e-01 
-3.072936e-02 4.287463e-01 
-2.980340e-02 -3.989969e-01 
-2.901027e-02 -3.346689e-01 
-2.805257e-02 -2.443391e-01 
-2.730831e-02 4.992537e-01 
-2.714226e-02 3.985894e-01 
-2.497354e-02 -1.547590e-01 
-2.442192e-02 -4.272031e-01 
-2.400446e-02 -4.568885e-01 
-2.006117e-02 3.672432e-01 
-1.946546e-02 -4.996210e-01 
-1.802422e-02 4.766137e-01 
-1.392739e-02 -2.014995e-01 
-1.224733e-02 3.299771e-01 
-1.097299e-02 4.493651e-01 
-9.068112e-03 -4.800758e-01 
-7.030641e-03 4.999506e-01 
-5.992648e-03 -3.827212e-01 
-4.308578e-03 4.203931e-01 
-4.289193e-03 -4.400326e-01 
-2.989926e-03 2.868543e-01 
-1.055673e-03 -3.109798e-01 
-7.327564e-04 2.417693e-01 
6.504501e-04 1.918012e-01 
2.797947e-03 -4.118670e-01 
3.052180e-03 4.841244e-01 
3.173614e-03 -4.999899e-01 
3.251060e-03 -3.531178e-01 
3.797987e-03 -4.614762e-01 
4.056840e-03 3.901736e-01 
4.256503e-03 1.360262e-01 
6.609764e-03 -2.714739e-01 
6.854794e-03 7.422536e-02 
7.295150e-03 4.643803e-01 
9.511282e-03 9.492111e-03 
1.321939e-02 3.558476e-01 
1.487534e-02 -4.816092e-01 
1.493942e-02 4.399829e-01 
1.680526e-02 4.997175e-01 
1.846515e-02 -6.232784e-02 
2.017785e-02 -4.366934e-01 
2.344756e-02 -2.274531e-01 
2.353938e-02 3.165710e-01 
2.376304e-02 -1.225525e-01 
2.394513e-02 -3.850867e-01 
2.530067e-02 4.126858e-01 
2.655563e-02 4.808877e-01 
2.665784e-02 -4.992889e-01 
2.900558e-02 -4.599514e-01 
3.050450e-02 -3.313194e-01 
3.177071e-02 -1.752073e-01 
3.301733e-02 4.593715e-01 
3.477882e-02 -4.133351e-01 
3.577159e-02 3.828722e-01 
3.751587e-02 2.720256e-01 
3.791319e-02 -4.802401e-01 
3.966559e-02 4.984242e-01 
4.195930e-02 4.347785e-01 
4.208686e-02 -2.968915e-01 
4.238515e-02 2.227940e-01 
4.395512e-02 -3.608809e-01 
4.692039e-02 3.501059e-01 
4.718536e-02 -4.391217e-01 
4.962654e-02 1.691250e-01 
4.980295e-02 -4.975135e-01 
4.998181e-02 4.783722e-01 
5.303561e-02 -2.555912e-01 
5.510586e-02 -4.615541e-01 
5.594244e-02 4.070993e-01 
5.673753e-02 -3.920862e-01 
5.829715e-02 4.563139e-01 
5.888584e-02 3.146258e-01 
6.024613e-02 1.108401e-01 
6.120532e-02 -4.808455e-01 
6.208792e-02 4.961301e-01 
6.588831e-02 -4.202777e-01 
6.748457e-02 5.092076e-02 
6.796321e-02 4.311574e-01 
6.829864e-02 -1.881808e-02 
6.877674e-02 3.781188e-01 
6.886778e-02 -3.303338e-01 
7.141323e-02 -2.057275e-01 
7.400264e-02 4.759797e-01 
7.406829e-02 -4.944835e-01 
7.425585e-02 -8.836079e-02 
7.468320e-02 -4.466267e-01 
7.719690e-02 2.830572e-01 
7.784461e-02 -3.666259e-01 
8.016415e-02 -1.493964e-01 
8.095043e-02 -4.708052e-01 
8.138050e-02 2.452410e-01 
8.215891e-02 -2.879630e-01 
8.221128e-02 3.453237e-01 
8.294026e-02 4.550813e-01 
8.397078e-02 4.928985e-01 
8.718280e-02 4.040617e-01 
8.720309e-02 -3.984904e-01 
8.938340e-02 1.999203e-01 
9.143171e-02 4.312279e-01 
9.381890e-02 -4.265676e-01 
9.474161e-02 -4.909420e-01 
9.500522e-02 -2.465461e-01 
9.940235e-02 -4.514232e-01 
9.964726e-02 4.719343e-01 
1.004606e-01 3.135193e-01 
1.009629e-01 1.469342e-01 
1.010274e-01 3.729304e-01 
1.030102e-01 -3.159923e-01 
1.034176e-01 -4.724455e-01 
1.034958e-01 4.891714e-01 
1.050367e-01 -3.488765e-01 
1.082764e-01 4.503345e-01 
1.110118e-01 -3.801730e-01 
1.135901e-01 4.231922e-01 
1.163059e-01 -4.096808e-01 
1.171645e-01 2.327067e-02 
1.172069e-01 3.968043e-01 
1.177113e-01 -4.859465e-01 
1.177460e-01 -1.976752e-01 
1.181786e-01 2.765724e-01 
1.188039e-01 -4.344963e-02 
1.191819e-01 8.939511e-02 
1.192836e-01 3.423223e-01 
1.201952e-01 -4.365636e-01 
1.227560e-01 4.846968e-01 
1.234357e-01 -4.613767e-01 
1.250583e-01 4.656880e-01 
1.250827e-01 -1.034075e-01 
1.256600e-01 2.368547e-01 
1.259851e-01 -2.841783e-01 
1.297739e-01 -1.520112e-01 
1.318150e-01 4.423279e-01 
1.322903e-01 -2.425268e-01 
1.343096e-01 1.908016e-01 
1.347015e-01 3.689638e-01 
1.359076e-01 -3.247933e-01 
1.375271e-01 -4.807144e-01 
1.375301e-01 -3.590384e-01 
1.387602e-01 3.101198e-01 
1.391011e-01 4.169799e-01 
1.401801e-01 -3.901884e-01 
1.427191e-01 -4.176891e-01 
1.438957e-01 -4.413849e-01 
1.443033e-01 4.787239e-01 
1.449995e-01 -4.614282e-01 
1.472096e-01 3.913652e-01 
1.485196e-01 4.579544e-01 
1.490256e-01 1.414159e-01 
1.548088e-01 3.445040e-01 
1.563502e-01 4.336984e-01 
1.578862e-01 2.735383e-01 
1.594135e-01 -4.739065e-01 
1.629892e-01 -3.035574e-01 
1.631925e-01 -9.598738e-03 
1.634899e-01 -2.189934e-01 
1.639494e-01 5.009506e-02 
1.644399e-01 -2.659891e-01 
1.659197e-01 2.311556e-01 
1.659781e-01 -3.734487e-01 
1.660069e-01 4.066845e-01 
1.660124e-01 4.716353e-01 
1.665564e-01 -3.406155e-01 
1.667042e-01 -4.512494e-01 
1.668031e-01 -4.027717e-01 
1.672633e-01 -6.882802e-02 
1.674937e-01 -4.285765e-01 
1.677930e-01 -1.752835e-01 
1.701894e-01 3.733588e-01 
1.708739e-01 4.502984e-01 
1.718648e-01 3.149369e-01 
1.756604e-01 -1.234249e-01 
1.759528e-01 1.001157e-01 
1.768698e-01 1.869936e-01 
1.789760e-01 -4.668700e-01 
1.797395e-01 4.250888e-01 
1.875001e-01 4.635124e-01 
1.877211e-01 3.460744e-01 
1.883868e-01 3.959558e-01 
1.888548e-01 -4.418371e-01 
1.905026e-01 -4.166185e-01 
1.910701e-01 -3.889924e-01 
1.920389e-01 4.419643e-01 
1.925783e-01 -3.581248e-01 
1.926280e-01 2.911727e-01 
1.944171e-01 -3.225909e-01 
1.963728e-01 -4.598236e-01 
1.968527e-01 -2.872542e-01 
1.975054e-01 -2.466168e-01 
1.976147e-01 2.593234e-01 
1.977133e-01 1.456095e-01 
2.020119e-01 4.164495e-01 
2.020147e-01 3.725878e-01 
2.033362e-01 -2.055464e-01 
2.068940e-01 2.224350e-01 
2.077329e-01 1.814106e-02 
2.084135e-01 3.205817e-01 
2.084520e-01 -3.404674e-02 
2.084915e-01 4.544571e-01 
2.098361e-01 -4.310386e-01 
2.106482e-01 -1.620532e-01 
2.128275e-01 4.343744e-01 
2.128698e-01 -8.343927e-02 
2.132798e-01 -4.039695e-01 
2.134960e-01 -4.521277e-01 
2.148336e-01 6.705035e-02 
2.155049e-01 -3.757028e-01 
2.165603e-01 3.962201e-01 
2.176656e-01 -3.426420e-01 
2.199808e-01 1.849944e-01 
2.200623e-01 3.492677e-01 
2.234886e-01 -1.250862e-01 
2.257037e-01 -3.068433e-01 
2.273116e-01 2.904173e-01 
2.275975e-01 -2.689766e-01 
2.276482e-01 1.112367e-01 
2.282178e-01 4.191112e-01 
2.291907e-01 -4.205691e-01 
2.296987e-01 4.441154e-01 
2.315145e-01 -4.431716e-01 
2.319313e-01 3.729510e-01 
2.338396e-01 2.548026e-01 
2.343893e-01 -2.297632e-01 
2.368653e-01 -3.929084e-01 
2.387942e-01 -3.643677e-01 
2.392081e-01 3.259353e-01 
2.411491e-01 3.958370e-01 
2.412332e-01 -1.880282e-01 
2.439276e-01 -3.354137e-01 
2.445027e-01 1.503230e-01 
2.463272e-01 2.201466e-01 
2.477688e-01 4.342932e-01 
2.478324e-01 -4.123996e-01 
2.493857e-01 4.151567e-01 
2.495397e-01 -4.332781e-01 
2.495819e-01 -9.204306e-03 
2.514382e-01 3.515972e-01 
2.519472e-01 -5.648348e-02 
2.526382e-01 3.806786e-02 
2.561714e-01 -2.828878e-01 
2.562567e-01 -3.116076e-01 
2.563866e-01 3.059287e-01 
2.587679e-01 3.775460e-01 
2.587871e-01 -1.008146e-01 
2.590662e-01 -3.789292e-01 
2.591861e-01 -1.466000e-01 
2.595703e-01 1.871024e-01 
2.604645e-01 2.750249e-01 
2.612673e-01 8.350747e-02 
2.616863e-01 -2.510151e-01 
2.641859e-01 -4.003792e-01 
2.645990e-01 -3.518918e-01 
2.661370e-01 4.001658e-01 
2.680689e-01 -4.220652e-01 
2.681774e-01 4.219963e-01 
2.704220e-01 -2.149793e-01 
2.715267e-01 2.422505e-01 
2.726481e-01 3.316460e-01 
2.748221e-01 1.253202e-01 
2.770127e-01 -3.293679e-01 
2.771757e-01 3.608822e-01 
2.774355e-01 -1.801410e-01 
2.814688e-01 -3.667880e-01 
2.829557e-01 3.865799e-01 
2.830663e-01 -3.894468e-01 
2.832810e-01 3.001663e-01 
2.833595e-01 -2.982173e-01 
2.857166e-01 -4.103243e-01 
2.865356e-01 4.097528e-01 
2.865395e-01 1.642976e-01 
2.869510e-01 2.072494e-01 
2.883990e-01 1.102966e-02 
2.886890e-01 -3.329036e-02 
2.895663e-01 -2.681050e-01 
2.919164e-01 2.698626e-01 
2.922511e-01 -7.605915e-02 
2.927297e-01 5.529403e-02 
2.938925e-01 -1.191721e-01 
2.939521e-01 -2.358414e-01 
2.954256e-01 -3.473149e-01 
2.963942e-01 3.468921e-01 
2.995666e-01 3.736284e-01 
2.999165e-01 3.202867e-01 
3.013820e-01 -1.561354e-01 
3.013883e-01 -3.180894e-01 
3.014123e-01 9.833976e-02 
3.014329e-01 -3.749913e-01 
3.036111e-01 2.388186e-01 
3.036837e-01 -3.972105e-01 
3.038617e-01 3.970744e-01 
3.064613e-01 -1.971558e-01 
3.107540e-01 -2.886556e-01 
3.113179e-01 2.925471e-01 
3.140578e-01 1.399126e-01 
3.158251e-01 -3.603439e-01 
3.162974e-01 3.608182e-01 
3.163705e-01 1.800767e-01 
3.179990e-01 -3.353457e-01 
3.192388e-01 3.353664e-01 
3.196292e-01 2.104975e-01 
3.202064e-01 -2.256274e-01 
3.202916e-01 -2.571462e-01 
3.205140e-01 3.837587e-01 
3.209074e-01 -3.834298e-01 
3.217432e-01 2.631411e-01 
3.224637e-01 -1.323609e-02 
3.234903e-01 2.810777e-02 
3.250038e-01 -5.435612e-02 
3.261009e-01 -9.424128e-02 
3.267730e-01 -3.108461e-01 
3.278880e-01 6.888204e-02 
3.279320e-01 3.125209e-01 
3.293617e-01 -1.323496e-01 
3.322020e-01 -1.696240e-01 
3.347195e-01 -3.494955e-01 
3.350754e-01 3.490700e-01 
3.351109e-01 1.074188e-01 
3.353668e-01 -2.821278e-01 
3.360179e-01 2.352899e-01 
3.367379e-01 3.696046e-01 
3.367688e-01 -3.695764e-01 
3.375695e-01 2.852449e-01 
3.404729e-01 -2.001831e-01 
3.434211e-01 -3.302708e-01 
3.439563e-01 1.692647e-01 
3.455364e-01 3.300555e-01 
3.456944e-01 -2.315363e-01 
3.477182e-01 1.400148e-01 
3.483445e-01 2.038095e-01 
3.487058e-01 -3.034890e-01 
3.491292e-01 -2.581713e-01 
3.504373e-01 2.603101e-01 
3.515046e-01 3.041276e-01 
3.535529e-01 3.535529e-01 
3.535536e-01 -3.535529e-01 
3.535593e-01 5.235262e-03 
3.540398e-01 -3.358417e-02 
3.549803e-01 4.403882e-02 
3.564481e-01 -1.108853e-01 
3.570778e-01 -7.286793e-02 
3.587816e-01 -1.472480e-01 
3.598504e-01 8.166509e-02 
3.615590e-01 -3.208483e-01 
3.615903e-01 -2.818842e-01 
3.628724e-01 2.350333e-01 
3.643018e-01 -1.785477e-01 
3.643424e-01 2.815975e-01 
3.648421e-01 3.194427e-01 
3.671373e-01 -3.394263e-01 
3.681613e-01 1.161615e-01 
3.681869e-01 3.382875e-01 
3.685211e-01 -2.082743e-01 
3.700464e-01 1.822518e-01 
3.702805e-01 -2.369781e-01 
3.734755e-01 -3.024937e-01 
3.756392e-01 -2.619841e-01 
3.758315e-01 2.140581e-01 
3.764772e-01 1.512185e-01 
3.769045e-01 2.997619e-01 
3.771689e-01 2.596348e-01 
3.819348e-01 2.363250e-02 
3.821225e-01 -3.224630e-01 
3.827462e-01 -1.107887e-02 
3.833821e-01 -4.355612e-02 
3.838370e-01 5.843471e-02 
3.840279e-01 -1.006381e-01 
3.842982e-01 3.198670e-01 
3.843643e-01 -1.310405e-01 
3.860240e-01 -2.853888e-01 
3.877660e-01 -7.275532e-02 
3.884103e-01 -1.609839e-01 
3.893974e-01 9.211682e-02 
3.898625e-01 2.806097e-01 
3.901468e-01 2.392559e-01 
3.916276e-01 -2.198708e-01 
3.921409e-01 -1.894525e-01 
3.934437e-01 1.978052e-01 
3.939687e-01 -2.438017e-01 
3.948637e-01 1.244869e-01 
3.955765e-01 -3.058092e-01 
3.977652e-01 1.734566e-01 
3.981990e-01 -2.683968e-01 
3.984497e-01 3.020560e-01 
4.025561e-01 2.612753e-01 
4.042835e-01 2.207642e-01 
4.069006e-01 1.502560e-01 
4.081883e-01 -2.887599e-01 
4.084906e-01 3.858757e-02 
4.085370e-01 6.687061e-03 
4.097691e-01 -2.087101e-01 
4.104054e-01 7.006143e-02 
4.111745e-01 -1.160401e-01 
4.112168e-01 -2.533110e-02 
4.113100e-01 -1.426390e-01 
4.113680e-01 2.842118e-01 
4.120077e-01 -5.636233e-02 
4.130040e-01 -8.861221e-02 
4.132060e-01 -2.527204e-01 
4.149007e-01 -1.690688e-01 
4.155034e-01 1.010513e-01 
4.157972e-01 2.417474e-01 
4.167540e-01 1.979357e-01 
4.169504e-01 -2.322260e-01 
4.200638e-01 -2.711943e-01 
4.204780e-01 -1.898912e-01 
4.219282e-01 1.276131e-01 
4.230106e-01 2.665746e-01 
4.231852e-01 1.755023e-01 
4.279336e-01 2.198583e-01 
4.307060e-01 -2.156404e-01 
4.321968e-01 -2.514079e-01 
4.322432e-01 1.536453e-01 
4.332862e-01 2.495257e-01 
4.333692e-01 5.268615e-02 
4.335754e-01 2.544579e-02 
4.341168e-01 -7.999670e-04 
4.342006e-01 -7.603403e-02 
4.343020e-01 8.067836e-02 
4.350602e-01 -1.529896e-01 
4.355805e-01 -4.825922e-02 
4.364562e-01 -1.291510e-01 
4.369736e-01 -1.051437e-01 
4.379177e-01 -2.460198e-02 
4.387499e-01 1.979112e-01 
4.408982e-01 -1.970024e-01 
4.411569e-01 1.078778e-01 
4.418784e-01 -2.339733e-01 
4.424749e-01 -1.764375e-01 
4.425072e-01 2.327818e-01 
4.449282e-01 1.325327e-01 
4.463398e-01 1.768815e-01 
4.516545e-01 -2.144952e-01 
4.517961e-01 2.141968e-01 
4.543567e-01 -9.048511e-02 
4.545060e-01 1.567794e-01 
4.556950e-01 6.350517e-02 
4.558340e-01 -6.344633e-02 
4.559739e-01 -1.600408e-01 
4.560721e-01 8.889943e-02 
4.570769e-01 3.844970e-02 
4.579779e-01 1.374311e-02 
4.587626e-01 -1.390486e-01 
4.595018e-01 -1.084103e-02 
4.601940e-01 -3.724238e-02 
4.607691e-01 1.941438e-01 
4.607967e-01 -1.940784e-01 
4.608364e-01 -1.181643e-01 
4.640819e-01 1.150126e-01 
4.646906e-01 1.369446e-01 
4.680527e-01 -1.758598e-01 
4.687137e-01 1.740904e-01 
4.725804e-01 -1.019297e-01 
4.744587e-01 -7.934970e-02 
4.744907e-01 9.644492e-02 
4.755224e-01 -1.545265e-01 
4.756716e-01 7.341028e-02 
4.758474e-01 1.535229e-01 
4.770370e-01 -5.788255e-02 
4.776800e-01 5.071009e-02 
4.794917e-01 2.766366e-02 
4.798814e-01 -1.711496e-02 
4.801980e-01 5.032696e-03 
4.809072e-01 -3.751644e-02 
4.815463e-01 -1.345851e-01 
4.825205e-01 1.310497e-01 
4.864222e-01 -1.157302e-01 
4.874300e-01 1.114091e-01 
4.911724e-01 -9.353967e-02 
4.920301e-01 8.891757e-02 
4.947458e-01 -7.229498e-02 
4.953449e-01 6.806932e-02 
4.973598e-01 -5.131465e-02 
4.976485e-01 4.843485e-02 
4.990931e-01 3.010057e-02 
4.991271e-01 -2.953274e-02 
4.998719e-01 1.131550e-02 
4.999218e-01 -8.844393e-03 
