1.000000e+00 2.000000e+00 
4.000000e+00 6.000000e+00 
8.000000e+00 1.000000e+01 
1.400000e+01 2.000000e+01 
2.600000e+01 3.200000e+01 
4.000000e+01 4.700000e+01 
5.800000e+01 6.700000e+01 
7.900000e+01 9.000000e+01 
1.040000e+02 1.160000e+02 
1.280000e+02 1.420000e+02 
1.580000e+02 1.760000e+02 
1.890000e+02 2.040000e+02 
2.200000e+02 2.400000e+02 
2.590000e+02 2.730000e+02 
2.920000e+02 3.100000e+02 
3.270000e+02 3.430000e+02 
3.620000e+02 3.820000e+02 
3.990000e+02 4.180000e+02 
4.370000e+02 4.530000e+02 
4.740000e+02 4.910000e+02 
5.100000e+02 5.270000e+02 
5.440000e+02 5.630000e+02 
5.780000e+02 6.000000e+02 
6.120000e+02 6.300000e+02 
6.450000e+02 6.600000e+02 
6.790000e+02 6.930000e+02 
7.140000e+02 7.290000e+02 
7.460000e+02 7.600000e+02 
7.740000e+02 7.870000e+02 
8.050000e+02 8.120000e+02 
8.290000e+02 8.360000e+02 
8.520000e+02 8.570000e+02 
8.710000e+02 8.750000e+02 
8.800000e+02 8.890000e+02 
8.910000e+02 8.930000e+02 
8.950000e+02 8.970000e+02 
9.000000e+02 9.020000e+02 
9.010000e+02 8.990000e+02 
8.980000e+02 8.960000e+02 
8.940000e+02 8.920000e+02 
8.900000e+02 8.820000e+02 
8.760000e+02 8.700000e+02 
8.580000e+02 8.540000e+02 
8.380000e+02 8.320000e+02 
8.200000e+02 8.080000e+02 
7.920000e+02 7.760000e+02 
7.590000e+02 7.450000e+02 
7.280000e+02 7.150000e+02 
6.940000e+02 6.800000e+02 
6.570000e+02 6.440000e+02 
6.240000e+02 6.020000e+02 
5.870000e+02 5.700000e+02 
5.510000e+02 5.360000e+02 
5.210000e+02 5.010000e+02 
4.830000e+02 4.650000e+02 
4.430000e+02 4.310000e+02 
4.110000e+02 3.970000e+02 
3.810000e+02 3.630000e+02 
3.450000e+02 3.290000e+02 
3.090000e+02 2.880000e+02 
2.740000e+02 2.540000e+02 
2.360000e+02 2.190000e+02 
2.020000e+02 1.850000e+02 
1.710000e+02 1.550000e+02 
1.430000e+02 1.260000e+02 
1.130000e+02 9.700000e+01 
8.600000e+01 7.200000e+01 
6.000000e+01 5.100000e+01 
4.100000e+01 3.300000e+01 
2.500000e+01 2.100000e+01 
1.500000e+01 1.100000e+01 
9.000000e+00 7.000000e+00 
5.000000e+00 3.000000e+00 
1.000000e+00 