19 12 31 
4 12 2 
2 19 1 
12 19 2 
902 886 900 
595 602 587 
608 602 595 
344 389 370 
290 288 274 
311 282 269 
311 336 355 
282 311 318 
318 311 355 
13 5 3 
18 5 13 
545 515 508 
461 419 466 
470 433 477 
468 508 477 
477 515 470 
477 508 515 
294 311 269 
336 311 294 
355 336 378 
370 419 378 
378 336 370 
276 262 300 
667 639 673 
664 631 621 
560 532 574 
524 532 560 
663 628 669 
282 318 289 
461 503 459 
459 503 499 
368 318 355 
214 231 194 
233 262 276 
276 235 233 
17 12 4 
31 12 17 
6 17 4 
22 17 6 
215 249 237 
7 5 18 
7 23 9 
18 23 7 
39 23 18 
442 437 453 
512 529 526 
704 675 699 
445 464 441 
441 464 460 
391 412 409 
409 412 434 
401 433 389 
471 496 487 
583 559 556 
665 699 675 
557 515 545 
493 508 468 
545 559 581 
581 614 619 
581 559 583 
583 614 581 
461 466 505 
505 503 461 
542 503 505 
422 466 419 
422 419 370 
422 433 470 
470 466 422 
370 389 422 
389 433 422 
336 294 317 
370 336 317 
317 344 370 
317 294 276 
276 300 317 
317 300 344 
143 126 149 
290 274 270 
224 223 201 
608 617 627 
601 608 595 
601 617 608 
598 616 574 
664 621 661 
661 697 664 
673 639 647 
499 532 490 
490 532 524 
555 560 584 
555 577 546 
584 577 555 
524 560 555 
599 616 635 
584 560 599 
574 616 599 
599 560 574 
635 620 599 
599 620 584 
663 669 701 
637 628 597 
637 669 628 
334 289 318 
318 368 334 
301 334 342 
289 334 301 
342 334 379 
379 334 368 
461 459 407 
407 368 355 
355 378 407 
407 419 461 
407 378 419 
122 144 157 
16 13 3 
16 3 1 
1 19 16 
235 214 199 
199 233 235 
179 214 194 
194 157 179 
179 157 144 
179 144 159 
159 199 179 
179 199 214 
231 214 255 
269 231 255 
255 294 269 
255 214 235 
255 235 276 
276 294 255 
111 144 122 
38 56 31 
31 17 38 
38 62 56 
38 17 22 
132 107 102 
138 107 132 
249 215 227 
269 282 245 
245 231 269 
229 216 251 
282 289 251 
251 245 282 
216 245 251 
18 13 30 
30 39 18 
13 16 30 
463 442 453 
482 475 463 
435 434 412 
437 442 426 
426 418 437 
408 418 426 
442 435 426 
496 471 479 
502 512 526 
526 523 502 
502 523 496 
496 479 502 
176 181 158 
198 176 189 
181 176 198 
181 198 203 
203 198 217 
230 243 213 
213 203 230 
230 203 217 
230 252 243 
204 198 189 
834 854 826 
809 798 785 
809 826 832 
892 890 873 
664 697 702 
855 860 837 
734 701 703 
703 701 669 
716 709 687 
704 726 716 
648 653 619 
619 614 648 
888 897 900 
888 900 886 
886 869 888 
895 878 893 
595 587 573 
504 497 484 
520 497 504 
785 798 772 
686 662 683 
683 706 686 
707 715 689 
707 728 715 
689 686 707 
707 686 706 
452 465 443 
400 391 409 
412 391 393 
467 479 451 
451 471 444 
451 479 471 
409 434 428 
444 424 428 
428 451 444 
434 451 428 
428 400 409 
424 400 428 
247 241 271 
433 401 439 
468 477 439 
439 477 433 
444 471 454 
476 448 454 
487 476 454 
454 471 487 
454 424 444 
583 556 579 
534 556 518 
699 665 692 
518 493 485 
485 448 476 
508 493 528 
545 508 528 
528 559 545 
528 493 518 
518 556 528 
528 556 559 
593 557 545 
545 581 593 
593 581 619 
597 557 593 
727 726 704 
704 699 727 
580 542 547 
542 505 547 
290 270 279 
254 270 274 
239 264 246 
97 119 113 
449 481 447 
440 421 447 
237 249 268 
342 379 375 
375 379 413 
413 450 416 
416 375 413 
385 375 416 
416 450 449 
689 715 694 
694 678 689 
680 678 694 
602 608 624 
608 627 624 
624 627 644 
644 627 642 
642 627 617 
617 601 604 
604 601 586 
633 642 617 
652 642 633 
617 604 633 
633 604 618 
646 652 633 
633 618 646 
594 604 586 
618 604 594 
636 662 646 
646 618 636 
499 503 548 
548 532 499 
548 503 542 
574 532 548 
548 598 574 
623 628 663 
663 661 623 
623 621 580 
623 661 621 
615 647 639 
620 647 615 
615 577 584 
584 620 615 
457 459 499 
499 490 457 
457 450 413 
457 490 450 
449 450 486 
450 490 486 
486 490 524 
486 481 449 
304 268 285 
285 268 249 
415 407 459 
368 407 415 
415 379 368 
459 457 415 
413 379 415 
415 457 413 
168 157 194 
69 65 44 
44 19 31 
44 56 69 
31 56 44 
94 111 122 
92 62 70 
159 144 124 
144 111 124 
111 92 124 
124 138 159 
138 132 165 
22 6 8 
8 24 22 
62 38 42 
70 62 42 
42 38 22 
22 24 42 
9 23 27 
249 227 261 
261 285 249 
301 285 261 
261 227 229 
289 301 261 
229 251 261 
261 251 289 
229 227 196 
208 215 237 
237 224 208 
129 120 151 
65 84 53 
53 84 63 
63 39 53 
39 30 53 
494 475 482 
474 491 482 
482 463 474 
474 463 453 
442 463 455 
455 463 475 
455 475 467 
455 435 442 
410 435 412 
412 393 410 
408 426 410 
410 426 435 
399 418 408 
526 529 550 
281 252 266 
266 252 242 
242 230 217 
252 230 242 
217 198 218 
198 204 218 
218 242 217 
234 242 218 
218 204 220 
220 234 218 
259 272 257 
273 272 259 
272 273 291 
291 273 292 
901 899 885 
885 899 898 
866 840 841 
858 854 834 
832 826 838 
838 826 854 
820 808 798 
820 809 832 
798 809 820 
674 631 664 
664 702 674 
732 702 697 
733 701 734 
789 818 788 
786 761 788 
834 826 810 
839 816 813 
813 840 839 
790 786 813 
813 816 790 
879 892 873 
873 864 879 
825 816 843 
816 839 843 
861 864 843 
843 839 861 
837 860 856 
856 833 837 
825 843 851 
851 843 864 
851 864 873 
873 855 851 
831 855 837 
831 804 825 
825 851 831 
831 851 855 
722 750 754 
695 719 722 
722 719 750 
754 750 778 
778 806 802 
778 750 783 
783 806 778 
835 857 850 
738 703 709 
738 764 734 
734 703 738 
821 822 842 
821 818 789 
734 764 765 
765 733 734 
789 765 795 
795 821 789 
822 821 795 
669 637 671 
671 703 669 
671 653 687 
687 709 671 
709 703 671 
687 653 681 
653 648 681 
704 716 681 
681 716 687 
681 675 704 
681 648 675 
859 862 842 
878 862 859 
883 862 878 
897 888 883 
883 888 869 
869 862 883 
883 895 897 
878 895 883 
553 573 570 
570 551 553 
570 573 587 
553 551 530 
495 504 484 
522 504 495 
531 519 498 
498 519 488 
525 504 522 
522 540 525 
520 504 525 
558 573 553 
572 594 586 
543 522 533 
543 540 522 
483 492 501 
473 452 460 
465 452 473 
473 483 465 
492 483 473 
745 741 759 
798 808 784 
784 772 798 
784 808 792 
656 647 620 
656 620 635 
635 672 656 
683 667 691 
691 667 673 
673 700 691 
770 744 754 
757 772 747 
744 770 757 
785 772 757 
757 770 785 
668 678 652 
662 686 668 
689 678 668 
668 686 689 
668 652 646 
646 662 668 
745 728 721 
728 707 721 
721 741 745 
721 707 706 
721 706 724 
724 741 721 
417 431 411 
377 400 373 
391 400 377 
392 399 408 
382 399 392 
408 410 392 
392 410 393 
247 271 284 
284 262 247 
284 300 262 
373 400 398 
398 400 424 
430 439 401 
468 439 430 
613 614 583 
583 579 613 
562 579 556 
556 534 562 
588 579 562 
562 564 588 
507 476 487 
507 485 476 
507 534 518 
518 485 507 
626 637 597 
597 593 626 
653 671 626 
626 671 637 
619 653 626 
626 593 619 
740 720 746 
699 692 717 
717 727 699 
597 628 591 
628 623 591 
580 547 591 
591 623 580 
515 557 554 
554 591 547 
554 557 597 
597 591 554 
270 254 256 
260 279 256 
256 279 270 
302 288 290 
280 279 260 
260 265 280 
390 394 365 
421 394 390 
278 265 246 
246 264 278 
223 224 248 
248 239 223 
264 239 248 
323 338 308 
352 338 365 
244 265 260 
244 228 246 
246 265 244 
126 113 137 
137 113 119 
137 149 126 
137 160 149 
360 352 384 
365 394 384 
384 352 365 
414 436 406 
406 384 414 
414 384 394 
440 436 414 
414 421 440 
414 394 421 
347 375 385 
323 304 347 
644 642 657 
533 519 549 
549 519 531 
662 636 651 
651 667 683 
683 662 651 
636 622 651 
639 667 651 
651 622 639 
582 548 542 
598 548 582 
582 542 580 
580 621 582 
582 621 631 
631 598 582 
524 555 517 
517 486 524 
517 555 546 
481 486 517 
146 120 112 
168 180 146 
151 120 146 
146 180 151 
206 168 194 
194 231 206 
231 245 206 
206 180 168 
206 245 216 
216 180 206 
37 30 16 
37 16 19 
19 44 37 
37 44 65 
65 53 37 
37 53 30 
111 94 83 
62 92 83 
83 92 111 
56 62 83 
69 56 83 
83 94 69 
112 84 96 
96 94 122 
96 84 65 
96 65 69 
69 94 96 
105 92 70 
105 124 92 
105 107 138 
138 124 105 
102 107 81 
247 262 226 
262 233 226 
233 199 200 
200 226 233 
159 138 170 
138 165 170 
170 199 159 
170 200 199 
165 200 170 
9 27 11 
23 39 45 
45 27 23 
45 39 63 
93 86 72 
190 216 229 
229 196 190 
151 180 190 
190 180 216 
193 227 215 
193 196 227 
215 208 182 
182 193 215 
162 193 182 
163 190 196 
163 129 151 
151 190 163 
512 494 516 
516 510 527 
529 512 516 
512 502 489 
489 494 512 
489 479 467 
489 502 479 
467 475 489 
475 494 489 
434 435 446 
435 455 446 
446 455 467 
467 451 446 
446 451 434 
712 720 705 
569 550 552 
552 571 569 
552 550 529 
243 252 267 
252 281 267 
287 281 266 
158 181 166 
188 203 213 
181 203 188 
188 166 181 
172 166 188 
152 165 132 
263 271 241 
241 232 263 
225 232 209 
213 243 225 
266 242 253 
253 242 234 
234 257 253 
259 257 240 
240 234 220 
240 257 234 
332 353 351 
351 377 373 
353 377 351 
371 393 391 
391 377 371 
371 377 353 
901 885 887 
887 885 866 
887 886 902 
902 901 887 
884 885 898 
865 840 866 
865 884 861 
861 839 865 
865 839 840 
866 885 865 
885 884 865 
868 869 886 
866 841 868 
886 887 868 
868 887 866 
814 840 813 
814 841 840 
813 786 814 
786 788 814 
818 841 814 
814 788 818 
695 672 655 
635 616 655 
655 672 635 
789 788 762 
762 788 761 
762 765 789 
733 765 762 
826 809 799 
799 810 826 
799 809 785 
785 770 799 
786 790 763 
763 761 786 
763 732 761 
797 816 825 
797 790 816 
825 804 797 
892 879 894 
860 882 876 
870 856 876 
876 856 860 
860 855 874 
874 882 860 
890 882 874 
873 890 874 
874 855 873 
849 858 834 
833 856 849 
870 858 849 
849 856 870 
804 831 811 
783 804 811 
811 806 783 
811 831 837 
837 833 811 
833 806 811 
852 857 835 
828 852 835 
836 852 828 
748 777 771 
748 716 726 
871 875 853 
853 850 871 
871 850 857 
764 738 766 
771 796 766 
819 846 817 
824 819 796 
845 862 869 
818 821 845 
842 862 845 
845 821 842 
791 765 764 
791 795 765 
817 822 791 
822 795 791 
889 867 880 
853 875 863 
863 875 880 
880 867 863 
877 891 893 
893 878 877 
878 859 877 
509 497 520 
509 492 497 
520 530 509 
509 530 521 
501 492 509 
509 521 501 
536 530 551 
521 530 536 
472 495 484 
484 464 472 
472 464 445 
506 519 533 
488 519 506 
533 522 506 
522 495 506 
469 447 481 
481 498 469 
440 447 469 
469 498 488 
538 558 553 
553 530 538 
538 525 540 
540 558 538 
538 530 520 
520 525 538 
566 558 540 
540 543 566 
566 543 572 
566 572 586 
460 464 478 
478 473 460 
478 464 484 
484 497 478 
497 492 478 
492 473 478 
792 776 773 
773 784 792 
708 706 683 
683 691 708 
724 706 708 
718 691 700 
718 708 691 
744 757 730 
730 713 744 
730 757 747 
700 713 730 
747 718 730 
730 718 700 
682 700 673 
682 713 700 
673 647 682 
647 656 682 
744 713 725 
754 744 725 
725 722 754 
403 417 395 
403 395 388 
388 395 380 
288 302 309 
309 302 319 
438 441 460 
460 452 438 
431 417 438 
443 431 438 
438 452 443 
406 405 386 
386 384 406 
360 384 386 
406 436 432 
432 405 406 
445 441 427 
427 432 445 
405 432 427 
362 382 376 
382 392 376 
373 398 369 
429 398 424 
424 454 429 
429 454 448 
296 263 283 
271 263 296 
344 300 320 
300 284 320 
396 430 401 
401 372 396 
468 430 458 
448 485 458 
458 493 468 
458 485 493 
534 507 537 
537 562 534 
564 562 537 
666 692 665 
666 685 692 
654 685 666 
665 638 666 
666 638 654 
787 805 780 
780 805 794 
760 740 746 
749 740 760 
705 720 723 
720 740 723 
723 740 749 
470 515 511 
515 554 511 
511 466 470 
511 554 547 
511 505 466 
511 547 505 
333 352 360 
313 302 290 
313 324 331 
331 319 313 
319 302 313 
331 324 348 
305 333 316 
365 338 357 
357 390 365 
357 338 323 
323 347 357 
385 390 357 
357 347 385 
420 416 449 
421 390 420 
385 416 420 
420 390 385 
449 447 420 
420 447 421 
293 280 265 
265 278 293 
293 278 305 
305 316 293 
237 268 258 
258 224 237 
258 248 224 
322 308 338 
322 333 305 
338 352 322 
352 333 322 
295 278 264 
305 278 295 
295 322 305 
308 322 295 
228 205 207 
186 174 201 
186 160 174 
342 375 326 
375 347 326 
326 347 304 
304 285 326 
326 301 342 
326 285 301 
659 642 652 
659 657 642 
680 657 659 
659 678 680 
652 678 659 
594 572 561 
533 549 561 
561 543 533 
572 543 561 
610 615 639 
639 622 610 
577 615 610 
596 610 622 
577 610 596 
546 531 513 
513 517 546 
531 498 513 
513 498 481 
481 517 513 
133 96 122 
112 96 133 
122 157 133 
157 168 133 
133 146 112 
168 146 133 
102 81 75 
107 105 78 
78 81 107 
78 105 70 
55 81 78 
48 28 55 
70 42 48 
48 42 24 
24 28 48 
48 78 70 
55 78 48 
51 76 60 
82 76 99 
60 76 82 
72 60 82 
82 93 72 
99 93 82 
86 93 108 
108 119 97 
97 86 108 
174 160 147 
147 161 174 
147 137 119 
160 137 147 
192 224 201 
192 208 224 
201 174 192 
174 161 192 
41 54 61 
61 51 41 
76 51 61 
164 193 162 
196 193 164 
164 163 196 
510 516 500 
500 516 494 
491 510 500 
482 491 500 
500 494 482 
729 712 714 
746 720 729 
720 712 729 
535 552 529 
544 552 535 
527 544 535 
535 516 527 
529 516 535 
298 267 281 
283 267 298 
272 291 297 
287 297 312 
281 287 306 
306 298 281 
325 298 306 
287 312 306 
178 153 172 
209 184 178 
156 153 178 
178 184 156 
158 166 142 
172 153 148 
148 166 172 
128 142 148 
148 142 166 
52 32 40 
52 40 64 
123 132 102 
123 152 132 
127 140 154 
247 226 212 
212 241 247 
191 200 165 
165 152 191 
226 200 191 
191 212 226 
114 140 127 
167 140 156 
156 184 167 
167 154 140 
167 184 187 
187 154 167 
187 184 211 
211 232 241 
209 232 211 
211 184 209 
241 212 211 
211 212 187 
250 263 232 
232 225 250 
283 263 250 
250 225 243 
243 267 250 
250 267 283 
631 674 641 
641 655 616 
641 598 631 
616 598 641 
684 641 674 
655 641 684 
684 719 695 
695 655 684 
731 762 761 
731 732 697 
761 732 731 
733 762 731 
782 799 770 
782 770 754 
802 810 782 
810 799 782 
754 778 782 
782 778 802 
702 732 736 
732 763 736 
775 804 783 
775 797 804 
881 894 879 
881 864 861 
881 879 864 
861 884 881 
827 849 834 
834 810 827 
827 810 802 
833 849 827 
802 806 827 
827 806 833 
829 836 823 
836 828 823 
752 748 726 
777 748 752 
726 727 752 
727 756 752 
727 717 743 
743 756 727 
739 738 709 
739 766 738 
709 716 739 
716 748 739 
739 748 771 
771 766 739 
815 828 835 
800 828 815 
830 850 853 
853 824 830 
835 850 830 
830 815 835 
869 868 848 
848 845 869 
848 868 841 
848 841 818 
818 845 848 
764 766 793 
793 791 764 
793 766 796 
796 819 793 
793 819 817 
817 791 793 
819 824 844 
846 819 844 
844 824 853 
853 863 844 
844 867 846 
844 863 867 
872 877 859 
846 867 872 
867 889 872 
872 889 891 
891 877 872 
462 436 440 
440 469 462 
462 469 488 
488 506 480 
480 506 495 
495 472 480 
480 462 488 
558 566 576 
595 573 576 
573 558 576 
576 601 595 
586 601 576 
576 566 586 
737 718 747 
724 708 737 
708 718 737 
772 784 758 
784 773 758 
747 772 758 
758 737 747 
751 773 776 
776 759 751 
751 759 741 
751 741 724 
724 737 751 
751 758 773 
737 758 751 
713 682 696 
696 725 713 
696 656 672 
696 682 656 
722 725 696 
696 672 695 
695 722 696 
380 395 381 
397 417 411 
397 395 417 
397 381 395 
366 388 367 
367 388 380 
380 358 367 
350 367 358 
331 348 350 
350 348 366 
366 367 350 
329 309 319 
441 438 425 
425 438 417 
425 417 403 
425 427 441 
387 386 405 
387 388 366 
456 432 436 
456 480 472 
456 472 445 
445 432 456 
436 462 456 
462 480 456 
405 427 404 
404 387 405 
404 425 403 
427 425 404 
403 388 404 
388 387 404 
393 371 374 
374 392 393 
374 376 392 
349 351 373 
373 369 349 
398 429 402 
383 369 402 
402 369 398 
271 296 303 
303 284 271 
303 320 284 
337 320 303 
337 303 328 
328 303 296 
337 372 361 
361 320 337 
361 401 389 
361 372 401 
389 344 361 
344 320 361 
640 638 665 
613 638 640 
614 613 640 
640 648 614 
640 665 675 
675 648 640 
611 638 613 
611 579 588 
611 613 579 
588 609 611 
568 550 569 
539 567 564 
564 537 539 
514 507 487 
514 537 507 
487 496 514 
496 523 514 
523 539 514 
514 539 537 
569 571 589 
578 589 571 
794 805 812 
769 780 794 
756 743 769 
755 780 769 
769 743 755 
749 760 774 
735 749 755 
735 723 749 
755 743 735 
735 743 717 
341 333 360 
341 348 324 
324 316 341 
341 316 333 
360 386 364 
364 341 360 
348 341 364 
366 348 364 
364 387 366 
386 387 364 
279 280 299 
280 293 299 
299 293 316 
324 313 299 
299 316 324 
290 279 299 
299 313 290 
286 268 304 
286 258 268 
286 304 323 
323 308 286 
308 295 277 
277 286 308 
264 248 277 
277 295 264 
248 258 277 
258 286 277 
221 205 228 
228 244 221 
185 205 202 
205 221 202 
202 221 219 
236 256 254 
173 186 195 
149 160 173 
160 186 173 
171 155 169 
169 173 195 
149 173 169 
143 149 169 
169 155 143 
228 207 222 
246 228 222 
222 239 246 
222 207 195 
594 561 575 
575 561 549 
565 549 531 
565 531 546 
565 575 549 
596 575 565 
546 577 565 
577 596 565 
52 64 71 
71 64 87 
57 81 55 
57 75 81 
10 28 24 
10 14 28 
24 8 10 
27 45 46 
112 120 91 
63 84 91 
91 84 112 
68 45 63 
63 91 68 
68 46 45 
73 46 68 
162 182 150 
121 150 145 
33 54 41 
50 46 73 
714 712 690 
314 297 291 
332 312 314 
314 312 297 
272 297 275 
275 257 272 
275 253 257 
275 297 287 
275 287 266 
266 253 275 
330 306 312 
332 351 330 
330 312 332 
351 349 330 
325 306 330 
330 349 325 
104 117 90 
197 178 172 
197 188 213 
172 188 197 
213 225 197 
197 225 209 
209 178 197 
131 148 153 
128 148 131 
58 64 47 
47 64 40 
87 64 77 
77 64 58 
152 123 141 
141 123 115 
141 115 127 
127 154 141 
177 191 152 
152 141 177 
177 141 154 
177 154 187 
187 212 177 
212 191 177 
67 79 88 
67 77 58 
88 77 67 
140 114 125 
156 140 125 
321 340 335 
335 353 332 
332 314 335 
335 314 321 
343 340 327 
327 321 310 
327 340 321 
701 733 698 
733 731 698 
663 701 698 
698 661 663 
697 661 698 
698 731 697 
711 674 702 
702 736 711 
711 684 674 
719 684 711 
767 763 790 
767 736 763 
790 797 767 
797 775 767 
783 750 753 
753 775 783 
750 719 753 
894 881 896 
896 884 898 
896 881 884 
781 769 794 
756 769 781 
815 830 801 
801 796 771 
801 824 796 
801 830 824 
771 777 801 
801 777 800 
800 815 801 
846 872 847 
847 872 859 
817 846 847 
847 822 817 
842 822 847 
847 859 842 
339 329 319 
339 319 331 
331 350 339 
339 350 358 
363 358 380 
380 381 363 
376 374 356 
362 376 356 
356 343 362 
356 340 343 
423 429 448 
423 402 429 
448 458 423 
423 458 430 
430 396 423 
423 396 383 
383 402 423 
383 396 359 
359 396 372 
359 372 337 
337 328 359 
654 638 634 
638 611 634 
634 611 609 
526 550 541 
550 568 541 
541 523 526 
541 539 523 
541 568 567 
567 539 541 
564 567 585 
585 607 609 
588 564 585 
585 609 588 
629 607 606 
605 589 600 
589 578 600 
563 578 571 
571 552 563 
563 552 544 
755 749 768 
749 774 768 
768 774 787 
768 780 755 
787 780 768 
710 717 692 
710 735 717 
723 735 710 
692 685 710 
710 685 705 
705 723 710 
219 221 238 
238 236 219 
256 236 238 
260 256 238 
238 244 260 
238 221 244 
195 207 183 
183 169 195 
171 169 183 
183 207 205 
183 205 185 
185 171 183 
195 186 210 
210 222 195 
201 223 210 
210 186 201 
223 239 210 
239 222 210 
618 594 603 
594 575 603 
603 636 618 
603 622 636 
603 596 622 
603 575 596 
102 75 95 
75 71 95 
95 123 102 
115 123 95 
87 115 95 
95 71 87 
34 57 55 
55 28 34 
34 14 20 
28 14 34 
49 26 32 
49 32 52 
75 57 49 
52 71 49 
49 71 75 
129 163 135 
163 164 135 
98 91 120 
120 129 98 
73 68 98 
98 68 91 
175 150 182 
175 182 208 
208 192 175 
175 192 161 
161 145 175 
175 145 150 
118 93 99 
99 121 118 
121 145 118 
118 108 93 
54 33 43 
43 33 25 
74 50 73 
27 46 29 
46 50 29 
15 11 29 
29 11 27 
688 712 705 
688 690 712 
693 690 676 
676 679 693 
714 690 693 
643 649 629 
307 314 291 
321 314 307 
310 321 307 
307 292 310 
307 291 292 
139 131 153 
117 131 139 
139 125 117 
139 153 156 
156 125 139 
128 131 116 
117 104 116 
116 131 117 
87 77 101 
101 114 127 
88 114 101 
101 77 88 
127 115 101 
101 115 87 
103 125 114 
103 114 88 
90 117 103 
117 125 103 
103 79 90 
88 79 103 
742 767 775 
775 753 742 
742 711 736 
736 767 742 
719 711 742 
742 753 719 
807 781 794 
829 823 807 
807 812 829 
794 812 807 
803 828 800 
803 823 828 
803 807 823 
781 807 803 
345 339 358 
329 339 345 
358 363 345 
354 374 371 
354 356 374 
354 371 353 
353 335 354 
354 335 340 
340 356 354 
346 369 383 
383 359 346 
325 349 346 
346 349 369 
346 359 328 
632 634 609 
609 607 632 
632 607 629 
629 649 632 
590 606 607 
567 568 590 
590 585 567 
607 585 590 
26 49 36 
36 49 57 
57 34 36 
20 26 36 
36 34 20 
99 76 100 
100 121 99 
136 109 110 
136 164 162 
136 135 164 
110 135 136 
80 61 54 
109 100 80 
76 61 80 
80 100 76 
130 150 121 
121 100 130 
130 100 109 
162 150 130 
130 136 162 
109 136 130 
108 118 134 
119 108 134 
134 147 119 
134 118 145 
161 147 134 
134 145 161 
15 29 35 
35 29 50 
35 43 25 
73 98 106 
106 74 73 
106 98 129 
129 135 106 
106 135 110 
54 43 66 
66 80 54 
705 685 677 
677 688 705 
677 685 654 
676 690 670 
690 688 670 
688 677 670 
670 649 676 
629 606 625 
625 643 629 
625 606 605 
676 649 658 
649 643 658 
643 660 658 
658 679 676 
658 660 679 
779 803 800 
800 777 779 
777 752 779 
781 803 779 
779 752 756 
756 781 779 
325 346 315 
315 346 328 
315 298 325 
283 298 315 
315 296 283 
315 328 296 
606 590 592 
592 589 605 
605 606 592 
592 590 568 
592 568 569 
569 589 592 
15 35 21 
21 35 25 
43 35 59 
59 66 43 
50 74 59 
59 35 50 
85 106 110 
74 106 85 
85 59 74 
66 59 85 
650 677 654 
650 670 677 
654 634 650 
634 632 650 
650 632 649 
649 670 650 
643 625 645 
645 660 643 
110 109 89 
89 85 110 
66 85 89 
109 80 89 
80 66 89 
630 625 605 
630 645 625 
605 600 612 
612 630 605 
