1 
2 
4 
6 
8 
10 
12 
17 
24 
30 
41 
50 
60 
73 
90 
110 
133 
152 
177 
209 
237 
271 
300 
326 
364 
394 
438 
467 
516 
559 
597 
645 
697 
750 
803 
856 
910 
954 
1021 
1076 
1130 
1184 
1238 
1292 
1345 
1373 
1425 
1477 
1527 
1577 
1627 
1674 
1698 
1743 
1779 
1808 
1843 
1869 
1899 
1923 
1942 
1963 
1978 
1994 
2003 
2017 
2024 
2032 
2037 
2039 
2041 
2043 
2045 
2047 
2048 
2046 
2044 
2042 
2040 
2038 
2033 
2026 
2020 
2010 
2001 
1987 
1975 
1958 
1940 
1922 
1903 
1875 
1849 
1827 
1790 
1764 
1727 
1697 
1651 
1626 
1579 
1553 
1503 
1471 
1424 
1372 
1319 
1265 
1211 
1157 
1103 
1049 
995 
939 
884 
830 
777 
723 
671 
619 
572 
541 
491 
445 
415 
371 
330 
303 
262 
236 
206 
176 
151 
124 
103 
86 
70 
57 
44 
33 
27 
19 
13 
11 
9 
7 
5 
3 
1 
