54 59 61 
49 59 54 
33 22 27 
4 9 2 
7 13 16 
16 13 23 
13 20 23 
20 29 23 
36 30 32 
50 55 58 
44 55 50 
32 30 24 
28 22 33 
19 22 28 
44 35 39 
39 28 33 
35 28 39 
58 55 60 
64 62 57 
62 60 57 
57 60 55 
33 27 38 
38 27 34 
59 49 53 
16 23 25 
34 27 25 
18 27 22 
18 25 27 
16 25 18 
1 2 6 
2 9 6 
6 3 1 
9 4 11 
16 18 11 
11 18 9 
11 7 16 
4 7 11 
21 24 30 
14 24 21 
52 50 58 
45 50 52 
41 50 45 
41 36 32 
45 36 41 
44 50 41 
32 35 41 
41 35 44 
17 24 14 
17 12 19 
26 28 35 
26 35 32 
32 24 26 
24 17 26 
19 28 26 
26 17 19 
56 63 64 
64 57 56 
56 47 54 
54 61 56 
56 61 63 
48 57 55 
48 55 44 
44 39 48 
47 38 43 
54 47 43 
43 49 54 
43 38 34 
34 40 43 
43 40 49 
31 40 34 
34 25 31 
31 25 23 
31 23 29 
31 29 37 
37 40 31 
46 40 37 
49 40 46 
46 53 49 
15 18 22 
9 18 15 
15 6 9 
15 22 19 
3 6 10 
6 15 10 
19 12 10 
10 15 19 
5 10 12 
3 10 5 
42 48 39 
42 38 47 
42 39 33 
33 38 42 
57 48 51 
47 56 51 
51 56 57 
51 42 47 
48 42 51 
8 5 12 
8 17 14 
12 17 8 
