-9.999955e-01 2.996599e-03 
-9.984844e-01 -5.503600e-02 
-9.984088e-01 5.638951e-02 
-9.931294e-01 1.170213e-01 
-9.931007e-01 -1.172650e-01 
-9.853741e-01 1.704052e-01 
-9.844761e-01 -1.755187e-01 
-9.732877e-01 -2.295891e-01 
-9.730705e-01 2.305076e-01 
-9.581565e-01 2.862448e-01 
-9.567153e-01 -2.910256e-01 
-9.493746e-01 -8.121507e-02 
-9.473081e-01 8.224688e-02 
-9.442274e-01 -2.434940e-02 
-9.414005e-01 3.372907e-01 
-9.372394e-01 -3.486865e-01 
-9.354054e-01 -1.372986e-01 
-9.328604e-01 1.889894e-01 
-9.324079e-01 2.854562e-02 
-9.253175e-01 1.345542e-01 
-9.216456e-01 -2.446581e-01 
-9.187720e-01 3.947886e-01 
-9.163939e-01 -1.893784e-01 
-9.143022e-01 -4.050326e-01 
-9.122438e-01 2.434195e-01 
-8.994782e-01 -7.839838e-02 
-8.983010e-01 -2.994169e-01 
-8.938657e-01 4.483348e-01 
-8.898443e-01 8.005358e-02 
-8.878104e-01 -4.602094e-01 
-8.876300e-01 3.456741e-01 
-8.871137e-01 2.925405e-01 
-8.859111e-01 -2.169373e-02 
-8.792722e-01 1.855259e-01 
-8.779125e-01 -1.343573e-01 
-8.768112e-01 -3.534249e-01 
-8.694061e-01 -2.401040e-01 
-8.660285e-01 4.999946e-01 
-8.631044e-01 2.926190e-02 
-8.595201e-01 1.316954e-01 
-8.590795e-01 3.972090e-01 
-8.577660e-01 -5.140403e-01 
-8.527837e-01 -4.067539e-01 
-8.515529e-01 2.388212e-01 
-8.513459e-01 -1.859247e-01 
-8.456176e-01 -7.691070e-02 
-8.423963e-01 -2.959571e-01 
-8.352090e-01 5.499327e-01 
-8.344904e-01 3.391175e-01 
-8.324534e-01 4.477148e-01 
-8.268684e-01 7.991396e-02 
-8.257093e-01 -4.590877e-01 
-8.242670e-01 -2.238832e-02 
-8.242127e-01 -5.662804e-01 
-8.204780e-01 1.838276e-01 
-8.195681e-01 2.871856e-01 
-8.181041e-01 -1.316455e-01 
-8.180975e-01 -3.505239e-01 
-8.129860e-01 -2.392725e-01 
-8.039652e-01 4.970585e-01 
-8.014854e-01 3.926722e-01 
-8.012903e-01 5.982757e-01 
-7.966990e-01 2.873632e-02 
-7.955643e-01 -5.100834e-01 
-7.945841e-01 1.312100e-01 
-7.921329e-01 -4.035170e-01 
-7.887807e-01 -1.846981e-01 
-7.883466e-01 2.353945e-01 
-7.875906e-01 -7.658648e-02 
-7.871685e-01 -6.167380e-01 
-7.846612e-01 -2.943829e-01 
-7.763764e-01 3.382477e-01 
-7.735395e-01 5.453706e-01 
-7.715520e-01 4.454494e-01 
-7.637266e-01 -4.548737e-01 
-7.630261e-01 7.965869e-02 
-7.628105e-01 6.466221e-01 
-7.624976e-01 -5.595449e-01 
-7.616333e-01 -2.332353e-02 
-7.585202e-01 1.827194e-01 
-7.582849e-01 -3.482846e-01 
-7.575523e-01 -1.308323e-01 
-7.547375e-01 2.861956e-01 
-7.546880e-01 -2.386087e-01 
-7.464688e-01 -6.654204e-01 
-7.431848e-01 5.958640e-01 
-7.422978e-01 3.923341e-01 
-7.408128e-01 4.977614e-01 
-7.328100e-01 -5.045219e-01 
-7.319786e-01 2.807966e-02 
-7.305286e-01 -4.006774e-01 
-7.302282e-01 1.309095e-01 
-7.274430e-01 -7.695982e-02 
-7.272110e-01 -1.843154e-01 
-7.269819e-01 6.866566e-01 
-7.267994e-01 -6.077029e-01 
-7.256120e-01 -2.929586e-01 
-7.252028e-01 2.347119e-01 
-7.165649e-01 3.391897e-01 
-7.109362e-01 5.531223e-01 
-7.109258e-01 4.466726e-01 
-7.012523e-01 -7.129132e-01 
-7.005915e-01 -4.516200e-01 
-6.997272e-01 -5.525638e-01 
-6.992767e-01 7.936812e-02 
-6.989169e-01 -2.424037e-02 
-6.975880e-01 -3.462366e-01 
-6.969118e-01 6.219840e-01 
-6.965629e-01 -1.307487e-01 
-6.958190e-01 1.828203e-01 
-6.951011e-01 -2.380892e-01 
-6.916245e-01 2.872053e-01 
-6.889482e-01 -6.561221e-01 
-6.861695e-01 7.274417e-01 
-6.827913e-01 3.942038e-01 
-6.811254e-01 5.032291e-01 
-6.684076e-01 -5.013851e-01 
-6.683340e-01 -3.982220e-01 
-6.682603e-01 2.751353e-02 
-6.669372e-01 6.683083e-01 
-6.666163e-01 1.311401e-01 
-6.662624e-01 -7.747209e-02 
-6.658767e-01 -1.841901e-01 
-6.655806e-01 -5.998985e-01 
-6.654525e-01 -2.917772e-01 
-6.626262e-01 2.355698e-01 
-6.585006e-01 5.661655e-01 
-6.563728e-01 3.414678e-01 
-6.547105e-01 -7.558797e-01 
-6.520350e-01 4.509598e-01 
-6.404393e-01 -6.986412e-01 
-6.402715e-01 7.681487e-01 
-6.372559e-01 -4.491378e-01 
-6.363496e-01 -2.489749e-02 
-6.361660e-01 -3.445692e-01 
-6.360493e-01 7.937809e-02 
-6.352411e-01 -1.308735e-01 
-6.346180e-01 -2.376441e-01 
-6.345991e-01 -5.509388e-01 
-6.333160e-01 1.836926e-01 
-6.326088e-01 6.180477e-01 
-6.305016e-01 -6.465607e-01 
-6.301083e-01 7.133784e-01 
-6.296731e-01 2.892240e-01 
-6.252275e-01 5.105155e-01 
-6.239116e-01 3.976927e-01 
-6.074957e-01 -7.943229e-01 
-6.058068e-01 -3.964203e-01 
-6.052651e-01 2.728588e-02 
-6.046357e-01 -4.997448e-01 
-6.046327e-01 -7.786007e-02 
-6.044833e-01 -2.908313e-01 
-6.044722e-01 -1.841099e-01 
-6.037538e-01 1.317826e-01 
-6.007060e-01 2.371377e-01 
-6.003139e-01 6.687015e-01 
-6.001650e-01 -6.018364e-01 
-5.980374e-01 5.650227e-01 
-5.979176e-01 8.015575e-01 
-5.964994e-01 3.443831e-01 
-5.954942e-01 -7.306766e-01 
-5.945450e-01 4.553531e-01 
-5.791945e-01 7.340640e-01 
-5.775781e-01 -6.656831e-01 
-5.743053e-01 -3.433674e-01 
-5.741791e-01 -4.478505e-01 
-5.740333e-01 -2.519786e-02 
-5.737028e-01 -1.309688e-01 
-5.735310e-01 -2.372550e-01 
-5.734101e-01 7.971238e-02 
-5.715232e-01 -5.515043e-01 
-5.712924e-01 1.849174e-01 
-5.694453e-01 6.186333e-01 
-5.685725e-01 2.914820e-01 
-5.658740e-01 5.106797e-01 
-5.653174e-01 4.006921e-01 
-5.542416e-01 -7.749320e-01 
-5.536641e-01 -8.327401e-01 
-5.480490e-01 8.364462e-01 
-5.448908e-01 7.792627e-01 
-5.438190e-01 6.785111e-01 
-5.435389e-01 -6.096605e-01 
-5.433455e-01 -3.954551e-01 
-5.430220e-01 -2.901456e-01 
-5.429391e-01 -1.839989e-01 
-5.428757e-01 -7.801899e-02 
-5.428308e-01 2.738860e-02 
-5.419828e-01 -4.999421e-01 
-5.415323e-01 1.326407e-01 
-5.408874e-01 -7.107527e-01 
-5.393426e-01 2.387945e-01 
-5.375062e-01 5.655301e-01 
-5.367224e-01 3.466482e-01 
-5.353283e-01 4.560577e-01 
-5.142586e-01 7.305942e-01 
-5.127333e-01 -6.588006e-01 
-5.123454e-01 -3.427074e-01 
-5.120958e-01 -2.369405e-01 
-5.120723e-01 -1.309495e-01 
-5.119903e-01 -2.518983e-02 
-5.119610e-01 -5.551318e-01 
-5.118245e-01 -4.478044e-01 
-5.112828e-01 8.024947e-02 
-5.109300e-01 6.225174e-01 
-5.097112e-01 1.861368e-01 
-5.078352e-01 2.931927e-01 
-5.062426e-01 5.111785e-01 
-5.057258e-01 4.016490e-01 
-5.039730e-01 -7.554210e-01 
-5.026029e-01 8.645174e-01 
-4.984819e-01 -8.669001e-01 
-4.967851e-01 -8.114962e-01 
-4.909339e-01 7.932099e-01 
-4.826489e-01 6.761250e-01 
-4.813766e-01 -2.897554e-01 
-4.813365e-01 -1.838533e-01 
-4.812885e-01 -3.953013e-01 
-4.811529e-01 -7.796995e-02 
-4.810856e-01 -5.016467e-01 
-4.809233e-01 -6.065632e-01 
-4.808258e-01 2.770536e-02 
-4.797798e-01 1.335004e-01 
-4.784914e-01 5.669335e-01 
-4.782524e-01 2.400679e-01 
-4.765227e-01 -7.074129e-01 
-4.764789e-01 3.476781e-01 
-4.757462e-01 4.566129e-01 
-4.569014e-01 7.328327e-01 
-4.515898e-01 8.922257e-01 
-4.510356e-01 8.298941e-01 
-4.505591e-01 -3.425479e-01 
-4.505393e-01 -2.367318e-01 
-4.505061e-01 6.209632e-01 
-4.504509e-01 -1.308291e-01 
-4.504100e-01 -4.485842e-01 
-4.501962e-01 -2.498516e-02 
-4.498833e-01 -5.540225e-01 
-4.495353e-01 8.083317e-02 
-4.493048e-01 -7.680606e-01 
-4.485746e-01 -6.573528e-01 
-4.483871e-01 1.870937e-01 
-4.481573e-01 -8.939547e-01 
-4.470366e-01 2.941355e-01 
-4.468848e-01 5.117285e-01 
-4.457950e-01 4.022862e-01 
-4.383380e-01 -8.274865e-01 
-4.241764e-01 7.780625e-01 
-4.232427e-01 6.755865e-01 
-4.197808e-01 -2.896323e-01 
-4.197573e-01 -1.837056e-01 
-4.197415e-01 -3.956397e-01 
-4.195343e-01 -7.779101e-02 
-4.192452e-01 -5.013481e-01 
-4.191298e-01 2.810278e-02 
-4.186134e-01 -7.143126e-01 
-4.183793e-01 5.658996e-01 
-4.183080e-01 1.342068e-01 
-4.181865e-01 -6.062239e-01 
-4.172009e-01 2.408647e-01 
-4.160604e-01 3.483454e-01 
-4.160097e-01 4.569663e-01 
-4.043625e-01 8.627855e-01 
-3.972160e-01 -8.658215e-01 
-3.950059e-01 9.186786e-01 
-3.944887e-01 -7.722801e-01 
-3.927519e-01 7.250241e-01 
-3.903133e-01 6.198650e-01 
-3.901878e-01 -9.207353e-01 
-3.890439e-01 -3.426772e-01 
-3.890264e-01 -2.366292e-01 
-3.889085e-01 -1.306594e-01 
-3.887153e-01 -4.485776e-01 
-3.886057e-01 -2.469742e-02 
-3.882339e-01 -6.613109e-01 
-3.880319e-01 8.134956e-02 
-3.878522e-01 -5.541728e-01 
-3.871675e-01 1.877490e-01 
-3.867740e-01 5.111377e-01 
-3.862270e-01 2.947584e-01 
-3.856421e-01 4.026516e-01 
-3.818528e-01 8.181655e-01 
-3.678440e-01 -8.194979e-01 
-3.606245e-01 6.712491e-01 
-3.600553e-01 -7.171187e-01 
-3.583351e-01 -2.896569e-01 
-3.582742e-01 -1.835794e-01 
-3.581751e-01 -3.957011e-01 
-3.580414e-01 -7.756241e-02 
-3.579636e-01 5.649662e-01 
-3.576415e-01 2.848554e-02 
-3.575454e-01 -5.016585e-01 
-3.573584e-01 -6.084914e-01 
-3.569854e-01 1.347316e-01 
-3.562101e-01 7.707767e-01 
-3.561848e-01 2.414128e-01 
-3.557438e-01 4.567232e-01 
-3.555103e-01 3.487422e-01 
-3.488079e-01 8.787299e-01 
-3.402443e-01 9.403371e-01 
-3.383437e-01 -8.749952e-01 
-3.374836e-01 -9.413314e-01 
-3.316071e-01 -7.686745e-01 
-3.284718e-01 6.173932e-01 
-3.280030e-01 -6.632004e-01 
-3.276301e-01 -2.365831e-01 
-3.275940e-01 -3.427194e-01 
-3.274798e-01 -1.304825e-01 
-3.274766e-01 7.203613e-01 
-3.272019e-01 -4.488746e-01 
-3.271717e-01 -2.440467e-02 
-3.268063e-01 -5.555680e-01 
-3.266774e-01 8.176545e-02 
-3.262686e-01 5.105242e-01 
-3.260195e-01 1.882210e-01 
-3.253862e-01 2.951526e-01 
-3.251452e-01 4.026504e-01 
-3.226075e-01 8.274688e-01 
-3.049743e-01 -8.217806e-01 
-2.983416e-01 -7.161423e-01 
-2.970788e-01 6.684581e-01 
-2.969770e-01 -2.896495e-01 
-2.969138e-01 -1.834668e-01 
-2.967888e-01 -3.959130e-01 
-2.966704e-01 -7.733381e-02 
-2.966681e-01 -6.097888e-01 
-2.966188e-01 5.635365e-01 
-2.964158e-01 -5.025414e-01 
-2.962922e-01 2.881691e-02 
-2.957601e-01 1.351310e-01 
-2.951794e-01 2.417830e-01 
-2.951403e-01 4.564027e-01 
-2.950511e-01 7.743169e-01 
-2.947769e-01 3.488834e-01 
-2.941992e-01 8.883060e-01 
-2.935967e-01 -9.069224e-01 
-2.878236e-01 9.576834e-01 
-2.770502e-01 -9.608554e-01 
-2.697638e-01 -7.695170e-01 
-2.670864e-01 -8.627642e-01 
-2.665738e-01 -6.632730e-01 
-2.663329e-01 -2.365159e-01 
-2.663020e-01 -3.428283e-01 
-2.661672e-01 -1.303107e-01 
-2.660564e-01 -4.494192e-01 
-2.660444e-01 6.157299e-01 
-2.659292e-01 -5.564731e-01 
-2.658574e-01 -2.413814e-02 
-2.654787e-01 7.214706e-01 
-2.654246e-01 8.210157e-02 
-2.652004e-01 5.097188e-01 
-2.649126e-01 1.885605e-01 
-2.646651e-01 8.302455e-01 
-2.644725e-01 2.953614e-01 
-2.644122e-01 4.025461e-01 
-2.489515e-01 9.204950e-01 
-2.367873e-01 -7.168685e-01 
-2.363964e-01 -8.168009e-01 
-2.357521e-01 -2.896610e-01 
-2.356589e-01 -1.833398e-01 
-2.356588e-01 -3.962163e-01 
-2.355184e-01 -6.101721e-01 
-2.354668e-01 -5.031495e-01 
-2.354048e-01 -7.711839e-02 
-2.350560e-01 6.686100e-01 
-2.350430e-01 2.910075e-02 
-2.348934e-01 5.625506e-01 
-2.345963e-01 1.354376e-01 
-2.344439e-01 7.754488e-01 
-2.341858e-01 4.559835e-01 
-2.341554e-01 2.420186e-01 
-2.340413e-01 -9.178612e-01 
-2.339084e-01 3.489168e-01 
-2.267750e-01 8.729769e-01 
-2.263313e-01 9.740504e-01 
-2.186779e-01 -9.757971e-01 
-2.052651e-01 -6.639302e-01 
-2.051962e-01 -3.429536e-01 
-2.051506e-01 -2.364445e-01 
-2.050846e-01 -4.497882e-01 
-2.049516e-01 -1.301344e-01 
-2.049333e-01 -5.568763e-01 
-2.048934e-01 -7.677594e-01 
-2.046360e-01 -2.389651e-02 
-2.042866e-01 6.155656e-01 
-2.042414e-01 8.237734e-02 
-2.039900e-01 7.219362e-01 
-2.038771e-01 5.091464e-01 
-2.038202e-01 1.888039e-01 
-2.037598e-01 -8.701970e-01 
-2.034958e-01 2.954746e-01 
-2.034660e-01 4.023656e-01 
-1.992842e-01 8.236997e-01 
-1.898562e-01 9.276578e-01 
-1.757036e-01 -9.286617e-01 
-1.746817e-01 -3.963921e-01 
-1.746659e-01 -2.896561e-01 
-1.745494e-01 -5.034478e-01 
-1.745040e-01 -1.832036e-01 
-1.744780e-01 -6.107059e-01 
-1.742232e-01 -7.690859e-02 
-1.740066e-01 -7.166249e-01 
-1.738657e-01 2.934966e-02 
-1.734674e-01 1.356796e-01 
-1.734348e-01 5.623191e-01 
-1.734310e-01 6.687561e-01 
-1.731081e-01 2.421785e-01 
-1.730825e-01 -8.214335e-01 
-1.730581e-01 4.556678e-01 
-1.729200e-01 3.488823e-01 
-1.707094e-01 7.728798e-01 
-1.666570e-01 9.860149e-01 
-1.648993e-01 8.775127e-01 
-1.609867e-01 -9.869566e-01 
-1.442158e-01 -3.429798e-01 
-1.441996e-01 -4.499403e-01 
-1.440747e-01 -2.363479e-01 
-1.440629e-01 -5.572407e-01 
-1.438187e-01 -1.299525e-01 
-1.436140e-01 -6.642192e-01 
-1.434831e-01 -2.366894e-02 
-1.433097e-01 -8.786100e-01 
-1.431029e-01 8.261375e-02 
-1.427979e-01 6.155376e-01 
-1.427294e-01 1.889930e-01 
-1.427080e-01 -7.708568e-01 
-1.426361e-01 5.089353e-01 
-1.424566e-01 2.955321e-01 
-1.424039e-01 4.022146e-01 
-1.413653e-01 7.210157e-01 
-1.373943e-01 8.267253e-01 
-1.323384e-01 9.360516e-01 
-1.163945e-01 -9.369752e-01 
-1.137984e-01 -3.964037e-01 
-1.137592e-01 -5.036217e-01 
-1.136769e-01 -2.895758e-01 
-1.134376e-01 -6.110311e-01 
-1.134321e-01 -1.830457e-01 
-1.131075e-01 -7.669835e-02 
-1.127401e-01 -7.186939e-01 
-1.127372e-01 2.957984e-02 
-1.124588e-01 -8.274140e-01 
-1.123563e-01 1.358872e-01 
-1.121273e-01 5.621923e-01 
-1.120304e-01 2.422989e-01 
-1.119297e-01 4.555090e-01 
-1.118554e-01 3.488455e-01 
-1.115088e-01 6.684126e-01 
-1.091026e-01 7.748745e-01 
-1.063905e-01 9.943244e-01 
-1.054930e-01 8.837532e-01 
-1.045995e-01 -9.945144e-01 
-8.342306e-02 -4.499395e-01 
-8.341818e-02 -8.851905e-01 
-8.331352e-02 -3.428848e-01 
-8.330074e-02 -5.573997e-01 
-8.307243e-02 -2.361987e-01 
-8.289175e-02 -6.654416e-01 
-8.274979e-02 -1.297557e-01 
-8.246752e-02 -7.746851e-01 
-8.237963e-02 -2.344427e-02 
-8.199142e-02 8.283319e-02 
-8.162893e-02 1.891584e-01 
-8.145209e-02 5.087695e-01 
-8.136795e-02 2.955819e-01 
-8.130552e-02 4.021263e-01 
-8.130211e-02 6.153146e-01 
-8.004542e-02 7.221836e-01 
-7.752535e-02 8.308338e-01 
-7.413972e-02 9.419081e-01 
-5.550678e-02 -9.426930e-01 
-5.307959e-02 -5.035754e-01 
-5.299179e-02 -3.962788e-01 
-5.295907e-02 -6.115656e-01 
-5.289511e-02 -8.316295e-01 
-5.275294e-02 -7.207749e-01 
-5.274600e-02 -2.894145e-01 
-5.241715e-02 -1.828531e-01 
-5.203968e-02 -7.647728e-02 
-5.164027e-02 2.980767e-02 
-5.124962e-02 1.360845e-01 
-5.108600e-02 -9.986943e-01 
-5.092181e-02 2.424164e-01 
-5.085675e-02 5.619522e-01 
-5.079042e-02 4.553660e-01 
-5.074443e-02 3.488386e-01 
-5.037968e-02 6.689091e-01 
-4.894996e-02 7.772442e-01 
-4.661676e-02 8.877641e-01 
-4.535930e-02 9.989707e-01 
-2.368392e-02 -8.886659e-01 
-2.312466e-02 -7.766847e-01 
-2.293460e-02 -6.662400e-01 
-2.285473e-02 -5.574301e-01 
-2.271565e-02 -4.497484e-01 
-2.245804e-02 -3.426953e-01 
-2.211452e-02 -2.359979e-01 
-2.172452e-02 -1.295335e-01 
-2.130894e-02 -2.320947e-02 
-2.089245e-02 8.305480e-02 
-2.051275e-02 1.893263e-01 
-2.025928e-02 5.085379e-01 
-2.024271e-02 6.153386e-01 
-2.023704e-02 2.956540e-01 
-2.015828e-02 4.020564e-01 
-1.968255e-02 7.232169e-01 
-1.827314e-02 8.329928e-01 
-1.527932e-02 9.446283e-01 
2.633581e-04 -1.000000e+00 
6.165003e-03 -8.325690e-01 
6.691153e-03 -7.211707e-01 
6.796998e-03 -9.441907e-01 
7.125522e-03 -6.115151e-01 
7.462712e-03 -5.033260e-01 
7.788274e-03 -3.960335e-01 
8.153596e-03 -2.891952e-01 
8.561785e-03 -1.826233e-01 
8.996900e-03 -7.623475e-02 
9.439541e-03 3.004852e-02 
9.863040e-03 1.362931e-01 
1.020726e-02 6.690424e-01 
1.021808e-02 2.425512e-01 
1.024209e-02 5.617564e-01 
1.040835e-02 4.552142e-01 
1.042442e-02 3.488599e-01 
1.069822e-02 7.779024e-01 
1.206327e-02 8.888422e-01 
1.628285e-02 9.998674e-01 
3.590330e-02 -8.875694e-01 
3.597759e-02 -7.759258e-01 
3.679079e-02 -6.656204e-01 
3.746954e-02 -5.569688e-01 
3.796913e-02 -4.494293e-01 
3.838700e-02 -3.424433e-01 
3.881619e-02 -2.357545e-01 
3.927335e-02 -1.292809e-01 
3.974301e-02 -2.295254e-02 
4.020547e-02 8.329616e-02 
4.040195e-02 7.228509e-01 
4.061574e-02 6.150530e-01 
4.062696e-02 1.895172e-01 
4.081362e-02 8.325381e-01 
4.093339e-02 5.083507e-01 
4.094185e-02 2.957476e-01 
4.106650e-02 4.020198e-01 
4.395765e-02 9.440202e-01 
5.357510e-02 -9.985638e-01 
6.525602e-02 -8.299879e-01 
6.614537e-02 -7.194150e-01 
6.725659e-02 -6.104946e-01 
6.775642e-02 -9.411498e-01 
6.805413e-02 -5.028318e-01 
6.858164e-02 -3.957394e-01 
6.903800e-02 -2.889308e-01 
6.951831e-02 -1.823583e-01 
7.001546e-02 -7.596277e-02 
7.033222e-02 7.764461e-01 
7.051372e-02 3.031554e-02 
7.051877e-02 8.868920e-01 
7.079690e-02 6.682746e-01 
7.099092e-02 1.365313e-01 
7.137084e-02 5.614641e-01 
7.140123e-02 2.427174e-01 
7.165687e-02 3.489008e-01 
7.167750e-02 4.551488e-01 
7.830176e-02 9.969297e-01 
9.525939e-02 -8.830370e-01 
9.530401e-02 -7.725349e-01 
9.680880e-02 -6.636295e-01 
9.803169e-02 -5.561037e-01 
9.873834e-02 -4.490512e-01 
9.923028e-02 -3.421527e-01 
9.973119e-02 -2.354742e-01 
1.000040e-01 8.295489e-01 
1.002548e-01 -1.289938e-01 
1.007562e-01 7.211758e-01 
1.007875e-01 -2.266413e-02 
1.013111e-01 8.357062e-02 
1.016923e-01 6.144541e-01 
1.018004e-01 1.897484e-01 
1.021861e-01 2.958792e-01 
1.022404e-01 5.082544e-01 
1.023501e-01 4.020068e-01 
1.033267e-01 9.401146e-01 
1.097409e-01 -9.939602e-01 
1.245344e-01 -8.247245e-01 
1.261438e-01 -7.160640e-01 
1.269570e-01 -9.353140e-01 
1.279127e-01 -6.090414e-01 
1.286662e-01 8.822628e-01 
1.288793e-01 -5.023009e-01 
1.294065e-01 -3.954027e-01 
1.299139e-01 -2.886343e-01 
1.304607e-01 -1.820551e-01 
1.304699e-01 7.735001e-01 
1.310263e-01 -7.565493e-02 
1.315914e-01 3.061850e-02 
1.318937e-01 6.671515e-01 
1.321411e-01 1.368113e-01 
1.326403e-01 2.429371e-01 
1.327588e-01 5.613213e-01 
1.329725e-01 3.489897e-01 
1.330018e-01 4.550576e-01 
1.405224e-01 9.900775e-01 
1.542539e-01 -8.759644e-01 
1.553150e-01 -7.675188e-01 
1.577203e-01 -6.614010e-01 
1.590555e-01 -5.553811e-01 
1.595993e-01 -4.486355e-01 
1.598236e-01 8.250470e-01 
1.600818e-01 -3.418349e-01 
1.606336e-01 -2.351547e-01 
1.612287e-01 -1.286673e-01 
1.618334e-01 -2.233666e-02 
1.619676e-01 7.193391e-01 
1.624315e-01 8.388686e-02 
1.628828e-01 9.332783e-01 
1.630123e-01 1.900327e-01 
1.632763e-01 6.143541e-01 
1.635112e-01 2.960846e-01 
1.635951e-01 5.080333e-01 
1.637420e-01 4.020310e-01 
1.670231e-01 -9.859530e-01 
1.843917e-01 -8.177983e-01 
1.846942e-01 -9.265507e-01 
1.867331e-01 8.763586e-01 
1.874643e-01 -7.129170e-01 
1.893453e-01 -6.081815e-01 
1.898645e-01 -5.017837e-01 
1.902713e-01 -3.950569e-01 
1.907797e-01 -2.882963e-01 
1.913953e-01 -1.817103e-01 
1.918518e-01 7.707040e-01 
1.920376e-01 -7.530480e-02 
1.926803e-01 3.096432e-02 
1.933174e-01 1.371409e-01 
1.938924e-01 6.674521e-01 
1.939362e-01 2.432259e-01 
1.941179e-01 5.609210e-01 
1.944033e-01 3.491740e-01 
1.944717e-01 4.549765e-01 
2.030336e-01 9.791718e-01 
2.134238e-01 -8.668253e-01 
2.171194e-01 -7.632866e-01 
2.198466e-01 -6.606253e-01 
2.202776e-01 -5.547688e-01 
2.205416e-01 -4.482683e-01 
2.209277e-01 -3.414762e-01 
2.211201e-01 8.206755e-01 
2.215283e-01 -2.347913e-01 
2.222015e-01 -1.282949e-01 
2.228890e-01 -2.196494e-02 
2.235719e-01 8.425147e-02 
2.237416e-01 9.247079e-01 
2.242619e-01 1.903772e-01 
2.244554e-01 -9.744844e-01 
2.245540e-01 6.137468e-01 
2.247746e-01 7.209346e-01 
2.249162e-01 2.963759e-01 
2.251317e-01 5.077966e-01 
2.252993e-01 4.021873e-01 
2.413677e-01 -9.152966e-01 
2.446837e-01 8.693106e-01 
2.465241e-01 -8.121112e-01 
2.506610e-01 -7.127217e-01 
2.509196e-01 -6.075101e-01 
2.509743e-01 -5.014332e-01 
2.511313e-01 -3.946795e-01 
2.516360e-01 -2.879158e-01 
2.523269e-01 -1.813152e-01 
2.530577e-01 -7.490827e-02 
2.537867e-01 3.135727e-02 
2.545218e-01 1.375267e-01 
2.548529e-01 6.666185e-01 
2.552851e-01 2.435851e-01 
2.556726e-01 5.604677e-01 
2.559400e-01 3.494669e-01 
2.561760e-01 4.551147e-01 
2.562092e-01 7.755471e-01 
2.667730e-01 9.637594e-01 
2.749927e-01 -8.590537e-01 
2.814628e-01 -4.478813e-01 
2.816702e-01 -5.545265e-01 
2.817599e-01 -9.594849e-01 
2.817607e-01 -3.410868e-01 
2.818417e-01 -6.599309e-01 
2.819147e-01 -7.646552e-01 
2.824153e-01 -2.343719e-01 
2.831812e-01 -1.278740e-01 
2.839612e-01 -2.154559e-02 
2.847351e-01 8.466689e-02 
2.848195e-01 9.039569e-01 
2.848349e-01 7.197712e-01 
2.855487e-01 1.907876e-01 
2.859985e-01 6.129722e-01 
2.863917e-01 2.967458e-01 
2.869814e-01 4.024953e-01 
2.870020e-01 5.079685e-01 
2.877072e-01 8.330384e-01 
2.994756e-01 -9.047498e-01 
3.119750e-01 -3.942985e-01 
3.120057e-01 -5.010513e-01 
3.124705e-01 -2.874739e-01 
3.127378e-01 -6.075580e-01 
3.129841e-01 -7.119716e-01 
3.132637e-01 -1.808696e-01 
3.134601e-01 -8.170852e-01 
3.140938e-01 -7.446360e-02 
3.141693e-01 7.734391e-01 
3.149163e-01 3.179843e-02 
3.157531e-01 1.379680e-01 
3.159094e-01 6.652691e-01 
3.166869e-01 2.440228e-01 
3.175556e-01 3.498428e-01 
3.177295e-01 5.608016e-01 
3.180029e-01 4.554885e-01 
3.272549e-01 9.449361e-01 
3.350368e-01 8.810513e-01 
3.408520e-01 -9.401170e-01 
3.423651e-01 -4.475382e-01 
3.425487e-01 -3.406292e-01 
3.428437e-01 -5.541579e-01 
3.433035e-01 -2.339014e-01 
3.435095e-01 -8.719863e-01 
3.441023e-01 -7.636151e-01 
3.441741e-01 -1.274029e-01 
3.442583e-01 -6.606270e-01 
3.449949e-01 7.171512e-01 
3.450564e-01 -2.108197e-02 
3.450849e-01 8.237979e-01 
3.459231e-01 8.513070e-02 
3.468645e-01 1.912628e-01 
3.479432e-01 2.972080e-01 
3.482870e-01 6.137231e-01 
3.487200e-01 4.028810e-01 
3.489519e-01 5.085323e-01 
3.727409e-01 -3.938286e-01 
3.730243e-01 -5.007975e-01 
3.732896e-01 -2.869871e-01 
3.740237e-01 -6.071706e-01 
3.740923e-01 -8.147994e-01 
3.742107e-01 -1.803688e-01 
3.743747e-01 7.663855e-01 
3.751550e-01 -7.397529e-02 
3.760736e-01 3.227271e-02 
3.761650e-01 -7.140829e-01 
3.770066e-01 1.384669e-01 
3.781315e-01 2.445379e-01 
3.785929e-01 6.668726e-01 
3.792657e-01 3.503215e-01 
3.797556e-01 5.618115e-01 
3.797990e-01 4.559092e-01 
3.841562e-01 9.232681e-01 
3.917563e-01 -9.200690e-01 
3.939901e-01 8.674523e-01 
3.999846e-01 -8.637608e-01 
4.022266e-01 8.141622e-01 
4.031333e-01 -4.470403e-01 
4.033064e-01 -3.401501e-01 
4.040496e-01 -5.540901e-01 
4.041920e-01 -2.333668e-01 
4.051897e-01 -1.268804e-01 
4.054499e-01 -6.600608e-01 
4.061859e-01 -2.060074e-02 
4.071274e-01 8.562248e-02 
4.081975e-01 1.918235e-01 
4.083675e-01 -7.687325e-01 
4.093048e-01 7.196836e-01 
4.095655e-01 2.977479e-01 
4.103447e-01 6.156549e-01 
4.105498e-01 4.033755e-01 
4.106625e-01 5.090453e-01 
4.334855e-01 -3.933893e-01 
4.337952e-01 -5.002101e-01 
4.340688e-01 -2.864294e-01 
4.351776e-01 -1.797945e-01 
4.355200e-01 -6.074797e-01 
4.362651e-01 -7.347839e-02 
4.365639e-01 -7.127852e-01 
4.372604e-01 3.273898e-02 
4.382547e-01 1.390065e-01 
4.396207e-01 2.451916e-01 
4.405072e-01 7.731376e-01 
4.406435e-01 -8.254163e-01 
4.410138e-01 6.703729e-01 
4.410686e-01 3.508329e-01 
4.411221e-01 5.624913e-01 
4.416450e-01 4.564490e-01 
4.443430e-01 8.958567e-01 
4.473695e-01 -8.943492e-01 
4.543841e-01 8.359752e-01 
4.639370e-01 -4.466824e-01 
4.639755e-01 -3.396056e-01 
4.647693e-01 -5.532376e-01 
4.650842e-01 -2.327094e-01 
4.662629e-01 -1.263510e-01 
4.669128e-01 -7.646491e-01 
4.673635e-01 -2.015602e-02 
4.674276e-01 -6.611180e-01 
4.683252e-01 8.609129e-02 
4.694885e-01 1.924705e-01 
4.710251e-01 6.164384e-01 
4.713180e-01 2.984999e-01 
4.715693e-01 7.277745e-01 
4.723456e-01 5.097242e-01 
4.724470e-01 4.037485e-01 
4.941025e-01 -3.929068e-01 
4.947640e-01 -5.000065e-01 
4.947682e-01 -2.856608e-01 
4.950086e-01 -8.688881e-01 
4.955469e-01 -8.124577e-01 
4.960282e-01 -6.058717e-01 
4.962268e-01 -1.792081e-01 
4.974554e-01 -7.303871e-02 
4.974562e-01 7.933531e-01 
4.984783e-01 3.313000e-02 
4.993873e-01 -7.152966e-01 
4.994413e-01 1.395287e-01 
4.998874e-01 6.715140e-01 
5.010807e-01 2.460265e-01 
5.015179e-01 8.651472e-01 
5.024311e-01 5.634930e-01 
5.031492e-01 3.516394e-01 
5.034216e-01 4.564769e-01 
5.244508e-01 -3.386914e-01 
5.245661e-01 -4.463382e-01 
5.257846e-01 7.283086e-01 
5.260897e-01 -2.320212e-01 
5.261311e-01 -5.533231e-01 
5.273436e-01 -6.573961e-01 
5.274314e-01 -1.258984e-01 
5.286038e-01 -1.982276e-02 
5.294860e-01 8.645520e-02 
5.306126e-01 1.931453e-01 
5.315385e-01 6.183764e-01 
5.327691e-01 -7.699739e-01 
5.331477e-01 2.995789e-01 
5.336107e-01 5.090012e-01 
5.348414e-01 4.045005e-01 
5.471624e-01 -8.370264e-01 
5.501108e-01 8.350917e-01 
5.512171e-01 7.769078e-01 
5.543761e-01 -3.917130e-01 
5.554782e-01 -4.999775e-01 
5.555356e-01 -2.848513e-01 
5.570251e-01 -7.065581e-01 
5.574232e-01 -1.787243e-01 
5.583931e-01 -6.064381e-01 
5.587578e-01 -7.273731e-02 
5.591957e-01 6.750022e-01 
5.597373e-01 3.335717e-02 
5.604987e-01 1.399356e-01 
5.623296e-01 2.469933e-01 
5.624519e-01 5.613180e-01 
5.655114e-01 3.529748e-01 
5.660357e-01 4.569768e-01 
5.845356e-01 -4.445204e-01 
5.850333e-01 -3.377751e-01 
5.851587e-01 -7.513225e-01 
5.871351e-01 -5.540345e-01 
5.873138e-01 -2.314612e-01 
5.885977e-01 7.305092e-01 
5.887106e-01 -1.256131e-01 
5.891724e-01 6.131220e-01 
5.899223e-01 -1.968865e-02 
5.905795e-01 8.660937e-02 
5.913992e-01 1.937366e-01 
5.917988e-01 -8.060857e-01 
5.920280e-01 -6.586739e-01 
5.948376e-01 3.009408e-01 
5.962270e-01 5.090119e-01 
5.978316e-01 4.060663e-01 
6.022885e-01 7.982785e-01 
6.136337e-01 6.626828e-01 
6.147682e-01 -4.968170e-01 
6.150143e-01 -3.906052e-01 
6.164166e-01 -2.842565e-01 
6.188025e-01 -1.784494e-01 
6.202118e-01 -7.265916e-02 
6.203745e-01 -6.088837e-01 
6.210660e-01 3.332056e-02 
6.213707e-01 1.401042e-01 
6.231226e-01 2.479679e-01 
6.244970e-01 -7.086615e-01 
6.248412e-01 5.606062e-01 
6.278963e-01 3.547836e-01 
6.296626e-01 4.587557e-01 
6.386218e-01 7.077209e-01 
6.403328e-01 -7.680976e-01 
6.448598e-01 -5.481137e-01 
6.454220e-01 -4.429685e-01 
6.457762e-01 -3.373245e-01 
6.464776e-01 7.629330e-01 
6.488188e-01 -2.311278e-01 
6.500885e-01 -1.255820e-01 
6.513335e-01 -1.984170e-02 
6.515764e-01 8.644343e-02 
6.516484e-01 1.941024e-01 
6.517337e-01 6.115559e-01 
6.561031e-01 3.024165e-01 
6.574796e-01 -6.645009e-01 
6.603324e-01 5.110941e-01 
6.610658e-01 4.083625e-01 
6.746087e-01 -5.973958e-01 
6.760392e-01 -4.944299e-01 
6.761745e-01 -3.903956e-01 
6.772292e-01 -2.839718e-01 
6.778723e-01 6.616131e-01 
6.803964e-01 -1.784843e-01 
6.818776e-01 -7.288144e-02 
6.820396e-01 1.399114e-01 
6.825269e-01 3.293107e-02 
6.832004e-01 2.487804e-01 
6.837449e-01 -7.297211e-01 
6.892447e-01 5.634105e-01 
6.899596e-01 3.567985e-01 
6.936029e-01 7.203576e-01 
6.937650e-01 4.616176e-01 
7.059802e-01 -6.401453e-01 
7.063282e-01 -3.374768e-01 
7.067443e-01 -5.444958e-01 
7.074506e-01 -4.429962e-01 
7.107282e-01 -2.310788e-01 
7.111353e-01 1.941015e-01 
7.114991e-01 -1.258926e-01 
7.124358e-01 8.587463e-02 
7.128344e-01 -2.033788e-02 
7.163946e-01 6.164909e-01 
7.166864e-01 3.037244e-01 
7.222657e-01 -6.916157e-01 
7.241086e-01 4.109391e-01 
7.248894e-01 5.148325e-01 
7.357290e-01 6.772761e-01 
7.373662e-01 -3.911814e-01 
7.376360e-01 -2.840058e-01 
7.389897e-01 -5.913399e-01 
7.392912e-01 -4.947298e-01 
7.422539e-01 -1.789908e-01 
7.423479e-01 2.492450e-01 
7.425642e-01 1.392736e-01 
7.438501e-01 -7.344082e-02 
7.442468e-01 3.216807e-02 
7.514188e-01 3.584737e-01 
7.532490e-01 5.692840e-01 
7.577664e-01 4.648382e-01 
7.639676e-01 -6.452546e-01 
7.662039e-01 -3.382617e-01 
7.695850e-01 1.936043e-01 
7.697971e-01 -4.444489e-01 
7.721263e-01 -5.447785e-01 
7.727116e-01 -1.266466e-01 
7.730763e-01 8.492487e-02 
7.733717e-01 -2.314662e-01 
7.742390e-01 6.328933e-01 
7.743524e-01 -2.110865e-02 
7.764999e-01 3.045050e-01 
7.866103e-01 4.126851e-01 
7.886447e-01 5.194118e-01 
7.971063e-01 -2.844178e-01 
7.980892e-01 -3.928898e-01 
8.004304e-01 2.492036e-01 
8.009697e-01 -5.987049e-01 
8.031674e-01 1.381739e-01 
8.032426e-01 -4.968113e-01 
8.043842e-01 -1.803732e-01 
8.062565e-01 -7.425465e-02 
8.064950e-01 3.126402e-02 
8.089778e-01 5.878392e-01 
8.123632e-01 3.590146e-01 
8.210937e-01 4.662029e-01 
8.249149e-01 -3.398206e-01 
8.265714e-01 1.925514e-01 
8.318671e-01 -4.472329e-01 
8.329912e-01 -1.280046e-01 
8.333607e-01 8.379743e-02 
8.349592e-01 -5.503118e-01 
8.355706e-01 -2.169212e-02 
8.357354e-01 3.043871e-01 
8.374925e-01 -2.328282e-01 
8.393541e-01 5.435850e-01 
8.489399e-01 4.118895e-01 
8.546606e-01 -2.855406e-01 
8.574057e-01 2.485745e-01 
8.578503e-01 -3.963020e-01 
8.643465e-01 1.370697e-01 
8.660224e-01 -5.000053e-01 
8.661595e-01 4.997676e-01 
8.664395e-01 -1.833844e-01 
8.691569e-01 -7.484350e-02 
8.699248e-01 3.070051e-02 
8.734862e-01 3.577020e-01 
8.814598e-01 1.913680e-01 
8.816059e-01 -3.443245e-01 
8.904080e-01 -1.291289e-01 
8.915717e-01 4.528795e-01 
8.926832e-01 8.341737e-02 
8.940582e-01 -4.479509e-01 
8.947654e-01 3.033181e-01 
8.956611e-01 -2.204341e-02 
9.042113e-01 -2.371542e-01 
9.073686e-01 -2.913349e-01 
9.133556e-01 2.486099e-01 
9.156678e-01 4.019359e-01 
9.189737e-01 -3.943188e-01 
9.259649e-01 -1.865101e-01 
9.269178e-01 1.384965e-01 
9.332002e-01 -7.641485e-02 
9.332758e-01 1.930132e-01 
9.351531e-01 3.109014e-02 
9.373743e-01 3.483236e-01 
9.407866e-01 -3.389993e-01 
9.432421e-01 -1.311117e-01 
9.480316e-01 8.547433e-02 
9.513820e-01 -2.293743e-02 
9.561582e-01 2.928507e-01 
9.600863e-01 -2.797040e-01 
9.718202e-01 2.357232e-01 
9.738268e-01 -2.272913e-01 
9.845928e-01 1.748631e-01 
9.853565e-01 -1.705069e-01 
9.926824e-01 1.207541e-01 
9.939889e-01 -1.094809e-01 
9.982145e-01 5.973135e-02 
9.984668e-01 -5.535410e-02 
9.999835e-01 5.743628e-03 
