-9.999997e-01 7.596272e-04 
-9.713330e-01 -2.377231e-01 
-9.709863e-01 2.391349e-01 
-8.879343e-01 -4.599704e-01 
-8.873115e-01 4.611705e-01 
-7.767298e-01 5.230973e-04 
-7.433476e-01 -6.689054e-01 
-7.425521e-01 6.697883e-01 
-6.916434e-01 -2.170684e-01 
-6.913440e-01 2.179690e-01 
-6.256046e-01 -4.290001e-01 
-6.250036e-01 4.297855e-01 
-5.614624e-01 -8.275023e-01 
-5.606583e-01 8.280473e-01 
-5.085860e-01 3.086786e-04 
-4.555913e-01 -5.715253e-01 
-4.548241e-01 5.720674e-01 
-3.997614e-01 -2.653685e-01 
-3.993928e-01 2.658273e-01 
-3.492152e-01 -9.370426e-01 
-3.486626e-01 9.372483e-01 
-2.641290e-01 1.341279e-04 
-2.639474e-01 -7.280401e-01 
-2.629765e-01 7.282418e-01 
-2.061116e-01 -4.776389e-01 
-2.054139e-01 4.778130e-01 
-1.218154e-01 -2.364941e-01 
-1.214832e-01 2.365790e-01 
-1.134228e-01 -9.935468e-01 
-1.130501e-01 9.935893e-01 
-2.188956e-02 -7.357869e-01 
-2.071565e-02 7.356682e-01 
6.155959e-03 -6.803044e-05 
5.106390e-02 -4.787906e-01 
5.181602e-02 4.787228e-01 
1.296108e-01 9.915649e-01 
1.296698e-01 -9.915572e-01 
1.520511e-01 -2.292711e-01 
1.523046e-01 2.289661e-01 
2.271047e-01 -7.100468e-01 
2.286655e-01 7.096285e-01 
2.801181e-01 -2.298872e-04 
3.146597e-01 -4.389359e-01 
3.153099e-01 4.382486e-01 
3.658252e-01 9.306836e-01 
3.667219e-01 -9.303306e-01 
4.433109e-01 -2.238099e-01 
4.436373e-01 2.229721e-01 
4.733579e-01 -6.149550e-01 
4.748268e-01 6.131675e-01 
5.497550e-01 -6.577100e-04 
5.710402e-01 8.209221e-01 
5.722967e-01 -8.200467e-01 
6.275495e-01 -4.001189e-01 
6.286093e-01 3.984043e-01 
7.436253e-01 -1.544051e-01 
7.436603e-01 1.521431e-01 
7.566126e-01 6.538634e-01 
7.573020e-01 -6.530649e-01 
8.921577e-01 4.517241e-01 
8.928579e-01 -4.503385e-01 
9.714567e-01 2.372169e-01 
9.718903e-01 -2.354341e-01 
9.999998e-01 5.530541e-04 
