-9.995371e-01 -3.042381e-02 
-9.980824e-01 6.189915e-02 
-9.932138e-01 -1.163031e-01 
-9.890544e-01 1.475510e-01 
-9.806881e-01 -1.955781e-01 
-9.740622e-01 2.262803e-01 
-9.584635e-01 -2.852153e-01 
-9.491014e-01 3.149708e-01 
-9.336111e-01 1.469340e-02 
-9.298121e-01 -3.680345e-01 
-9.190181e-01 -6.670602e-02 
-9.179417e-01 3.967153e-01 
-9.166573e-01 9.585037e-02 
-9.067033e-01 -2.203994e-01 
-8.995958e-01 2.486493e-01 
-8.950801e-01 -1.418681e-01 
-8.942966e-01 -4.474746e-01 
-8.904111e-01 1.703527e-01 
-8.800478e-01 4.748851e-01 
-8.729381e-01 -2.981668e-01 
-8.637911e-01 3.254191e-01 
-8.612081e-01 1.407734e-02 
-8.521572e-01 -5.232859e-01 
-8.404971e-01 -3.739583e-01 
-8.355838e-01 5.493630e-01 
-8.350718e-01 -6.629869e-02 
-8.326480e-01 9.412153e-02 
-8.295112e-01 -2.148194e-01 
-8.293592e-01 4.000325e-01 
-8.227916e-01 2.419480e-01 
-8.039172e-01 -5.947412e-01 
-8.027742e-01 -4.475213e-01 
-7.987156e-01 -1.392756e-01 
-7.943743e-01 1.665673e-01 
-7.899908e-01 4.721002e-01 
-7.899325e-01 -2.936306e-01 
-7.848265e-01 6.197156e-01 
-7.826724e-01 1.369271e-02 
-7.810766e-01 3.199600e-01 
-7.592447e-01 -5.180617e-01 
-7.525949e-01 -3.698028e-01 
-7.502758e-01 -6.611249e-01 
-7.472154e-01 -6.389568e-02 
-7.454769e-01 -2.145604e-01 
-7.454010e-01 5.409443e-01 
-7.448755e-01 9.108286e-02 
-7.417234e-01 3.953960e-01 
-7.390535e-01 2.412491e-01 
-7.278204e-01 6.857678e-01 
-7.111233e-01 -4.428361e-01 
-7.102750e-01 -5.849222e-01 
-7.064928e-01 -1.384320e-01 
-7.038717e-01 -2.916630e-01 
-7.023843e-01 1.654466e-01 
-6.986030e-01 4.678758e-01 
-6.983551e-01 1.355376e-02 
-6.962670e-01 6.064698e-01 
-6.953101e-01 3.180618e-01 
-6.918399e-01 -7.220509e-01 
-6.645567e-01 -5.128181e-01 
-6.630941e-01 -3.665543e-01 
-6.618784e-01 7.496112e-01 
-6.587935e-01 -2.139320e-01 
-6.585300e-01 -6.288297e-02 
-6.566255e-01 -6.481602e-01 
-6.563722e-01 9.007173e-02 
-6.527384e-01 2.409092e-01 
-6.527039e-01 3.929730e-01 
-6.511769e-01 5.382712e-01 
-6.458945e-01 6.740205e-01 
-6.275391e-01 -7.785851e-01 
-6.187467e-01 -4.388483e-01 
-6.161240e-01 -1.378614e-01 
-6.159218e-01 -2.896818e-01 
-6.132154e-01 -5.805586e-01 
-6.123314e-01 1.652525e-01 
-6.115995e-01 1.368853e-02 
-6.079713e-01 3.169813e-01 
-6.073602e-01 4.662928e-01 
-6.026149e-01 6.117508e-01 
-6.004377e-01 -7.120304e-01 
-5.994961e-01 8.003776e-01 
-5.732506e-01 7.057329e-01 
-5.726479e-01 -3.637004e-01 
-5.706401e-01 -2.130447e-01 
-5.703229e-01 -5.093837e-01 
-5.697220e-01 -6.213021e-02 
-5.678204e-01 8.983460e-02 
-5.665950e-01 -8.239964e-01 
-5.651853e-01 2.408847e-01 
-5.635624e-01 3.921853e-01 
-5.610121e-01 5.418856e-01 
-5.597265e-01 -6.506780e-01 
-5.267662e-01 -2.879342e-01 
-5.265461e-01 -4.362161e-01 
-5.265098e-01 -1.371648e-01 
-5.250795e-01 -7.437424e-01 
-5.248611e-01 8.511879e-01 
-5.237806e-01 1.402284e-02 
-5.233793e-01 7.705147e-01 
-5.231962e-01 1.653849e-01 
-5.230566e-01 6.283755e-01 
-5.200691e-01 3.168777e-01 
-5.199761e-01 -5.819730e-01 
-5.187200e-01 4.685659e-01 
-5.021820e-01 -8.647620e-01 
-4.819965e-01 -3.618313e-01 
-4.817214e-01 -2.120723e-01 
-4.808858e-01 -6.144743e-02 
-4.800646e-01 7.023756e-01 
-4.793142e-01 8.999286e-02 
-4.787131e-01 -5.098175e-01 
-4.776433e-01 5.502293e-01 
-4.776352e-01 -6.671182e-01 
-4.772728e-01 2.412362e-01 
-4.757859e-01 3.935403e-01 
-4.661967e-01 -8.046726e-01 
-4.553424e-01 8.903164e-01 
-4.450094e-01 7.909741e-01 
-4.371865e-01 -1.364517e-01 
-4.371803e-01 -2.867184e-01 
-4.359131e-01 -4.360791e-01 
-4.355230e-01 1.447368e-02 
-4.354411e-01 6.267870e-01 
-4.345903e-01 1.657763e-01 
-4.344678e-01 -9.006873e-01 
-4.342558e-01 -5.898065e-01 
-4.334390e-01 4.725765e-01 
-4.326332e-01 3.178176e-01 
-4.283576e-01 -7.382859e-01 
-3.975826e-01 7.083523e-01 
-3.925466e-01 -2.113361e-01 
-3.921418e-01 -3.614415e-01 
-3.920734e-01 -6.082225e-02 
-3.910707e-01 5.494479e-01 
-3.910138e-01 -5.134493e-01 
-3.909173e-01 9.037382e-02 
-3.895895e-01 2.419934e-01 
-3.895136e-01 3.955008e-01 
-3.872912e-01 -6.641741e-01 
-3.871003e-01 8.474708e-01 
-3.840380e-01 -8.259569e-01 
-3.729000e-01 9.278716e-01 
-3.648976e-01 -9.310477e-01 
-3.509254e-01 6.278820e-01 
-3.505014e-01 7.759271e-01 
-3.480795e-01 -1.358778e-01 
-3.478817e-01 -2.863804e-01 
-3.473929e-01 -4.375825e-01 
-3.471404e-01 1.496481e-02 
-3.467601e-01 4.721919e-01 
-3.464189e-01 1.663527e-01 
-3.457576e-01 3.188827e-01 
-3.450702e-01 -5.887499e-01 
-3.435644e-01 -7.445455e-01 
-3.170542e-01 -8.756787e-01 
-3.075123e-01 6.999037e-01 
-3.053872e-01 8.572868e-01 
-3.051853e-01 5.492269e-01 
-3.035759e-01 -2.110244e-01 
-3.033683e-01 -6.031198e-02 
-3.033378e-01 -3.621106e-01 
-3.026861e-01 9.084295e-02 
-3.025502e-01 3.953218e-01 
-3.021573e-01 2.426732e-01 
-3.020983e-01 -5.129652e-01 
-3.003630e-01 -6.663994e-01 
-2.965026e-01 9.550321e-01 
-2.879728e-01 -8.082221e-01 
-2.830561e-01 -9.591033e-01 
-2.643224e-01 7.758121e-01 
-2.624875e-01 6.232021e-01 
-2.600871e-01 4.716980e-01 
-2.592652e-01 -1.355493e-01 
-2.591707e-01 -2.865728e-01 
-2.588026e-01 1.540515e-02 
-2.585039e-01 1.668256e-01 
-2.584811e-01 3.188464e-01 
-2.584116e-01 -4.376551e-01 
-2.572204e-01 -5.891563e-01 
-2.504617e-01 -7.369540e-01 
-2.401603e-01 9.029636e-01 
-2.338796e-01 -8.916743e-01 
-2.196664e-01 6.978891e-01 
-2.173164e-01 5.465107e-01 
-2.154076e-01 3.948776e-01 
-2.149627e-01 -2.109936e-01 
-2.148515e-01 -5.997303e-02 
-2.145876e-01 -3.621256e-01 
-2.145771e-01 9.120352e-02 
-2.145269e-01 2.427410e-01 
-2.134156e-01 -5.136570e-01 
-2.100285e-01 -6.619693e-01 
-2.087496e-01 8.349177e-01 
-2.066699e-01 9.784107e-01 
-2.023168e-01 -8.173624e-01 
-2.012300e-01 -9.795440e-01 
-1.744247e-01 6.211200e-01 
-1.723700e-01 4.700426e-01 
-1.710022e-01 3.185540e-01 
-1.707454e-01 -1.354011e-01 
-1.705849e-01 -2.865160e-01 
-1.705607e-01 1.669409e-01 
-1.705593e-01 1.568374e-02 
-1.698573e-01 -4.379331e-01 
-1.698084e-01 7.646000e-01 
-1.670557e-01 -5.884921e-01 
-1.639820e-01 -7.382278e-01 
-1.553313e-01 9.116829e-01 
-1.520810e-01 -9.021906e-01 
-1.293046e-01 5.447964e-01 
-1.279195e-01 6.918411e-01 
-1.276663e-01 3.938714e-01 
-1.267639e-01 2.425987e-01 
-1.265084e-01 -5.980922e-02 
-1.264929e-01 -2.108811e-01 
-1.264820e-01 9.131342e-02 
-1.261085e-01 -3.621959e-01 
-1.244158e-01 -5.133694e-01 
-1.207200e-01 -6.654447e-01 
-1.207124e-01 -8.145845e-01 
-1.199106e-01 8.392507e-01 
-1.192744e-01 -9.928613e-01 
-1.190249e-01 9.928913e-01 
-8.450476e-02 6.175532e-01 
-8.438597e-02 4.687986e-01 
-8.316721e-02 3.179877e-01 
-8.258785e-02 1.668711e-01 
-8.237000e-02 1.574668e-02 
-8.235927e-02 -1.352914e-01 
-8.218430e-02 -2.864594e-01 
-8.126143e-02 -4.377969e-01 
-8.053707e-02 7.660045e-01 
-7.888230e-02 -5.899597e-01 
-7.449063e-02 -7.438876e-01 
-7.239062e-02 9.200550e-01 
-6.869160e-02 -9.412045e-01 
-6.757074e-02 -8.710747e-01 
-4.032199e-02 5.426238e-01 
-3.967137e-02 3.931012e-01 
-3.896205e-02 6.916222e-01 
-3.883087e-02 2.422757e-01 
-3.840231e-02 9.123550e-02 
-3.822874e-02 -5.977689e-02 
-3.813454e-02 -2.108146e-01 
-3.769853e-02 -3.620326e-01 
-3.633815e-02 -5.140292e-01 
-3.413210e-02 8.439856e-01 
-3.345177e-02 -6.675545e-01 
-3.044968e-02 9.995363e-01 
-2.149410e-02 -8.169257e-01 
-2.042672e-02 -9.997914e-01 
4.165393e-03 4.676148e-01 
4.190151e-03 6.167970e-01 
4.811518e-03 3.175254e-01 
5.426093e-03 1.666025e-01 
5.806330e-03 1.566868e-02 
5.964758e-03 -1.352970e-01 
6.179089e-03 -2.863517e-01 
6.193293e-03 7.677292e-01 
6.825794e-03 -4.378999e-01 
8.503024e-03 -5.908962e-01 
1.144860e-02 9.226772e-01 
1.422870e-02 -7.439329e-01 
1.491620e-02 -9.122160e-01 
4.827055e-02 5.421775e-01 
4.856902e-02 6.917995e-01 
4.857930e-02 3.924956e-01 
4.912183e-02 2.418476e-01 
4.970631e-02 9.100681e-02 
5.002449e-02 -5.985929e-02 
5.021322e-02 -2.108414e-01 
5.052954e-02 -3.620158e-01 
5.125480e-02 -5.140307e-01 
5.148804e-02 8.439597e-01 
5.392318e-02 -6.676727e-01 
5.664224e-02 -8.317347e-01 
5.897271e-02 9.982596e-01 
6.327659e-02 -9.979960e-01 
9.239853e-02 6.171021e-01 
9.250644e-02 4.675345e-01 
9.278601e-02 3.169225e-01 
9.290742e-02 7.665715e-01 
9.347369e-02 1.662301e-01 
9.400791e-02 1.547628e-02 
9.426463e-02 -1.353945e-01 
9.450841e-02 -2.864884e-01 
9.484611e-02 -4.377426e-01 
9.569552e-02 -5.900461e-01 
9.591509e-02 9.189644e-01 
9.638685e-02 -7.492463e-01 
9.740053e-02 -9.136396e-01 
1.364564e-01 3.919717e-01 
1.365332e-01 5.429634e-01 
1.367024e-01 6.918653e-01 
1.371118e-01 2.413201e-01 
1.378601e-01 9.071267e-02 
1.382873e-01 -6.004963e-02 
1.383543e-01 8.393917e-01 
1.384280e-01 -8.275127e-01 
1.384657e-01 -6.675772e-01 
1.384997e-01 -2.110058e-01 
1.388701e-01 -3.622183e-01 
1.391223e-01 -5.132551e-01 
1.488554e-01 9.888590e-01 
1.496242e-01 -9.887429e-01 
1.795313e-01 -9.028207e-01 
1.800709e-01 4.671238e-01 
1.802442e-01 -7.426994e-01 
1.806612e-01 3.163462e-01 
1.808402e-01 6.188764e-01 
1.809781e-01 9.096319e-01 
1.815948e-01 1.658402e-01 
1.817554e-01 7.653714e-01 
1.822400e-01 1.521183e-02 
1.825532e-01 -1.356330e-01 
1.825655e-01 -5.889644e-01 
1.827943e-01 -2.867092e-01 
1.833405e-01 -4.379163e-01 
2.212174e-01 -8.152945e-01 
2.235778e-01 5.423656e-01 
2.241371e-01 3.913355e-01 
2.251336e-01 2.409170e-01 
2.254269e-01 -6.628058e-01 
2.260582e-01 9.036732e-02 
2.261941e-01 6.954210e-01 
2.265512e-01 -6.031778e-02 
2.267713e-01 -2.113234e-01 
2.272390e-01 -3.624404e-01 
2.276653e-01 -5.137700e-01 
2.297511e-01 8.347201e-01 
2.352738e-01 -9.719291e-01 
2.393070e-01 9.709440e-01 
2.601341e-01 -8.860533e-01 
2.670241e-01 6.176520e-01 
2.671849e-01 -7.342366e-01 
2.674775e-01 4.661716e-01 
2.685770e-01 3.160450e-01 
2.691668e-01 8.968010e-01 
2.697361e-01 1.654271e-01 
2.705204e-01 1.488136e-02 
2.708217e-01 -1.358948e-01 
2.711136e-01 -2.871828e-01 
2.717551e-01 -4.381947e-01 
2.721427e-01 -5.889994e-01 
2.743925e-01 7.729351e-01 
3.074235e-01 -8.029522e-01 
3.105511e-01 5.406162e-01 
3.108482e-01 6.929644e-01 
3.120676e-01 3.912294e-01 
3.130602e-01 2.405305e-01 
3.143067e-01 8.987597e-02 
3.148626e-01 -6.053697e-02 
3.149205e-01 -2.116375e-01 
3.157257e-01 -3.632640e-01 
3.164695e-01 -5.134465e-01 
3.168750e-01 -6.636593e-01 
3.197752e-01 -9.474934e-01 
3.321972e-01 9.432099e-01 
3.337017e-01 8.498664e-01 
3.428797e-01 -8.690938e-01 
3.531622e-01 6.143242e-01 
3.550330e-01 7.690667e-01 
3.556291e-01 4.664122e-01 
3.563013e-01 3.158708e-01 
3.578544e-01 1.647414e-01 
3.589883e-01 1.450565e-02 
3.590757e-01 -1.359612e-01 
3.591653e-01 -2.877274e-01 
3.607968e-01 -4.394011e-01 
3.609991e-01 -7.387292e-01 
3.613778e-01 -5.877858e-01 
3.951244e-01 6.869678e-01 
3.992057e-01 5.416045e-01 
3.997667e-01 3.915493e-01 
4.006841e-01 2.396831e-01 
4.027500e-01 8.925809e-02 
4.027942e-01 -2.115789e-01 
4.033687e-01 -6.071029e-02 
4.038987e-01 -3.641733e-01 
4.039561e-01 -8.166605e-01 
4.059628e-01 -6.605842e-01 
4.062812e-01 -9.137481e-01 
4.065601e-01 -5.155750e-01 
4.120205e-01 9.111746e-01 
4.214064e-01 8.335752e-01 
4.356274e-01 7.571634e-01 
4.425622e-01 6.171713e-01 
4.433635e-01 3.149490e-01 
4.434589e-01 4.677613e-01 
4.461667e-01 1.638679e-01 
4.466742e-01 -2.875355e-01 
4.468265e-01 -7.313654e-01 
4.475196e-01 -1.359288e-01 
4.477983e-01 1.409581e-02 
4.492621e-01 -4.411122e-01 
4.533276e-01 -5.918203e-01 
4.794095e-01 -8.775913e-01 
4.830519e-01 -7.982031e-01 
4.862859e-01 3.904774e-01 
4.863663e-01 6.934776e-01 
4.871269e-01 5.452375e-01 
4.882346e-01 2.386866e-01 
4.906526e-01 -2.114268e-01 
4.910829e-01 -3.636560e-01 
4.914993e-01 8.855833e-02 
4.921656e-01 -6.086674e-02 
4.954895e-01 -5.190796e-01 
4.987582e-01 8.667412e-01 
5.009845e-01 -6.679153e-01 
5.089124e-01 7.832088e-01 
5.289392e-01 4.661332e-01 
5.301574e-01 6.257048e-01 
5.303161e-01 3.141380e-01 
5.342314e-01 -2.874819e-01 
5.348061e-01 1.629331e-01 
5.356639e-01 -4.396143e-01 
5.362789e-01 -1.358678e-01 
5.371065e-01 1.365535e-02 
5.432789e-01 -5.992394e-01 
5.442757e-01 -7.422545e-01 
5.577314e-01 -8.300215e-01 
5.670612e-01 7.155623e-01 
5.700904e-01 5.418633e-01 
5.731263e-01 3.899570e-01 
5.755381e-01 2.378928e-01 
5.783170e-01 -2.114400e-01 
5.789064e-01 -3.636515e-01 
5.797742e-01 -5.149444e-01 
5.805801e-01 8.776500e-02 
5.807634e-01 8.140724e-01 
5.812888e-01 -6.096649e-02 
5.952921e-01 -6.822835e-01 
6.061184e-01 6.181263e-01 
6.157242e-01 4.656845e-01 
6.169540e-01 3.142267e-01 
6.216123e-01 -2.881737e-01 
6.227789e-01 -5.881518e-01 
6.237869e-01 1.619633e-01 
6.240081e-01 -4.391806e-01 
6.253989e-01 -1.357199e-01 
6.264877e-01 -7.794313e-01 
6.271750e-01 1.318975e-02 
6.401515e-01 6.833411e-01 
6.485862e-01 7.611412e-01 
6.560359e-01 5.414485e-01 
6.602783e-01 3.913144e-01 
6.618646e-01 2.374327e-01 
6.651105e-01 -2.115714e-01 
6.673143e-01 -3.652365e-01 
6.676351e-01 -6.516242e-01 
6.689406e-01 -5.130745e-01 
6.699231e-01 8.687607e-02 
6.707232e-01 -6.095776e-02 
6.864961e-01 -7.271335e-01 
6.954979e-01 6.134982e-01 
7.023798e-01 3.154584e-01 
7.036163e-01 4.686382e-01 
7.079097e-01 -2.896160e-01 
7.131690e-01 1.611099e-01 
7.142835e-01 -4.414728e-01 
7.150595e-01 -1.354964e-01 
7.156213e-01 -5.821807e-01 
7.184864e-01 1.273379e-02 
7.192744e-01 6.947261e-01 
7.460578e-01 2.375375e-01 
7.463015e-01 5.446289e-01 
7.466559e-01 3.946102e-01 
7.499920e-01 -2.119260e-01 
7.502052e-01 -6.612051e-01 
7.552510e-01 -3.680795e-01 
7.591568e-01 8.613454e-02 
7.602011e-01 -6.093691e-02 
7.626111e-01 -5.152050e-01 
7.802242e-01 6.255000e-01 
7.856801e-01 3.180360e-01 
7.919537e-01 4.734381e-01 
7.922822e-01 -2.919639e-01 
8.032149e-01 1.613705e-01 
8.048470e-01 -5.934824e-01 
8.050123e-01 -4.452405e-01 
8.056905e-01 -1.360239e-01 
8.117851e-01 1.242664e-02 
8.266094e-01 2.389914e-01 
8.314816e-01 -2.133054e-01 
8.318174e-01 3.995968e-01 
8.335276e-01 5.524779e-01 
8.420607e-01 -3.723411e-01 
8.467307e-01 8.687279e-02 
8.482329e-01 -6.196916e-02 
8.531124e-01 -5.217271e-01 
8.662651e-01 3.236398e-01 
8.739946e-01 -2.971393e-01 
8.795729e-01 4.757641e-01 
8.945244e-01 1.665859e-01 
8.949768e-01 -4.461127e-01 
8.980259e-01 -1.410187e-01 
9.013558e-01 2.458809e-01 
9.071830e-01 -2.198286e-01 
9.073042e-01 1.261512e-02 
9.183368e-01 3.957998e-01 
9.271415e-01 9.098548e-02 
9.290551e-01 -6.546662e-02 
9.301867e-01 -3.670868e-01 
9.498503e-01 3.127049e-01 
9.585949e-01 -2.847734e-01 
9.747593e-01 2.232584e-01 
9.806536e-01 -1.957512e-01 
9.896419e-01 1.435578e-01 
9.932069e-01 -1.163619e-01 
9.985724e-01 5.341467e-02 
9.996532e-01 -2.633218e-02 
