-9.999998e-01 6.216284e-04 
-9.991943e-01 -4.013403e-02 
-9.990181e-01 4.430306e-02 
-9.969810e-01 -7.764619e-02 
-9.963710e-01 8.511703e-02 
-9.927536e-01 -1.201681e-01 
-9.923822e-01 1.231977e-01 
-9.874598e-01 -1.578704e-01 
-9.860257e-01 1.665934e-01 
-9.797159e-01 -2.003913e-01 
-9.786254e-01 2.056511e-01 
-9.707409e-01 -2.401295e-01 
-9.682393e-01 2.500254e-01 
-9.667489e-01 2.138245e-02 
-9.612437e-01 -1.911125e-02 
-9.610038e-01 -9.534142e-02 
-9.608531e-01 -2.770583e-01 
-9.593874e-01 6.110715e-02 
-9.566654e-01 2.911894e-01 
-9.563109e-01 1.383860e-01 
-9.519011e-01 -5.692503e-02 
-9.511258e-01 -1.716678e-01 
-9.491193e-01 9.848587e-02 
-9.477347e-01 -3.190596e-01 
-9.459961e-01 -1.328389e-01 
-9.429695e-01 2.177286e-01 
-9.417653e-01 3.362709e-01 
-9.402981e-01 1.757809e-01 
-9.378426e-01 -2.107017e-01 
-9.334501e-01 -3.587072e-01 
-9.320311e-01 1.972373e-02 
-9.265803e-01 2.554763e-01 
-9.253480e-01 3.791188e-01 
-9.240383e-01 -2.856083e-01 
-9.222187e-01 -2.469049e-01 
-9.217128e-01 -9.380767e-02 
-9.207150e-01 -2.078643e-02 
-9.197647e-01 3.034424e-01 
-9.195503e-01 5.934666e-02 
-9.180684e-01 1.334225e-01 
-9.175326e-01 -3.976605e-01 
-9.143517e-01 -1.696488e-01 
-9.080306e-01 2.085322e-01 
-9.072869e-01 4.205122e-01 
-9.066944e-01 -3.237018e-01 
-9.042638e-01 -5.731158e-02 
-9.022087e-01 9.498089e-02 
-9.015566e-01 3.453796e-01 
-9.010285e-01 -1.310774e-01 
-8.998907e-01 -4.361155e-01 
-8.965095e-01 -2.082526e-01 
-8.958629e-01 1.682567e-01 
-8.945948e-01 1.840891e-02 
-8.938364e-01 2.759320e-01 
-8.911621e-01 -3.614690e-01 
-8.876517e-01 -2.817963e-01 
-8.875250e-01 4.607596e-01 
-8.835491e-01 3.855466e-01 
-8.834286e-01 2.387233e-01 
-8.805041e-01 -4.740385e-01 
-8.787021e-01 -9.382691e-02 
-8.780247e-01 -2.055425e-02 
-8.772197e-01 5.642957e-02 
-8.769054e-01 3.132607e-01 
-8.761742e-01 -2.438741e-01 
-8.752614e-01 1.292697e-01 
-8.745533e-01 -3.989996e-01 
-8.743171e-01 -1.687294e-01 
-8.676667e-01 -3.209332e-01 
-8.660439e-01 4.999680e-01 
-8.659824e-01 2.001837e-01 
-8.647127e-01 4.245964e-01 
-8.593896e-01 -5.113214e-01 
-8.589251e-01 3.509993e-01 
-8.584490e-01 -5.723498e-02 
-8.565989e-01 -1.308193e-01 
-8.564612e-01 -4.361671e-01 
-8.563586e-01 9.173627e-02 
-8.548581e-01 2.748046e-01 
-8.538592e-01 1.735179e-02 
-8.535259e-01 -2.061401e-01 
-8.504652e-01 1.630043e-01 
-8.502820e-01 -3.594103e-01 
-8.480907e-01 -2.810016e-01 
-8.446022e-01 4.627329e-01 
-8.428318e-01 5.381771e-01 
-8.410554e-01 2.363242e-01 
-8.407180e-01 3.886827e-01 
-8.367982e-01 -4.728009e-01 
-8.365835e-01 -5.478395e-01 
-8.360446e-01 3.131817e-01 
-8.348607e-01 -9.382541e-02 
-8.344437e-01 -2.056621e-02 
-8.335096e-01 5.422870e-02 
-8.324362e-01 -3.970684e-01 
-8.321150e-01 -1.679547e-01 
-8.318353e-01 -2.428152e-01 
-8.307316e-01 1.260746e-01 
-8.273996e-01 -3.197062e-01 
-8.234650e-01 1.986029e-01 
-8.230766e-01 5.000193e-01 
-8.215914e-01 4.259357e-01 
-8.178601e-01 5.754171e-01 
-8.173032e-01 3.511009e-01 
-8.155760e-01 -5.087493e-01 
-8.154022e-01 2.741936e-01 
-8.135145e-01 -5.724246e-02 
-8.134720e-01 -4.339344e-01 
-8.123916e-01 -1.305925e-01 
-8.121271e-01 -5.834805e-01 
-8.111554e-01 1.645030e-02 
-8.109428e-01 8.947379e-02 
-8.103048e-01 -2.052263e-01 
-8.088030e-01 -3.578129e-01 
-8.071279e-01 -2.804120e-01 
-8.061231e-01 1.616097e-01 
-8.012676e-01 4.625716e-01 
-8.001071e-01 5.365055e-01 
-7.990895e-01 2.359018e-01 
-7.983361e-01 3.885270e-01 
-7.952805e-01 3.126562e-01 
-7.931904e-01 -4.699900e-01 
-7.928490e-01 -5.438964e-01 
-7.910454e-01 6.117575e-01 
-7.907495e-01 -9.380502e-02 
-7.904377e-01 -2.072333e-02 
-7.899414e-01 -3.950981e-01 
-7.892009e-01 5.274702e-02 
-7.890771e-01 -1.676294e-01 
-7.883105e-01 -2.423244e-01 
-7.864077e-01 1.250246e-01 
-7.862368e-01 -3.186060e-01 
-7.860483e-01 -6.181651e-01 
-7.809048e-01 1.983770e-01 
-7.797041e-01 4.984921e-01 
-7.785356e-01 4.253399e-01 
-7.757095e-01 5.723451e-01 
-7.756801e-01 3.505454e-01 
-7.750070e-01 2.740406e-01 
-7.715553e-01 -5.051967e-01 
-7.701312e-01 -4.315722e-01 
-7.689513e-01 -5.728955e-02 
-7.686936e-01 -5.781839e-01 
-7.683512e-01 -1.305481e-01 
-7.674512e-01 1.582433e-02 
-7.670245e-01 -2.048257e-01 
-7.667383e-01 -3.562817e-01 
-7.662045e-01 8.861674e-02 
-7.652952e-01 -2.798950e-01 
-7.623752e-01 1.614721e-01 
-7.621490e-01 6.474017e-01 
-7.583297e-01 -6.518712e-01 
-7.576587e-01 4.615023e-01 
-7.571023e-01 2.360237e-01 
-7.570075e-01 5.336843e-01 
-7.558745e-01 3.878326e-01 
-7.541047e-01 3.123021e-01 
-7.499299e-01 6.080256e-01 
-7.491346e-01 -4.672507e-01 
-7.486209e-01 -5.395237e-01 
-7.469954e-01 -3.932151e-01 
-7.466238e-01 -9.385212e-02 
-7.462420e-01 -2.086507e-02 
-7.456984e-01 -1.675207e-01 
-7.450631e-01 -2.420187e-01 
-7.449199e-01 5.217389e-02 
-7.443038e-01 -3.176430e-01 
-7.431931e-01 -6.116702e-01 
-7.424331e-01 1.249330e-01 
-7.382464e-01 1.986839e-01 
-7.356800e-01 4.970580e-01 
-7.353298e-01 4.245030e-01 
-7.338657e-01 2.741058e-01 
-7.337509e-01 3.500530e-01 
-7.334783e-01 5.682957e-01 
-7.305595e-01 6.828490e-01 
-7.288157e-01 -6.847099e-01 
-7.268873e-01 -5.021716e-01 
-7.264034e-01 -4.294023e-01 
-7.246086e-01 -5.734597e-02 
-7.245271e-01 -5.729918e-01 
-7.244219e-01 -1.305811e-01 
-7.241121e-01 -3.549324e-01 
-7.236887e-01 -2.046343e-01 
-7.234560e-01 1.563218e-02 
-7.228782e-01 -2.794263e-01 
-7.227174e-01 6.447650e-01 
-7.219627e-01 8.854960e-02 
-7.189290e-01 1.618405e-01 
-7.164567e-01 -6.447401e-01 
-7.149323e-01 2.364004e-01 
-7.138466e-01 4.606317e-01 
-7.131941e-01 3.872529e-01 
-7.127537e-01 5.321987e-01 
-7.124777e-01 3.121488e-01 
-7.097879e-01 6.027382e-01 
-7.047411e-01 -4.648934e-01 
-7.036242e-01 -3.915824e-01 
-7.034276e-01 -5.364478e-01 
-7.025748e-01 -9.390210e-02 
-7.021837e-01 -1.674928e-01 
-7.020932e-01 -2.085582e-02 
-7.018470e-01 -2.417823e-01 
-7.017675e-01 -3.168113e-01 
-7.008321e-01 5.217840e-02 
-7.006989e-01 7.134571e-01 
-6.995691e-01 -6.057914e-01 
-6.987203e-01 1.252958e-01 
-6.969669e-01 -7.171033e-01 
-6.954951e-01 1.992251e-01 
-6.921607e-01 2.743485e-01 
-6.920034e-01 4.239585e-01 
-6.915126e-01 3.497804e-01 
-6.914597e-01 4.964290e-01 
-6.892872e-01 5.673907e-01 
-6.885214e-01 -6.786209e-01 
-6.859277e-01 6.360673e-01 
-6.845869e-01 6.746534e-01 
-6.823608e-01 -4.276038e-01 
-6.819737e-01 -4.998146e-01 
-6.810281e-01 -3.537925e-01 
-6.805872e-01 -1.306127e-01 
-6.804759e-01 -5.732007e-02 
-6.802996e-01 -2.045167e-01 
-6.800478e-01 -2.789995e-01 
-6.794924e-01 1.574982e-02 
-6.789202e-01 -5.703866e-01 
-6.780566e-01 8.888147e-02 
-6.756398e-01 1.624306e-01 
-6.744642e-01 -6.386139e-01 
-6.725619e-01 2.369169e-01 
-6.704643e-01 3.122155e-01 
-6.703555e-01 3.869899e-01 
-6.700676e-01 4.603627e-01 
-6.684486e-01 5.323499e-01 
-6.674642e-01 7.446419e-01 
-6.655957e-01 -7.463125e-01 
-6.654604e-01 6.028744e-01 
-6.601615e-01 -4.631093e-01 
-6.600932e-01 7.077237e-01 
-6.599370e-01 -3.902536e-01 
-6.587878e-01 -3.161032e-01 
-6.586570e-01 -9.388895e-02 
-6.586294e-01 -1.674677e-01 
-6.585714e-01 -2.415682e-01 
-6.582267e-01 -5.344628e-01 
-6.581032e-01 -2.069938e-02 
-6.569602e-01 5.248547e-02 
-6.551951e-01 1.258624e-01 
-6.538379e-01 -6.047884e-01 
-6.530093e-01 -7.088873e-01 
-6.526727e-01 1.998738e-01 
-6.500559e-01 2.747378e-01 
-6.492238e-01 -6.713463e-01 
-6.490499e-01 3.497943e-01 
-6.487116e-01 4.239184e-01 
-6.485004e-01 6.456595e-01 
-6.475530e-01 4.968667e-01 
-6.452018e-01 5.690094e-01 
-6.381577e-01 -4.262540e-01 
-6.376182e-01 -3.528698e-01 
-6.373405e-01 7.705823e-01 
-6.370818e-01 -4.983651e-01 
-6.369278e-01 -2.786113e-01 
-6.368728e-01 -2.044057e-01 
-6.368554e-01 -1.305908e-01 
-6.365520e-01 -5.719589e-02 
-6.356756e-01 1.604596e-02 
-6.346575e-01 6.820637e-01 
-6.343905e-01 8.939024e-02 
-6.341442e-01 -7.732148e-01 
-6.339061e-01 -5.695265e-01 
-6.324460e-01 1.631074e-01 
-6.300284e-01 2.375165e-01 
-6.287837e-01 -6.407965e-01 
-6.281767e-01 3.124983e-01 
-6.274916e-01 3.871365e-01 
-6.266059e-01 4.608922e-01 
-6.252341e-01 6.101622e-01 
-6.248704e-01 5.341015e-01 
-6.224299e-01 7.263861e-01 
-6.215913e-01 -7.350605e-01 
-6.160782e-01 -3.892607e-01 
-6.156383e-01 -4.620078e-01 
-6.155107e-01 -3.155170e-01 
-6.152238e-01 -2.413551e-01 
-6.150903e-01 -1.674020e-01 
-6.148914e-01 -9.379510e-02 
-6.143037e-01 -2.044052e-02 
-6.134444e-01 -5.339360e-01 
-6.132884e-01 5.292800e-02 
-6.124820e-01 -6.867602e-01 
-6.118153e-01 1.265004e-01 
-6.098092e-01 2.005627e-01 
-6.097958e-01 -6.061691e-01 
-6.076948e-01 2.752498e-01 
-6.064885e-01 3.501155e-01 
-6.064014e-01 6.498226e-01 
-6.056562e-01 4.244728e-01 
-6.050785e-01 -7.961658e-01 
-6.043553e-01 4.984381e-01 
-6.038839e-01 5.740288e-01 
-6.029380e-01 7.977881e-01 
-5.980530e-01 7.589540e-01 
-5.940252e-01 -3.521756e-01 
-5.939859e-01 -4.254143e-01 
-5.936935e-01 6.916653e-01 
-5.936222e-01 -2.782647e-01 
-5.934336e-01 -2.042701e-01 
-5.932335e-01 -1.305000e-01 
-5.928235e-01 -5.699255e-02 
-5.925977e-01 -4.979579e-01 
-5.920315e-01 1.642716e-02 
-5.909100e-01 8.995655e-02 
-5.899414e-01 -5.707556e-01 
-5.898428e-01 -6.482022e-01 
-5.893269e-01 1.637982e-01 
-5.877674e-01 -7.193223e-01 
-5.873910e-01 2.381643e-01 
-5.857424e-01 3.129809e-01 
-5.847569e-01 3.877078e-01 
-5.837717e-01 6.137906e-01 
-5.837123e-01 4.621976e-01 
-5.829949e-01 5.376045e-01 
-5.829342e-01 -7.606622e-01 
-5.758663e-01 -8.175439e-01 
-5.746310e-01 7.283162e-01 
-5.722109e-01 -3.886331e-01 
-5.720709e-01 -3.150603e-01 
-5.719543e-01 8.202855e-01 
-5.718301e-01 -2.411390e-01 
-5.715980e-01 -1.672840e-01 
-5.714378e-01 -4.616584e-01 
-5.712767e-01 -9.363119e-02 
-5.706885e-01 -2.012482e-02 
-5.697928e-01 5.341321e-02 
-5.695683e-01 -5.347955e-01 
-5.685585e-01 1.271390e-01 
-5.685385e-01 -6.105813e-01 
-5.679953e-01 -6.841871e-01 
-5.669390e-01 2.012522e-01 
-5.664442e-01 6.549747e-01 
-5.652007e-01 2.758578e-01 
-5.639573e-01 3.507158e-01 
-5.629965e-01 4.255375e-01 
-5.622946e-01 5.770437e-01 
-5.622353e-01 5.008943e-01 
-5.599022e-01 7.726779e-01 
-5.543074e-01 -7.905850e-01 
-5.503929e-01 -3.517233e-01 
-5.502258e-01 -2.779706e-01 
-5.500426e-01 -4.251073e-01 
-5.500102e-01 -2.041061e-01 
-5.498066e-01 -7.265136e-01 
-5.497220e-01 -1.303490e-01 
-5.496289e-01 6.933189e-01 
-5.492684e-01 -5.673839e-02 
-5.488022e-01 -4.984896e-01 
-5.485526e-01 1.683571e-02 
-5.476158e-01 -5.733885e-01 
-5.475822e-01 9.051794e-02 
-5.466091e-01 -6.481357e-01 
-5.462805e-01 1.644633e-01 
-5.453516e-01 -8.382074e-01 
-5.447120e-01 2.388317e-01 
-5.432753e-01 3.136182e-01 
-5.430637e-01 6.172691e-01 
-5.422589e-01 3.885941e-01 
-5.414969e-01 4.639404e-01 
-5.412302e-01 5.399451e-01 
-5.379325e-01 8.429879e-01 
-5.334087e-01 7.338024e-01 
-5.326662e-01 8.002632e-01 
-5.321956e-01 -7.619612e-01 
-5.285904e-01 -3.147439e-01 
-5.284890e-01 -3.883701e-01 
-5.284316e-01 -2.409300e-01 
-5.281713e-01 -1.671228e-01 
-5.278010e-01 -9.341905e-02 
-5.277368e-01 -4.619450e-01 
-5.272373e-01 -1.978700e-02 
-5.270379e-01 -6.885038e-01 
-5.267030e-01 -5.363894e-01 
-5.264503e-01 5.389194e-02 
-5.256882e-01 -6.113133e-01 
-5.254121e-01 1.277417e-01 
-5.245952e-01 6.563508e-01 
-5.240941e-01 2.019153e-01 
-5.226686e-01 2.765199e-01 
-5.215380e-01 3.514874e-01 
-5.210694e-01 5.794492e-01 
-5.207490e-01 4.268035e-01 
-5.203226e-01 5.026488e-01 
-5.151208e-01 -8.571176e-01 
-5.143220e-01 -8.057816e-01 
-5.112212e-01 7.666413e-01 
-5.076717e-01 6.957157e-01 
-5.068466e-01 -3.515059e-01 
-5.068230e-01 -2.777428e-01 
-5.068081e-01 -7.266523e-01 
-5.066296e-01 -2.039261e-01 
-5.064483e-01 -4.252291e-01 
-5.063171e-01 -1.301573e-01 
-5.058631e-01 -5.645966e-02 
-5.056729e-01 -4.994484e-01 
-5.052208e-01 1.723818e-02 
-5.049982e-01 -6.506471e-01 
-5.047775e-01 -5.742667e-01 
-5.043849e-01 9.104301e-02 
-5.033103e-01 1.650796e-01 
-5.020414e-01 2.394857e-01 
-5.019459e-01 8.265048e-01 
-5.015224e-01 6.184881e-01 
-5.008451e-01 3.143208e-01 
-5.005941e-01 8.656822e-01 
-4.999910e-01 3.895527e-01 
-4.996645e-01 5.416373e-01 
-4.994727e-01 4.652371e-01 
-4.902162e-01 -7.671728e-01 
-4.875271e-01 7.314386e-01 
-4.851680e-01 -3.145654e-01 
-4.850720e-01 -2.407439e-01 
-4.850035e-01 -3.883904e-01 
-4.849913e-01 -8.342565e-01 
-4.848224e-01 -1.669376e-01 
-4.846285e-01 -6.891225e-01 
-4.844934e-01 -4.625045e-01 
-4.844499e-01 -9.318202e-02 
-4.839276e-01 -1.945091e-02 
-4.837788e-01 -5.371492e-01 
-4.835708e-01 -6.129193e-01 
-4.832399e-01 5.433926e-02 
-4.831487e-01 7.972664e-01 
-4.830030e-01 6.575137e-01 
-4.823672e-01 1.282895e-01 
-4.812967e-01 2.025284e-01 
-4.801524e-01 2.771728e-01 
-4.800634e-01 -8.772338e-01 
-4.794548e-01 5.804485e-01 
-4.792292e-01 3.522562e-01 
-4.786373e-01 4.277697e-01 
-4.785305e-01 5.038506e-01 
-4.665674e-01 -8.012234e-01 
-4.654957e-01 -7.286092e-01 
-4.648963e-01 8.853651e-01 
-4.641242e-01 8.419847e-01 
-4.637643e-01 6.946828e-01 
-4.634804e-01 -2.775868e-01 
-4.634598e-01 -3.514677e-01 
-4.633160e-01 -2.037482e-01 
-4.632899e-01 7.655010e-01 
-4.631745e-01 -4.255349e-01 
-4.630144e-01 -1.299472e-01 
-4.627444e-01 -6.513233e-01 
-4.626580e-01 -5.000172e-01 
-4.625862e-01 -5.617735e-02 
-4.623241e-01 -5.753313e-01 
-4.620165e-01 1.761591e-02 
-4.613010e-01 9.151671e-02 
-4.604171e-01 1.656315e-01 
-4.598905e-01 6.191956e-01 
-4.594048e-01 2.400864e-01 
-4.584601e-01 3.149737e-01 
-4.579119e-01 5.424083e-01 
-4.577990e-01 3.902964e-01 
-4.575193e-01 4.661030e-01 
-4.475200e-01 -8.942739e-01 
-4.460259e-01 -8.443732e-01 
-4.451561e-01 -7.650474e-01 
-4.427496e-01 -6.900809e-01 
-4.424062e-01 8.077219e-01 
-4.420044e-01 7.307487e-01 
-4.418617e-01 -3.144928e-01 
-4.417872e-01 -2.405916e-01 
-4.417447e-01 -3.885355e-01 
-4.415598e-01 -1.667484e-01 
-4.414144e-01 -4.628890e-01 
-4.412102e-01 -9.294031e-02 
-4.412000e-01 -6.135063e-01 
-4.410963e-01 -5.378605e-01 
-4.407390e-01 -1.913218e-02 
-4.403255e-01 6.570487e-01 
-4.401432e-01 5.474308e-02 
-4.394142e-01 1.287723e-01 
-4.385541e-01 2.030688e-01 
-4.377106e-01 5.809122e-01 
-4.376620e-01 2.777474e-01 
-4.369506e-01 3.528582e-01 
-4.366395e-01 5.044287e-01 
-4.365577e-01 4.284133e-01 
-4.313034e-01 9.022070e-01 
-4.267044e-01 8.528025e-01 
-4.246975e-01 -8.043173e-01 
-4.223436e-01 -7.275076e-01 
-4.212602e-01 7.706322e-01 
-4.205937e-01 -6.518303e-01 
-4.202372e-01 -3.515113e-01 
-4.202367e-01 -2.774894e-01 
-4.200872e-01 -2.035859e-01 
-4.200639e-01 -4.257687e-01 
-4.198701e-01 6.942138e-01 
-4.198221e-01 -5.004847e-01 
-4.198095e-01 -1.297375e-01 
-4.197893e-01 -5.757884e-01 
-4.194204e-01 -5.590680e-02 
-4.189216e-01 1.795886e-02 
-4.183150e-01 9.193214e-02 
-4.176877e-01 6.189842e-01 
-4.175951e-01 1.661072e-01 
-4.168029e-01 2.405967e-01 
-4.163608e-01 -8.711732e-01 
-4.160828e-01 3.154863e-01 
-4.160444e-01 5.427200e-01 
-4.156103e-01 3.907994e-01 
-4.155018e-01 4.665395e-01 
-4.098534e-01 -9.121514e-01 
-4.025475e-01 8.117374e-01 
-4.023470e-01 -7.655606e-01 
-4.000313e-01 -6.895289e-01 
-3.994577e-01 7.328930e-01 
-3.992650e-01 -8.368224e-01 
-3.988207e-01 -6.138023e-01 
-3.986818e-01 -3.144710e-01 
-3.986300e-01 -3.886557e-01 
-3.985974e-01 -2.404712e-01 
-3.984825e-01 -4.631830e-01 
-3.984133e-01 -5.381933e-01 
-3.983882e-01 -1.665697e-01 
-3.980708e-01 -9.270903e-02 
-3.979873e-01 8.798976e-01 
-3.976541e-01 -1.884050e-02 
-3.974746e-01 6.566747e-01 
-3.971437e-01 5.509803e-02 
-3.965408e-01 1.291848e-01 
-3.958594e-01 2.035189e-01 
-3.956470e-01 5.807981e-01 
-3.951793e-01 2.781984e-01 
-3.946588e-01 3.532762e-01 
-3.946516e-01 5.046472e-01 
-3.944262e-01 4.287565e-01 
-3.923648e-01 9.198097e-01 
-3.797045e-01 7.720192e-01 
-3.796673e-01 8.451013e-01 
-3.796314e-01 -7.272769e-01 
-3.793772e-01 -8.004854e-01 
-3.779956e-01 -6.515249e-01 
-3.773172e-01 6.948583e-01 
-3.772308e-01 -5.759737e-01 
-3.771372e-01 -3.515497e-01 
-3.770999e-01 -2.774226e-01 
-3.770798e-01 -4.259376e-01 
-3.770262e-01 -5.007115e-01 
-3.769645e-01 -8.780763e-01 
-3.769511e-01 -2.034438e-01 
-3.766978e-01 -1.295410e-01 
-3.763516e-01 -5.565805e-02 
-3.759204e-01 1.826203e-02 
-3.754116e-01 9.228695e-02 
-3.753480e-01 -9.268840e-01 
-3.753096e-01 6.186669e-01 
-3.748322e-01 1.665005e-01 
-3.742218e-01 2.409974e-01 
-3.739764e-01 5.426478e-01 
-3.736900e-01 3.158520e-01 
-3.734015e-01 4.667065e-01 
-3.733748e-01 3.910873e-01 
-3.581427e-01 8.078591e-01 
-3.580249e-01 -7.634583e-01 
-3.580086e-01 8.856505e-01 
-3.573244e-01 -6.891427e-01 
-3.572293e-01 7.331057e-01 
-3.570668e-01 9.340789e-01 
-3.570015e-01 -8.386120e-01 
-3.561928e-01 -6.136268e-01 
-3.557217e-01 -5.383107e-01 
-3.556257e-01 -3.887347e-01 
-3.556108e-01 -4.633237e-01 
-3.556077e-01 -3.144512e-01 
-3.555048e-01 -2.403711e-01 
-3.553072e-01 -1.664081e-01 
-3.550955e-01 6.566515e-01 
-3.550223e-01 -9.249743e-02 
-3.546589e-01 -1.858115e-02 
-3.542260e-01 5.540267e-02 
-3.537327e-01 1.295261e-01 
-3.534290e-01 5.805316e-01 
-3.531992e-01 2.038739e-01 
-3.526909e-01 2.785277e-01 
-3.525234e-01 5.046031e-01 
-3.523266e-01 3.535336e-01 
-3.522235e-01 4.289007e-01 
-3.459543e-01 -9.023035e-01 
-3.370470e-01 8.458227e-01 
-3.362213e-01 7.698873e-01 
-3.361056e-01 -7.259445e-01 
-3.359648e-01 -8.005982e-01 
-3.355484e-01 -9.420230e-01 
-3.352799e-01 -6.511751e-01 
-3.349058e-01 6.945334e-01 
-3.345355e-01 -5.758679e-01 
-3.342424e-01 -5.007806e-01 
-3.341649e-01 -4.260106e-01 
-3.341350e-01 -3.515643e-01 
-3.340581e-01 -2.773610e-01 
-3.339056e-01 -2.033183e-01 
-3.336733e-01 -1.293638e-01 
-3.333681e-01 -5.543640e-02 
-3.330282e-01 6.184100e-01 
-3.329989e-01 1.852394e-02 
-3.325764e-01 9.258240e-02 
-3.321143e-01 1.668133e-01 
-3.317765e-01 5.424344e-01 
-3.316501e-01 2.412960e-01 
-3.312682e-01 3.160921e-01 
-3.311955e-01 4.666900e-01 
-3.310795e-01 3.912262e-01 
-3.297183e-01 -8.695743e-01 
-3.269478e-01 9.095119e-01 
-3.163700e-01 9.486359e-01 
-3.150533e-01 8.072135e-01 
-3.145184e-01 -7.628689e-01 
-3.141819e-01 7.316724e-01 
-3.141529e-01 -6.882796e-01 
-3.134459e-01 -6.133566e-01 
-3.129623e-01 -5.382412e-01 
-3.127691e-01 -4.633552e-01 
-3.126934e-01 -3.887554e-01 
-3.126846e-01 6.561568e-01 
-3.126218e-01 -3.144196e-01 
-3.124999e-01 -2.402790e-01 
-3.123110e-01 -1.662637e-01 
-3.120555e-01 -9.230936e-02 
-3.117407e-01 -1.835584e-02 
-3.113767e-01 5.565858e-02 
-3.111680e-01 5.802325e-01 
-3.111455e-01 -8.348392e-01 
-3.109761e-01 1.298008e-01 
-3.105621e-01 2.041437e-01 
-3.103069e-01 8.766525e-01 
-3.102842e-01 5.044445e-01 
-3.101886e-01 2.787550e-01 
-3.099477e-01 3.536758e-01 
-3.099386e-01 4.289128e-01 
-3.060531e-01 -9.111224e-01 
-2.973821e-01 -9.547585e-01 
-2.931443e-01 7.688123e-01 
-2.927533e-01 -7.252776e-01 
-2.922829e-01 -6.506047e-01 
-2.920770e-01 6.934789e-01 
-2.917541e-01 -5.756708e-01 
-2.914353e-01 -5.007282e-01 
-2.913266e-01 -7.984843e-01 
-2.912927e-01 -4.260116e-01 
-2.912044e-01 -3.515452e-01 
-2.910977e-01 -2.772960e-01 
-2.910830e-01 8.415187e-01 
-2.909416e-01 -2.032039e-01 
-2.907276e-01 -1.292064e-01 
-2.906399e-01 6.179210e-01 
-2.904592e-01 -5.524314e-02 
-2.901446e-01 1.874593e-02 
-2.897959e-01 9.282328e-02 
-2.894919e-01 5.421691e-01 
-2.894296e-01 1.670556e-01 
-2.890802e-01 2.415102e-01 
-2.888983e-01 4.665842e-01 
-2.888144e-01 3.162395e-01 
-2.887207e-01 3.912659e-01 
-2.878802e-01 -8.744345e-01 
-2.865011e-01 9.175261e-01 
-2.774679e-01 9.607349e-01 
-2.711612e-01 7.306469e-01 
-2.709596e-01 -6.877178e-01 
-2.706506e-01 8.045794e-01 
-2.705294e-01 -6.129754e-01 
-2.704838e-01 -7.616202e-01 
-2.701529e-01 -5.380994e-01 
-2.700083e-01 6.553534e-01 
-2.699333e-01 -4.633087e-01 
-2.698120e-01 -3.887308e-01 
-2.697059e-01 -3.143704e-01 
-2.695711e-01 -2.401898e-01 
-2.693901e-01 -1.661339e-01 
-2.691608e-01 -9.214469e-02 
-2.688885e-01 -1.816332e-02 
-2.687849e-01 5.798172e-01 
-2.686066e-01 -8.364909e-01 
-2.685833e-01 5.587004e-02 
-2.682593e-01 1.300176e-01 
-2.679574e-01 5.042370e-01 
-2.679519e-01 8.805033e-01 
-2.679398e-01 2.043435e-01 
-2.676700e-01 2.789053e-01 
-2.675807e-01 4.288544e-01 
-2.675220e-01 3.537394e-01 
-2.673080e-01 -9.165787e-01 
-2.609968e-01 -9.653397e-01 
-2.494115e-01 7.671412e-01 
-2.492172e-01 -6.501772e-01 
-2.491668e-01 6.926166e-01 
-2.491467e-01 -7.244818e-01 
-2.488746e-01 -5.754144e-01 
-2.486088e-01 -5.006250e-01 
-2.484459e-01 -4.259630e-01 
-2.483289e-01 -3.514995e-01 
-2.482873e-01 8.422184e-01 
-2.482048e-01 -2.772243e-01 
-2.481625e-01 -7.989539e-01 
-2.480601e-01 6.173103e-01 
-2.480483e-01 -2.030976e-01 
-2.478510e-01 -1.290671e-01 
-2.476146e-01 -5.507661e-02 
-2.473465e-01 1.893171e-02 
-2.473345e-01 9.220988e-01 
-2.471479e-01 -8.753768e-01 
-2.470963e-01 5.418431e-01 
-2.470589e-01 9.301711e-02 
-2.467692e-01 1.672403e-01 
-2.465241e-01 4.664361e-01 
-2.465082e-01 2.416599e-01 
-2.463296e-01 3.163216e-01 
-2.463056e-01 3.912476e-01 
-2.405420e-01 9.706387e-01 
-2.349364e-01 -9.380556e-01 
-2.278147e-01 7.295167e-01 
-2.276344e-01 -6.871861e-01 
-2.275502e-01 -6.126675e-01 
-2.274660e-01 8.043276e-01 
-2.272929e-01 -5.379283e-01 
-2.272212e-01 6.546677e-01 
-2.271482e-01 -7.616256e-01 
-2.271024e-01 -4.632275e-01 
-2.269679e-01 -3.886762e-01 
-2.269335e-01 8.807030e-01 
-2.268464e-01 -3.143075e-01 
-2.267065e-01 -2.401015e-01 
-2.265345e-01 -1.660165e-01 
-2.263281e-01 -9.200110e-02 
-2.262580e-01 5.793587e-01 
-2.261625e-01 -8.366347e-01 
-2.260919e-01 -1.800018e-02 
-2.258354e-01 5.604327e-02 
-2.255730e-01 1.301873e-01 
-2.255386e-01 5.039939e-01 
-2.253266e-01 2.044893e-01 
-2.251602e-01 4.287587e-01 
-2.251347e-01 2.790001e-01 
-2.250552e-01 3.537531e-01 
-2.200901e-01 -9.046927e-01 
-2.186923e-01 -9.757939e-01 
-2.147267e-01 9.430316e-01 
-2.061709e-01 7.666423e-01 
-2.060802e-01 6.918149e-01 
-2.060758e-01 -6.498158e-01 
-2.059520e-01 -5.752078e-01 
-2.058616e-01 -7.243247e-01 
-2.057668e-01 -5.005053e-01 
-2.056785e-01 8.417719e-01 
-2.056208e-01 -4.258923e-01 
-2.054971e-01 -3.514369e-01 
-2.053736e-01 6.167814e-01 
-2.053677e-01 -2.771478e-01 
-2.052151e-01 -2.029979e-01 
-2.050706e-01 -7.989087e-01 
-2.050333e-01 -1.289434e-01 
-2.048242e-01 -5.493349e-02 
-2.045946e-01 1.908653e-02 
-2.045922e-01 5.415029e-01 
-2.043562e-01 9.317249e-02 
-2.041261e-01 1.673802e-01 
-2.040771e-01 4.662622e-01 
-2.039317e-01 2.417622e-01 
-2.038419e-01 3.911950e-01 
-2.038172e-01 3.163597e-01 
-2.011995e-01 -8.700986e-01 
-1.998329e-01 9.096111e-01 
-1.976068e-01 9.802814e-01 
-1.936002e-01 -9.428260e-01 
-1.846673e-01 7.290139e-01 
-1.845241e-01 -6.124430e-01 
-1.844539e-01 -6.869967e-01 
-1.844173e-01 -5.377872e-01 
-1.843392e-01 8.038303e-01 
-1.843239e-01 6.540805e-01 
-1.842790e-01 -4.631372e-01 
-1.841558e-01 -3.886084e-01 
-1.840334e-01 -3.142369e-01 
-1.839094e-01 -7.615143e-01 
-1.838955e-01 -2.400149e-01 
-1.837338e-01 -1.659095e-01 
-1.836407e-01 5.789558e-01 
-1.835475e-01 -9.187554e-02 
-1.833412e-01 -1.786184e-02 
-1.831239e-01 5.618534e-02 
-1.830379e-01 5.037436e-01 
-1.829093e-01 1.303202e-01 
-1.827182e-01 2.045952e-01 
-1.826832e-01 4.286401e-01 
-1.825833e-01 2.790562e-01 
-1.825522e-01 3.537348e-01 
-1.814081e-01 -8.344206e-01 
-1.807376e-01 8.749497e-01 
-1.778688e-01 -9.840542e-01 
-1.767092e-01 -9.076922e-01 
-1.730635e-01 9.470591e-01 
-1.630734e-01 6.913763e-01 
-1.630168e-01 -5.750631e-01 
-1.629868e-01 -6.496961e-01 
-1.629787e-01 7.662214e-01 
-1.629291e-01 -5.004049e-01 
-1.628175e-01 -4.258171e-01 
-1.627032e-01 -3.513680e-01 
-1.626593e-01 -7.241820e-01 
-1.626106e-01 6.163391e-01 
-1.625773e-01 -2.770701e-01 
-1.624321e-01 -2.029042e-01 
-1.622649e-01 -1.288330e-01 
-1.620786e-01 -5.480984e-02 
-1.620155e-01 5.411958e-01 
-1.618798e-01 1.921628e-02 
-1.616797e-01 9.329794e-02 
-1.615676e-01 4.660797e-01 
-1.614943e-01 1.674869e-01 
-1.613485e-01 2.418310e-01 
-1.613346e-01 3.911202e-01 
-1.612792e-01 3.163685e-01 
-1.610917e-01 -7.979972e-01 
-1.607642e-01 8.391768e-01 
-1.577760e-01 -8.721258e-01 
-1.561269e-01 9.877370e-01 
-1.559446e-01 9.118734e-01 
-1.534843e-01 -9.490178e-01 
-1.415740e-01 7.286743e-01 
-1.415488e-01 -5.376907e-01 
-1.415415e-01 -6.123620e-01 
-1.414738e-01 -4.630598e-01 
-1.414553e-01 6.537093e-01 
-1.413741e-01 -3.885395e-01 
-1.413010e-01 -6.869686e-01 
-1.412605e-01 -3.141648e-01 
-1.411296e-01 -2.399313e-01 
-1.409788e-01 -1.658116e-01 
-1.409663e-01 5.786121e-01 
-1.408097e-01 -9.176479e-02 
-1.406273e-01 -1.774339e-02 
-1.404790e-01 5.035080e-01 
-1.404403e-01 5.630323e-02 
-1.403888e-01 -7.610654e-01 
-1.402936e-01 8.026870e-01 
-1.402616e-01 1.304258e-01 
-1.401571e-01 4.285100e-01 
-1.401104e-01 2.046728e-01 
-1.400158e-01 3.536954e-01 
-1.400154e-01 2.790861e-01 
-1.382060e-01 -8.356956e-01 
-1.368842e-01 -9.905871e-01 
-1.368712e-01 8.763850e-01 
-1.353119e-01 -9.124856e-01 
-1.325882e-01 9.524933e-01 
-1.201206e-01 6.910867e-01 
-1.201191e-01 -5.750095e-01 
-1.201115e-01 -5.003352e-01 
-1.200410e-01 -4.257510e-01 
-1.199579e-01 -6.496931e-01 
-1.199436e-01 -3.513002e-01 
-1.198526e-01 6.160195e-01 
-1.198267e-01 -2.769942e-01 
-1.196907e-01 -2.028164e-01 
-1.195367e-01 -1.287333e-01 
-1.194893e-01 7.657153e-01 
-1.193924e-01 5.409205e-01 
-1.193688e-01 -5.470164e-02 
-1.193123e-01 -7.241662e-01 
-1.191937e-01 1.932673e-02 
-1.190219e-01 9.340127e-02 
-1.190097e-01 4.658994e-01 
-1.188686e-01 1.675702e-01 
-1.187878e-01 3.910325e-01 
-1.187561e-01 2.418774e-01 
-1.187161e-01 3.163580e-01 
-1.180489e-01 -7.985159e-01 
-1.172403e-01 8.401840e-01 
-1.160239e-01 -8.751038e-01 
-1.144313e-01 9.934312e-01 
-1.139279e-01 9.160584e-01 
-1.129443e-01 -9.540578e-01 
-9.871728e-02 -5.376519e-01 
-9.869596e-02 -4.630032e-01 
-9.863061e-02 6.534374e-01 
-9.862335e-02 -3.884775e-01 
-9.861567e-02 -6.123714e-01 
-9.852286e-02 -3.140954e-01 
-9.844242e-02 7.284067e-01 
-9.840112e-02 -2.398519e-01 
-9.828262e-02 5.783290e-01 
-9.826096e-02 -1.657214e-01 
-9.818774e-02 -6.870385e-01 
-9.810606e-02 -9.166577e-02 
-9.794200e-02 -1.764010e-02 
-9.787829e-02 5.032842e-01 
-9.777711e-02 5.640341e-02 
-9.762358e-02 1.305124e-01 
-9.758892e-02 4.283757e-01 
-9.749912e-02 2.047317e-01 
-9.744694e-02 3.536437e-01 
-9.742911e-02 2.790997e-01 
-9.719544e-02 -7.617395e-01 
-9.710586e-02 8.033843e-01 
-9.616741e-02 -8.366993e-01 
-9.564239e-02 -9.954158e-01 
-9.468819e-02 -9.154438e-01 
-9.456944e-02 8.793352e-01 
-9.177882e-02 9.568773e-01 
-7.733053e-02 -5.003022e-01 
-7.729522e-02 -4.256991e-01 
-7.727494e-02 -5.750190e-01 
-7.721756e-02 6.908666e-01 
-7.721627e-02 -3.512380e-01 
-7.712048e-02 6.157464e-01 
-7.711004e-02 -2.769221e-01 
-7.699737e-02 -6.497835e-01 
-7.698322e-02 -2.027343e-01 
-7.684037e-02 -1.286424e-01 
-7.674809e-02 5.406677e-01 
-7.668655e-02 -5.460513e-02 
-7.655639e-02 7.661278e-01 
-7.652857e-02 1.942322e-02 
-7.641099e-02 4.657206e-01 
-7.637621e-02 9.348938e-02 
-7.631073e-02 -7.246314e-01 
-7.624362e-02 1.676384e-01 
-7.620339e-02 3.909396e-01 
-7.615111e-02 2.419105e-01 
-7.612656e-02 3.163376e-01 
-7.518639e-02 -7.998708e-01 
-7.500631e-02 -8.747563e-01 
-7.486114e-02 8.421377e-01 
-7.238952e-02 9.194347e-01 
-7.230439e-02 9.973826e-01 
-7.203522e-02 -9.553723e-01 
-5.595393e-02 -4.629702e-01 
-5.593438e-02 -5.376555e-01 
-5.590425e-02 -3.884251e-01 
-5.586424e-02 6.531866e-01 
-5.581659e-02 -3.140307e-01 
-5.576244e-02 -6.124486e-01 
-5.570369e-02 -2.397770e-01 
-5.567850e-02 7.285491e-01 
-5.560205e-02 5.780548e-01 
-5.557249e-02 -1.656377e-01 
-5.542840e-02 -9.157557e-02 
-5.529995e-02 -6.873698e-01 
-5.527735e-02 -1.754762e-02 
-5.525812e-02 -9.984721e-01 
-5.524551e-02 5.030654e-01 
-5.517109e-02 -9.114861e-01 
-5.512722e-02 5.649164e-02 
-5.498932e-02 1.305871e-01 
-5.498012e-02 4.282412e-01 
-5.487994e-02 2.047802e-01 
-5.484481e-02 3.535886e-01 
-5.482193e-02 2.791058e-01 
-5.471483e-02 8.045445e-01 
-5.445796e-02 -7.625923e-01 
-5.328881e-02 -8.382867e-01 
-5.284632e-02 8.816452e-01 
-5.054164e-02 9.597949e-01 
-3.459321e-02 -5.002972e-01 
-3.458374e-02 -4.256618e-01 
-3.454668e-02 6.907737e-01 
-3.451936e-02 -3.511820e-01 
-3.449548e-02 -5.750743e-01 
-3.442207e-02 -2.768541e-01 
-3.442039e-02 6.154540e-01 
-3.430275e-02 -2.026571e-01 
-3.419556e-02 -6.500071e-01 
-3.416818e-02 -1.285581e-01 
-3.415855e-02 7.666596e-01 
-3.408339e-02 5.404084e-01 
-3.402410e-02 -5.451681e-02 
-3.387708e-02 1.951053e-02 
-3.377178e-02 4.655444e-01 
-3.373613e-02 9.356827e-02 
-3.361426e-02 1.676986e-01 
-3.359377e-02 -7.252064e-01 
-3.357972e-02 3.908489e-01 
-3.353001e-02 2.419383e-01 
-3.350839e-02 3.163161e-01 
-3.300227e-02 8.435084e-01 
-3.265432e-02 -8.007988e-01 
-3.137382e-02 -8.767397e-01 
-3.097766e-02 9.214463e-01 
-3.069878e-02 -9.721876e-01 
-3.027989e-02 -9.383818e-01 
-2.976515e-02 9.995569e-01 
-1.325151e-02 7.286008e-01 
-1.325116e-02 -4.629540e-01 
-1.322162e-02 6.529221e-01 
-1.321674e-02 -3.883807e-01 
-1.320631e-02 -5.376897e-01 
-1.313774e-02 -3.139702e-01 
-1.303115e-02 -2.397060e-01 
-1.302031e-02 -6.125945e-01 
-1.291608e-02 5.777490e-01 
-1.290621e-02 -1.655588e-01 
-1.276923e-02 -9.149144e-02 
-1.272920e-02 8.051284e-01 
-1.262606e-02 -1.746202e-02 
-1.261189e-02 -6.877390e-01 
-1.257310e-02 5.028436e-01 
-1.248391e-02 5.657297e-02 
-1.235310e-02 1.306559e-01 
-1.232706e-02 4.281139e-01 
-1.224852e-02 2.048253e-01 
-1.220679e-02 3.535388e-01 
-1.219082e-02 2.791125e-01 
-1.190451e-02 -7.632440e-01 
-1.135109e-02 8.827280e-01 
-1.083789e-02 -8.391046e-01 
-8.980748e-03 9.610851e-01 
-6.971165e-03 -9.999757e-01 
-6.225938e-03 -9.122957e-01 
7.944589e-03 6.904976e-01 
7.964879e-03 7.666263e-01 
8.093022e-03 -4.256322e-01 
8.097112e-03 -5.003096e-01 
8.150014e-03 -3.511302e-01 
8.204733e-03 -5.751682e-01 
8.242485e-03 -2.767893e-01 
8.244929e-03 6.151052e-01 
8.357375e-03 -2.025835e-01 
8.472131e-03 -6.502403e-01 
8.487054e-03 -1.284781e-01 
8.620092e-03 5.401320e-01 
8.625787e-03 -5.443346e-02 
8.634968e-03 8.437706e-01 
8.767602e-03 1.959288e-02 
8.904419e-03 9.364314e-02 
8.917423e-03 4.653772e-01 
8.967579e-03 -7.256211e-01 
9.024419e-03 1.677569e-01 
9.086854e-03 3.907703e-01 
9.110842e-03 2.419681e-01 
9.141109e-03 3.163015e-01 
9.789336e-03 -8.014082e-01 
1.039147e-02 9.219115e-01 
1.093564e-02 -9.577559e-01 
1.214910e-02 -8.765638e-01 
1.308436e-02 9.999144e-01 
2.903542e-02 7.281435e-01 
2.909998e-02 8.047260e-01 
2.936948e-02 6.524811e-01 
2.941146e-02 -4.629430e-01 
2.944183e-02 -3.883388e-01 
2.946073e-02 -5.377421e-01 
2.951838e-02 -3.139120e-01 
2.962257e-02 -2.396376e-01 
2.963191e-02 -6.127474e-01 
2.974466e-02 -1.654830e-01 
2.980159e-02 5.774076e-01 
2.987848e-02 -9.141075e-02 
2.996872e-02 -6.879974e-01 
3.001874e-02 -1.737974e-02 
3.004843e-02 8.823853e-01 
3.015739e-02 5.026301e-01 
3.015914e-02 5.665182e-02 
3.029048e-02 1.307241e-01 
3.037690e-02 4.280052e-01 
3.039931e-02 2.048730e-01 
3.046716e-02 2.791270e-01 
3.046971e-02 3.535029e-01 
3.054107e-02 -7.636058e-01 
3.186425e-02 -8.394180e-01 
3.268263e-02 -9.191410e-01 
3.276659e-02 9.606820e-01 
3.370114e-02 -9.994320e-01 
5.003366e-02 7.657665e-01 
5.020475e-02 8.427575e-01 
5.042621e-02 6.898357e-01 
5.073801e-02 -4.256013e-01 
5.073810e-02 -5.003217e-01 
5.079662e-02 -3.510786e-01 
5.083695e-02 -5.752620e-01 
5.088936e-02 -2.767260e-01 
5.095467e-02 6.146564e-01 
5.100354e-02 -2.025119e-01 
5.107074e-02 -6.504206e-01 
5.113208e-02 -1.284004e-01 
5.126988e-02 -5.435208e-02 
5.139184e-02 5.398635e-01 
5.141191e-02 1.967406e-02 
5.146378e-02 -7.258285e-01 
5.155118e-02 9.371847e-02 
5.166784e-02 4.652361e-01 
5.167712e-02 1.678185e-01 
5.170232e-02 9.207798e-01 
5.177478e-02 2.420056e-01 
5.179945e-02 3.907133e-01 
5.182425e-02 3.163012e-01 
5.217509e-02 -9.592160e-01 
5.220726e-02 -8.015894e-01 
5.265847e-02 -8.796986e-01 
5.611781e-02 9.984242e-01 
7.095048e-02 8.032548e-01 
7.139307e-02 7.270888e-01 
7.141726e-02 8.805805e-01 
7.203766e-02 -4.629232e-01 
7.205977e-02 6.518360e-01 
7.207133e-02 -5.377751e-01 
7.207693e-02 -3.882934e-01 
7.215763e-02 -3.138534e-01 
7.222619e-02 -6.128697e-01 
7.226360e-02 -2.395699e-01 
7.238659e-02 -1.654084e-01 
7.252132e-02 -9.133090e-02 
7.252260e-02 -6.881661e-01 
7.261503e-02 5.770595e-01 
7.266348e-02 -1.729749e-02 
7.280790e-02 5.673209e-02 
7.294655e-02 1.307961e-01 
7.296284e-02 5.024543e-01 
7.297582e-02 -7.636697e-01 
7.306744e-02 2.049284e-01 
7.313542e-02 4.279273e-01 
7.315444e-02 2.791550e-01 
7.318655e-02 3.534891e-01 
7.321081e-02 -8.404813e-01 
7.333856e-02 -9.187335e-01 
7.457261e-02 9.585747e-01 
7.576748e-02 -9.971255e-01 
9.183354e-02 8.405021e-01 
9.225891e-02 7.641419e-01 
9.290122e-02 9.180827e-01 
9.309930e-02 6.888752e-01 
9.333924e-02 -5.003080e-01 
9.335833e-02 -4.255600e-01 
9.341127e-02 -5.753041e-01 
9.342702e-02 -3.510237e-01 
9.352468e-02 -2.766620e-01 
9.361694e-02 -9.565479e-01 
9.363479e-02 -6.505602e-01 
9.364196e-02 -2.024404e-01 
9.377323e-02 -1.283225e-01 
9.382022e-02 6.141824e-01 
9.391449e-02 -5.426977e-02 
9.396892e-02 -8.785937e-01 
9.399816e-02 -7.259495e-01 
9.406187e-02 1.975754e-02 
9.416425e-02 -8.018158e-01 
9.420959e-02 9.379813e-02 
9.426412e-02 5.396458e-01 
9.434828e-02 1.678876e-01 
9.446479e-02 2.420555e-01 
9.448281e-02 4.651382e-01 
9.454243e-02 3.163211e-01 
9.455926e-02 3.906876e-01 
9.921727e-02 9.950658e-01 
1.128340e-01 8.774029e-01 
1.130248e-01 8.008959e-01 
1.140570e-01 7.256842e-01 
1.146394e-01 -4.628802e-01 
1.146421e-01 -5.377551e-01 
1.146968e-01 -3.882398e-01 
1.147210e-01 -9.157876e-01 
1.147613e-01 -6.129055e-01 
1.147865e-01 -3.137919e-01 
1.148981e-01 -2.395014e-01 
1.150021e-01 6.511779e-01 
1.150256e-01 -1.653328e-01 
1.150771e-01 -6.883303e-01 
1.151654e-01 -9.124925e-02 
1.151984e-01 -8.394073e-01 
1.153141e-01 -1.721216e-02 
1.153683e-01 -7.638658e-01 
1.154680e-01 5.681725e-02 
1.155754e-01 5.767878e-01 
1.156200e-01 1.308756e-01 
1.157595e-01 2.049953e-01 
1.158474e-01 5.023360e-01 
1.158729e-01 2.792008e-01 
1.159436e-01 3.535031e-01 
1.159484e-01 4.278928e-01 
1.163486e-01 9.548003e-01 
1.179219e-01 -9.930229e-01 
1.337157e-01 8.372617e-01 
1.339360e-01 9.139519e-01 
1.347906e-01 -9.522671e-01 
1.349147e-01 7.621637e-01 
1.359193e-01 -5.002514e-01 
1.359471e-01 -5.752588e-01 
1.359659e-01 -4.255025e-01 
1.360487e-01 -3.509625e-01 
1.360784e-01 -8.762073e-01 
1.361272e-01 -6.505765e-01 
1.361547e-01 -2.765956e-01 
1.361559e-01 6.879766e-01 
1.362785e-01 -2.023671e-01 
1.364163e-01 -1.282421e-01 
1.365221e-01 -7.262419e-01 
1.365655e-01 -5.418363e-02 
1.367231e-01 1.984650e-02 
1.367504e-01 -8.015024e-01 
1.368848e-01 9.388550e-02 
1.369041e-01 6.138502e-01 
1.370421e-01 1.679675e-01 
1.371835e-01 2.421211e-01 
1.372371e-01 5.395059e-01 
1.372960e-01 3.163650e-01 
1.373614e-01 4.650993e-01 
1.373638e-01 3.906995e-01 
1.423002e-01 9.898235e-01 
1.544823e-01 8.731493e-01 
1.556508e-01 7.982114e-01 
1.569706e-01 -9.119566e-01 
1.571984e-01 -5.376666e-01 
1.572341e-01 -4.628095e-01 
1.572559e-01 -6.128104e-01 
1.572730e-01 7.244966e-01 
1.573108e-01 -3.881743e-01 
1.574120e-01 -3.137262e-01 
1.574950e-01 -6.883383e-01 
1.575317e-01 -2.394302e-01 
1.576674e-01 -1.652538e-01 
1.578163e-01 -9.116309e-02 
1.579763e-01 -1.712075e-02 
1.580745e-01 -7.641796e-01 
1.581031e-01 9.494602e-01 
1.581447e-01 5.691048e-02 
1.582226e-01 -8.386656e-01 
1.582625e-01 6.508018e-01 
1.583155e-01 1.309657e-01 
1.584790e-01 2.050763e-01 
1.586239e-01 2.792669e-01 
1.586623e-01 5.766285e-01 
1.587392e-01 3.535485e-01 
1.588079e-01 5.022994e-01 
1.588103e-01 4.279082e-01 
1.600250e-01 -9.871130e-01 
1.748236e-01 9.087384e-01 
1.758806e-01 -9.469537e-01 
1.762443e-01 8.337320e-01 
1.783332e-01 7.606383e-01 
1.784779e-01 -5.751128e-01 
1.785023e-01 -5.001544e-01 
1.785605e-01 -6.504046e-01 
1.785728e-01 -4.254251e-01 
1.786701e-01 -3.508943e-01 
1.787854e-01 -2.765258e-01 
1.789007e-01 -7.261375e-01 
1.789183e-01 -2.022898e-01 
1.790667e-01 -1.281564e-01 
1.792282e-01 -5.409080e-02 
1.794010e-01 1.994397e-02 
1.795818e-01 9.398355e-02 
1.796682e-01 6.876198e-01 
1.797430e-01 -8.750794e-01 
1.797629e-01 1.680608e-01 
1.798917e-01 -8.022119e-01 
1.799336e-01 2.422044e-01 
1.800846e-01 3.164342e-01 
1.801356e-01 6.136826e-01 
1.802086e-01 3.907516e-01 
1.802923e-01 4.651266e-01 
1.803010e-01 5.394843e-01 
1.853564e-01 9.826714e-01 
1.968189e-01 8.686293e-01 
1.992905e-01 7.962671e-01 
1.997557e-01 -6.125718e-01 
1.997737e-01 -5.375261e-01 
1.998358e-01 -4.627087e-01 
1.998687e-01 -6.879966e-01 
1.999296e-01 -3.880985e-01 
2.000404e-01 -3.136564e-01 
2.001146e-01 9.428418e-01 
2.001692e-01 -2.393545e-01 
2.003166e-01 -1.651690e-01 
2.003880e-01 -7.640026e-01 
2.004791e-01 -9.106955e-02 
2.006550e-01 -1.702035e-02 
2.008429e-01 5.701469e-02 
2.010377e-01 1.310690e-01 
2.011461e-01 7.243068e-01 
2.012295e-01 2.051734e-01 
2.014088e-01 2.793541e-01 
2.015109e-01 -9.099785e-01 
2.015704e-01 3.536249e-01 
2.016691e-01 6.506481e-01 
2.017119e-01 4.279753e-01 
2.018221e-01 5.023524e-01 
2.018567e-01 5.766459e-01 
2.022273e-01 -8.405839e-01 
2.023029e-01 -9.793230e-01 
2.158040e-01 9.034096e-01 
2.183872e-01 -9.425378e-01 
2.200344e-01 8.311739e-01 
2.210352e-01 -6.499988e-01 
2.210529e-01 -5.749095e-01 
2.211027e-01 -5.000137e-01 
2.211761e-01 -7.255653e-01 
2.211925e-01 -4.253338e-01 
2.212982e-01 -3.508222e-01 
2.214209e-01 -2.764514e-01 
2.215656e-01 -2.022059e-01 
2.217291e-01 -1.280626e-01 
2.219075e-01 -5.398841e-02 
2.220094e-01 -8.020409e-01 
2.221001e-01 2.005279e-02 
2.223052e-01 9.409500e-02 
2.225147e-01 1.681696e-01 
2.227176e-01 2.423061e-01 
2.227328e-01 7.609216e-01 
2.229078e-01 3.165280e-01 
2.230868e-01 3.908416e-01 
2.232593e-01 4.652218e-01 
2.232673e-01 6.875092e-01 
2.234150e-01 5.395852e-01 
2.234927e-01 6.137811e-01 
2.253064e-01 -8.799034e-01 
2.285604e-01 9.735297e-01 
2.405324e-01 8.649373e-01 
2.423089e-01 -6.873444e-01 
2.423517e-01 -6.122780e-01 
2.423785e-01 -5.373227e-01 
2.424574e-01 -7.631050e-01 
2.424624e-01 -4.625902e-01 
2.425618e-01 -3.880204e-01 
2.426752e-01 -3.135825e-01 
2.428141e-01 -2.392716e-01 
2.429776e-01 -1.650751e-01 
2.431586e-01 -9.096577e-02 
2.433549e-01 -1.690818e-02 
2.434273e-01 9.355914e-01 
2.435672e-01 5.713261e-02 
2.437908e-01 1.311879e-01 
2.437994e-01 -8.404451e-01 
2.440147e-01 2.052879e-01 
2.442291e-01 2.794616e-01 
2.444344e-01 3.537294e-01 
2.444822e-01 7.976423e-01 
2.446410e-01 4.280887e-01 
2.448636e-01 5.024961e-01 
2.449137e-01 7.242574e-01 
2.450879e-01 5.768290e-01 
2.452256e-01 6.508968e-01 
2.462420e-01 -9.692084e-01 
2.505986e-01 -9.212272e-01 
2.567723e-01 8.979182e-01 
2.635415e-01 -7.245425e-01 
2.636641e-01 -8.005854e-01 
2.636721e-01 -5.746071e-01 
2.636841e-01 -6.496105e-01 
2.637456e-01 -4.998515e-01 
2.638359e-01 -4.252453e-01 
2.639357e-01 -3.507477e-01 
2.640635e-01 -2.763695e-01 
2.642240e-01 -2.021121e-01 
2.644078e-01 -1.279576e-01 
2.646079e-01 -5.387376e-02 
2.648250e-01 2.017559e-02 
2.649654e-01 -8.797225e-01 
2.650594e-01 9.422238e-02 
2.653018e-01 1.682958e-01 
2.655389e-01 2.424262e-01 
2.657657e-01 3.166431e-01 
2.659926e-01 3.909635e-01 
2.662416e-01 4.653734e-01 
2.664121e-01 8.349087e-01 
2.665403e-01 5.398089e-01 
2.665425e-01 7.608945e-01 
2.668564e-01 6.140956e-01 
2.670638e-01 6.880198e-01 
2.725491e-01 9.621419e-01 
2.841904e-01 -9.587679e-01 
2.846644e-01 -8.378465e-01 
2.846712e-01 -7.614710e-01 
2.849917e-01 -6.118308e-01 
2.850527e-01 -5.370904e-01 
2.850622e-01 -6.869037e-01 
2.851289e-01 -4.624864e-01 
2.852076e-01 -3.879446e-01 
2.853171e-01 -3.135018e-01 
2.854689e-01 -2.391780e-01 
2.856541e-01 -1.649689e-01 
2.858589e-01 -9.084903e-02 
2.860801e-01 -1.678182e-02 
2.863216e-01 5.726673e-02 
2.865794e-01 1.313246e-01 
2.868389e-01 2.054205e-01 
2.870876e-01 2.795874e-01 
2.873293e-01 3.538553e-01 
2.873952e-01 9.199688e-01 
2.875870e-01 4.282380e-01 
2.878989e-01 5.027080e-01 
2.879714e-01 7.974294e-01 
2.883047e-01 5.771794e-01 
2.884903e-01 8.738018e-01 
2.887286e-01 6.514092e-01 
2.889934e-01 7.252180e-01 
2.912238e-01 -9.164115e-01 
3.043529e-01 -8.742051e-01 
3.056371e-01 -7.978392e-01 
3.063347e-01 -6.489504e-01 
3.063971e-01 -5.742661e-01 
3.064554e-01 -4.997276e-01 
3.064992e-01 -4.251681e-01 
3.064992e-01 -7.241998e-01 
3.065803e-01 -3.506683e-01 
3.067142e-01 -2.762765e-01 
3.068965e-01 -2.020045e-01 
3.071068e-01 -1.278387e-01 
3.073333e-01 -5.374467e-02 
3.075791e-01 2.031461e-02 
3.078482e-01 9.436808e-02 
3.081287e-01 1.684409e-01 
3.084018e-01 2.425641e-01 
3.084994e-01 8.339838e-01 
3.086605e-01 3.167749e-01 
3.089208e-01 3.911046e-01 
3.092232e-01 4.655652e-01 
3.096249e-01 5.401113e-01 
3.101694e-01 6.146422e-01 
3.106895e-01 6.888145e-01 
3.109529e-01 7.626430e-01 
3.135455e-01 9.495732e-01 
3.248222e-01 -9.457751e-01 
3.257707e-01 9.058471e-01 
3.265310e-01 -8.326990e-01 
3.276700e-01 -6.859173e-01 
3.277878e-01 -6.113155e-01 
3.278240e-01 -4.624106e-01 
3.278382e-01 -5.369453e-01 
3.278606e-01 -3.878671e-01 
3.279650e-01 -3.134098e-01 
3.280825e-01 -7.616348e-01 
3.281352e-01 -2.390689e-01 
3.283499e-01 -1.648471e-01 
3.285839e-01 -9.071733e-02 
3.288339e-01 -1.663952e-02 
3.290479e-01 8.686821e-01 
3.291094e-01 5.741924e-02 
3.294074e-01 1.314814e-01 
3.297071e-01 2.055723e-01 
3.299886e-01 2.797287e-01 
3.302565e-01 3.539936e-01 
3.305409e-01 4.284009e-01 
3.309072e-01 5.029639e-01 
3.314263e-01 5.776116e-01 
3.321371e-01 6.522581e-01 
3.326686e-01 7.263855e-01 
3.327164e-01 8.006640e-01 
3.329632e-01 -9.060318e-01 
3.441020e-01 -8.658788e-01 
3.489014e-01 -7.226911e-01 
3.491683e-01 -4.250944e-01 
3.492045e-01 -4.996622e-01 
3.492126e-01 -6.481377e-01 
3.492286e-01 -3.505781e-01 
3.493113e-01 -5.741044e-01 
3.493729e-01 -2.761661e-01 
3.495860e-01 -2.018791e-01 
3.498302e-01 -1.277037e-01 
3.500871e-01 -5.360001e-02 
3.502877e-01 -7.993929e-01 
3.503651e-01 2.047140e-02 
3.506749e-01 9.453435e-02 
3.510001e-01 1.686071e-01 
3.513120e-01 2.427195e-01 
3.515967e-01 3.169170e-01 
3.518730e-01 3.912502e-01 
3.521894e-01 4.657582e-01 
3.525879e-01 9.357787e-01 
3.526469e-01 5.404608e-01 
3.533003e-01 6.152512e-01 
3.541854e-01 6.901323e-01 
3.542470e-01 8.393954e-01 
3.544611e-01 7.642431e-01 
3.668796e-01 -9.302684e-01 
3.672701e-01 8.851700e-01 
3.699498e-01 -7.592230e-01 
3.705139e-01 -3.877801e-01 
3.705194e-01 -4.623462e-01 
3.705998e-01 -6.845706e-01 
3.706167e-01 -3.132982e-01 
3.706772e-01 -5.369113e-01 
3.708150e-01 -2.389391e-01 
3.709191e-01 -6.111499e-01 
3.710689e-01 -1.647076e-01 
3.713375e-01 -9.057017e-02 
3.716188e-01 -1.648077e-02 
3.719326e-01 5.759185e-02 
3.722782e-01 1.316606e-01 
3.726248e-01 2.057445e-01 
3.729392e-01 2.798834e-01 
3.732217e-01 3.541324e-01 
3.734512e-01 -8.383062e-01 
3.735054e-01 4.285541e-01 
3.738649e-01 5.031955e-01 
3.743950e-01 -8.875248e-01 
3.744404e-01 5.780937e-01 
3.752221e-01 6.530868e-01 
3.758709e-01 8.022241e-01 
3.762338e-01 7.284498e-01 
3.870104e-01 9.220754e-01 
3.908556e-01 -7.955299e-01 
3.917310e-01 -7.203764e-01 
3.918316e-01 -4.250143e-01 
3.918758e-01 -3.504649e-01 
3.919402e-01 -4.996189e-01 
3.920401e-01 -2.760310e-01 
3.922964e-01 -2.017334e-01 
3.923006e-01 -5.741416e-01 
3.925822e-01 -1.275528e-01 
3.927061e-01 -6.479896e-01 
3.928721e-01 -5.344049e-02 
3.931842e-01 2.064637e-02 
3.935416e-01 9.472332e-02 
3.937527e-01 8.418746e-01 
3.939204e-01 1.687965e-01 
3.942766e-01 2.428924e-01 
3.945837e-01 3.170649e-01 
3.948563e-01 3.913787e-01 
3.951477e-01 4.659178e-01 
3.955689e-01 5.407339e-01 
3.962778e-01 6.159165e-01 
3.971185e-01 6.911774e-01 
3.982256e-01 7.674184e-01 
4.072357e-01 -9.133231e-01 
4.075156e-01 8.753315e-01 
4.087579e-01 -8.689812e-01 
4.122597e-01 -7.553352e-01 
4.131588e-01 -3.876642e-01 
4.131978e-01 -4.622821e-01 
4.132717e-01 -3.131559e-01 
4.134739e-01 -5.369088e-01 
4.135118e-01 -2.387856e-01 
4.136715e-01 -8.289290e-01 
4.138160e-01 -1.645508e-01 
4.141231e-01 -9.040948e-02 
4.141652e-01 -6.113264e-01 
4.144356e-01 -1.630687e-02 
4.146729e-01 -6.844731e-01 
4.147917e-01 5.778530e-02 
4.151947e-01 1.318649e-01 
4.155983e-01 2.059389e-01 
4.159482e-01 2.800494e-01 
4.162387e-01 3.542644e-01 
4.164903e-01 4.286604e-01 
4.167923e-01 5.033564e-01 
4.172828e-01 5.783924e-01 
4.181389e-01 6.539967e-01 
4.188537e-01 7.294958e-01 
4.192599e-01 8.081163e-01 
4.201504e-01 9.074545e-01 
4.331334e-01 -7.880175e-01 
4.344733e-01 -4.248957e-01 
4.345205e-01 -3.503099e-01 
4.346400e-01 -4.995912e-01 
4.347196e-01 -2.758676e-01 
4.350327e-01 -2.015683e-01 
4.351940e-01 -5.742074e-01 
4.353673e-01 -1.273891e-01 
4.356898e-01 -5.326913e-02 
4.360354e-01 2.083815e-02 
4.363957e-01 -6.484121e-01 
4.364485e-01 9.493622e-02 
4.365347e-01 -7.204800e-01 
4.368941e-01 1.690127e-01 
4.373041e-01 2.430835e-01 
4.376334e-01 3.172135e-01 
4.378930e-01 3.914811e-01 
4.381112e-01 4.659802e-01 
4.384458e-01 5.408800e-01 
4.389780e-01 6.161751e-01 
4.399571e-01 7.680284e-01 
4.400125e-01 6.923881e-01 
4.406543e-01 8.483001e-01 
4.455893e-01 -8.952375e-01 
4.497775e-01 -8.564968e-01 
4.532856e-01 8.913654e-01 
4.538467e-01 -8.195050e-01 
4.557926e-01 -3.874858e-01 
4.558293e-01 -4.621659e-01 
4.559359e-01 -3.129781e-01 
4.562088e-01 -5.369587e-01 
4.562309e-01 -2.386104e-01 
4.565966e-01 -1.643817e-01 
4.569433e-01 -9.023992e-02 
4.572237e-01 -6.114816e-01 
4.572837e-01 -1.612158e-02 
4.576847e-01 5.799840e-02 
4.581575e-01 1.320962e-01 
4.584613e-01 -7.555255e-01 
4.586349e-01 2.061603e-01 
4.590270e-01 2.802256e-01 
4.590718e-01 -6.853228e-01 
4.593235e-01 3.543800e-01 
4.595327e-01 4.287135e-01 
4.597040e-01 5.033353e-01 
4.600884e-01 5.784848e-01 
4.605829e-01 8.046624e-01 
4.606229e-01 6.540251e-01 
4.618103e-01 7.312086e-01 
4.770860e-01 -4.246768e-01 
4.771752e-01 -3.501059e-01 
4.772465e-01 -4.994954e-01 
4.774173e-01 -2.756801e-01 
4.778008e-01 -2.013923e-01 
4.780028e-01 -5.744118e-01 
4.781893e-01 -1.272190e-01 
4.785408e-01 -5.309182e-02 
4.789152e-01 2.104261e-02 
4.793934e-01 9.517218e-02 
4.797435e-01 -6.486247e-01 
4.799234e-01 1.692588e-01 
4.799752e-01 8.371442e-01 
4.804059e-01 2.432999e-01 
4.806001e-01 -7.903223e-01 
4.807613e-01 3.173580e-01 
4.810041e-01 3.915414e-01 
4.811450e-01 4.659568e-01 
4.812910e-01 5.406956e-01 
4.817219e-01 6.161439e-01 
4.819436e-01 -7.219100e-01 
4.821532e-01 6.917708e-01 
4.842010e-01 7.699488e-01 
4.847675e-01 8.746430e-01 
4.865315e-01 -8.736630e-01 
4.915143e-01 -8.324800e-01 
4.983937e-01 -4.618826e-01 
4.984397e-01 -3.872325e-01 
4.986204e-01 -3.127714e-01 
4.987688e-01 -5.369287e-01 
4.989790e-01 -2.384284e-01 
4.994150e-01 -1.642086e-01 
4.998001e-01 -9.006893e-02 
5.001601e-01 -1.593211e-02 
5.002215e-01 -6.119795e-01 
5.006066e-01 5.822704e-02 
5.011641e-01 1.323543e-01 
5.017396e-01 2.064134e-01 
5.021927e-01 2.804241e-01 
5.024978e-01 3.544662e-01 
5.026573e-01 4.286889e-01 
5.027176e-01 5.032026e-01 
5.028366e-01 5.779788e-01 
5.029764e-01 -6.852223e-01 
5.033967e-01 6.537943e-01 
5.035453e-01 7.287821e-01 
5.043007e-01 -7.592976e-01 
5.082279e-01 8.084566e-01 
5.197044e-01 8.543461e-01 
5.197083e-01 -4.991154e-01 
5.197141e-01 -4.243376e-01 
5.198624e-01 -3.498596e-01 
5.201422e-01 -2.754963e-01 
5.204962e-01 -5.745504e-01 
5.206031e-01 -2.012167e-01 
5.210514e-01 -1.270509e-01 
5.214248e-01 -5.291822e-02 
5.218170e-01 2.125166e-02 
5.221715e-01 -8.021603e-01 
5.223712e-01 9.542705e-02 
5.230073e-01 1.695350e-01 
5.233136e-01 -6.495913e-01 
5.235898e-01 2.435490e-01 
5.239953e-01 3.175218e-01 
5.242162e-01 3.915273e-01 
5.242700e-01 4.658144e-01 
5.243336e-01 6.150319e-01 
5.243434e-01 5.404109e-01 
5.250716e-01 7.641801e-01 
5.253500e-01 6.912375e-01 
5.255940e-01 -7.210682e-01 
5.260452e-01 -8.504566e-01 
5.409690e-01 -4.614067e-01 
5.410301e-01 -5.364048e-01 
5.411405e-01 -3.869029e-01 
5.413462e-01 -3.125882e-01 
5.417538e-01 -2.382577e-01 
5.422736e-01 -1.640398e-01 
5.426899e-01 -6.124926e-01 
5.426955e-01 -8.990742e-02 
5.430602e-01 -1.575083e-02 
5.435492e-01 5.846303e-02 
5.442084e-01 1.326350e-01 
5.443492e-01 -7.574595e-01 
5.449132e-01 2.066984e-01 
5.454537e-01 2.806588e-01 
5.458110e-01 3.545698e-01 
5.458216e-01 5.029223e-01 
5.458401e-01 6.515200e-01 
5.458877e-01 4.285101e-01 
5.460062e-01 5.775009e-01 
5.462741e-01 7.961600e-01 
5.477542e-01 7.284683e-01 
5.479563e-01 -6.869839e-01 
5.507281e-01 8.346847e-01 
5.603333e-01 -8.282672e-01 
5.605233e-01 -7.893913e-01 
5.621668e-01 -4.984400e-01 
5.623902e-01 -5.737957e-01 
5.624185e-01 -4.238471e-01 
5.626327e-01 -3.496664e-01 
5.628840e-01 -2.753477e-01 
5.634360e-01 -2.010502e-01 
5.639577e-01 -1.268947e-01 
5.643419e-01 -5.276392e-02 
5.647298e-01 2.145160e-02 
5.653740e-01 9.569260e-02 
5.659925e-01 -6.510097e-01 
5.661415e-01 1.698376e-01 
5.668565e-01 2.438308e-01 
5.673468e-01 3.177333e-01 
5.674175e-01 6.868665e-01 
5.674819e-01 4.653726e-01 
5.675298e-01 5.399958e-01 
5.676188e-01 3.915317e-01 
5.678289e-01 6.143688e-01 
5.712505e-01 -7.241363e-01 
5.719555e-01 7.654920e-01 
5.832719e-01 -5.354607e-01 
5.836294e-01 -4.606291e-01 
5.838960e-01 -6.113619e-01 
5.840027e-01 -3.866690e-01 
5.841016e-01 -3.124832e-01 
5.845403e-01 -2.381093e-01 
5.850376e-01 8.110061e-01 
5.851760e-01 -1.638823e-01 
5.856339e-01 -8.977133e-02 
5.859772e-01 -1.559847e-02 
5.864998e-01 5.869330e-02 
5.872799e-01 1.329307e-01 
5.881546e-01 2.070109e-01 
5.882149e-01 7.203218e-01 
5.888021e-01 2.809303e-01 
5.889026e-01 5.020793e-01 
5.892827e-01 3.547452e-01 
5.893364e-01 5.770234e-01 
5.893859e-01 4.283623e-01 
5.901174e-01 6.508473e-01 
5.914457e-01 -7.593754e-01 
5.923849e-01 -6.900398e-01 
5.979135e-01 -8.015606e-01 
6.042621e-01 -5.725395e-01 
6.046771e-01 -4.971738e-01 
6.054098e-01 -4.235214e-01 
6.054802e-01 -3.496147e-01 
6.056052e-01 -2.752530e-01 
6.059970e-01 -6.490601e-01 
6.062929e-01 -2.008947e-01 
6.069176e-01 -1.267638e-01 
6.072950e-01 -5.265323e-02 
6.076354e-01 2.161950e-02 
6.083908e-01 9.595708e-02 
6.084458e-01 7.507479e-01 
6.093191e-01 1.701607e-01 
6.102046e-01 2.441370e-01 
6.105380e-01 5.384790e-01 
6.107969e-01 3.179967e-01 
6.110831e-01 4.650071e-01 
6.112426e-01 3.916533e-01 
6.114645e-01 6.141567e-01 
6.133443e-01 6.865143e-01 
6.150470e-01 7.884905e-01 
6.186975e-01 -7.287123e-01 
6.252286e-01 -6.097789e-01 
6.254247e-01 -5.333894e-01 
6.267720e-01 -4.601486e-01 
6.268334e-01 -3.124885e-01 
6.270281e-01 -3.866642e-01 
6.273133e-01 -2.379805e-01 
6.281329e-01 -1.637414e-01 
6.286253e-01 -8.968510e-02 
6.289021e-01 -1.550683e-02 
6.294381e-01 5.889574e-02 
6.303618e-01 1.332343e-01 
6.314644e-01 2.073442e-01 
6.319265e-01 5.742897e-01 
6.320214e-01 -7.749509e-01 
6.322197e-01 2.812266e-01 
6.325092e-01 5.014591e-01 
6.328826e-01 3.549992e-01 
6.331747e-01 -6.838075e-01 
6.331906e-01 4.284188e-01 
6.345263e-01 6.517056e-01 
6.360337e-01 7.205994e-01 
6.456810e-01 -5.691427e-01 
6.474073e-01 -6.467595e-01 
6.479801e-01 -4.964916e-01 
6.480559e-01 7.615927e-01 
6.482406e-01 -2.752078e-01 
6.483415e-01 -3.497508e-01 
6.486836e-01 -4.235483e-01 
6.491699e-01 -2.007442e-01 
6.499513e-01 -1.266779e-01 
6.502920e-01 -5.262380e-02 
6.505049e-01 2.172348e-02 
6.514047e-01 9.619701e-02 
6.525317e-01 1.705086e-01 
6.529320e-01 6.092727e-01 
6.536386e-01 2.444538e-01 
6.543105e-01 3.182981e-01 
6.546323e-01 5.375097e-01 
6.550321e-01 3.918896e-01 
6.551134e-01 4.650133e-01 
6.570733e-01 -7.111472e-01 
6.601334e-01 6.897700e-01 
6.629798e-01 -7.486373e-01 
6.653997e-01 -6.040962e-01 
6.688951e-01 -5.325387e-01 
6.694538e-01 -3.126012e-01 
6.700455e-01 -2.378527e-01 
6.701386e-01 -3.869444e-01 
6.703362e-01 -4.602040e-01 
6.711718e-01 -1.636238e-01 
6.716883e-01 -8.968823e-02 
6.718216e-01 -1.552270e-02 
6.723369e-01 5.904512e-02 
6.734169e-01 1.335202e-01 
6.734490e-01 6.429333e-01 
6.748540e-01 2.077210e-01 
6.756822e-01 2.815210e-01 
6.764000e-01 5.726767e-01 
6.765213e-01 5.016014e-01 
6.765687e-01 3.553093e-01 
6.771836e-01 4.286402e-01 
6.781677e-01 7.349072e-01 
6.824881e-01 -6.772750e-01 
6.849254e-01 -6.383350e-01 
6.894001e-01 -5.683531e-01 
6.907021e-01 -2.751856e-01 
6.911133e-01 -3.500629e-01 
6.918304e-01 -4.966255e-01 
6.920738e-01 -2.005862e-01 
6.921289e-01 -4.239826e-01 
6.930990e-01 -1.266727e-01 
6.932884e-01 2.172405e-02 
6.933483e-01 -5.273435e-02 
6.944043e-01 9.638969e-02 
6.949228e-01 6.724740e-01 
6.957442e-01 1.708519e-01 
6.971966e-01 2.448384e-01 
6.972545e-01 -7.168237e-01 
6.977378e-01 6.068599e-01 
6.978416e-01 3.185898e-01 
6.989339e-01 3.921849e-01 
6.993345e-01 4.652577e-01 
6.998554e-01 5.380033e-01 
7.055241e-01 7.086859e-01 
7.091863e-01 -6.046048e-01 
7.118566e-01 -3.127876e-01 
7.127181e-01 -2.376934e-01 
7.129494e-01 -5.329262e-01 
7.132110e-01 -3.874697e-01 
7.141421e-01 -4.608303e-01 
7.143532e-01 -1.635454e-01 
7.147101e-01 -1.571229e-02 
7.148521e-01 -8.984851e-02 
7.151575e-01 5.912183e-02 
7.163988e-01 1.337699e-01 
7.182949e-01 2.080834e-01 
7.192071e-01 2.819726e-01 
7.197217e-01 6.390581e-01 
7.200641e-01 5.023039e-01 
7.203004e-01 3.555387e-01 
7.212692e-01 4.288997e-01 
7.213269e-01 -6.470841e-01 
7.225885e-01 5.734014e-01 
7.279978e-01 -6.855795e-01 
7.328765e-01 -2.751409e-01 
7.331650e-01 -5.697002e-01 
7.336858e-01 -3.504870e-01 
7.350304e-01 -2.004063e-01 
7.355843e-01 -4.247293e-01 
7.357309e-01 6.772740e-01 
7.358923e-01 2.158110e-02 
7.359192e-01 -4.975703e-01 
7.364336e-01 -1.268198e-01 
7.364859e-01 -5.307681e-02 
7.373927e-01 9.652267e-02 
7.389364e-01 1.711839e-01 
7.408308e-01 2.451428e-01 
7.414748e-01 3.193134e-01 
7.428931e-01 3.920738e-01 
7.435963e-01 4.655049e-01 
7.451427e-01 6.074096e-01 
7.454631e-01 5.396953e-01 
7.490329e-01 -6.098247e-01 
7.539363e-01 -3.129830e-01 
7.553336e-01 -2.374603e-01 
7.561300e-01 -3.881105e-01 
7.569131e-01 -5.346446e-01 
7.575103e-01 -1.616020e-02 
7.578004e-01 -1.635507e-01 
7.578420e-01 5.912868e-02 
7.579537e-01 -4.618459e-01 
7.581498e-01 -9.028924e-02 
7.592325e-01 1.339813e-01 
7.603668e-01 -6.494939e-01 
7.617945e-01 5.034900e-01 
7.618338e-01 2.084075e-01 
7.624958e-01 2.822737e-01 
7.632971e-01 6.460476e-01 
7.644871e-01 3.567949e-01 
7.652080e-01 4.277239e-01 
7.697784e-01 5.748172e-01 
7.746157e-01 -2.750010e-01 
7.751631e-01 -5.736212e-01 
7.759762e-01 -3.508913e-01 
7.780942e-01 -2.002089e-01 
7.781405e-01 2.127595e-02 
7.789139e-01 -4.255445e-01 
7.797208e-01 -5.378594e-02 
7.798068e-01 -4.990770e-01 
7.800799e-01 -1.272776e-01 
7.804132e-01 9.660579e-02 
7.820906e-01 1.715235e-01 
7.845507e-01 3.198930e-01 
7.846795e-01 2.452646e-01 
7.869676e-01 4.615071e-01 
7.881774e-01 3.942052e-01 
7.894480e-01 6.138175e-01 
7.898636e-01 -6.132825e-01 
7.913726e-01 5.400423e-01 
7.956129e-01 -3.130728e-01 
7.975373e-01 4.953843e-01 
7.979418e-01 -2.370989e-01 
7.988374e-01 -3.886010e-01 
7.998665e-01 -5.373216e-01 
8.000920e-01 -1.694210e-02 
8.003077e-01 5.912870e-02 
8.015603e-01 -4.628213e-01 
8.015793e-01 -9.122028e-02 
8.017586e-01 -1.637995e-01 
8.017816e-01 1.341466e-01 
8.054198e-01 2.822596e-01 
8.055899e-01 2.087017e-01 
8.078761e-01 3.578739e-01 
8.123508e-01 4.312296e-01 
8.142515e-01 5.805122e-01 
8.157087e-01 -2.746672e-01 
8.171405e-01 -5.764385e-01 
8.179743e-01 -3.510314e-01 
8.197179e-01 2.087878e-02 
8.213826e-01 -2.000503e-01 
8.220844e-01 -4.258557e-01 
8.230270e-01 -5.496843e-02 
8.231084e-01 -5.004058e-01 
8.236274e-01 9.663148e-02 
8.242014e-01 -1.284697e-01 
8.251562e-01 1.718978e-01 
8.266067e-01 5.126499e-01 
8.268642e-01 3.202100e-01 
8.290815e-01 2.451069e-01 
8.323263e-01 3.958133e-01 
8.349229e-01 4.693733e-01 
8.368830e-01 -3.129243e-01 
8.370913e-01 5.470632e-01 
8.406769e-01 -2.366371e-01 
8.414427e-01 -3.882464e-01 
8.422086e-01 -1.787144e-02 
8.424726e-01 5.916612e-02 
8.424845e-01 -5.387205e-01 
8.437637e-01 1.341733e-01 
8.448840e-01 -4.626925e-01 
8.448932e-01 -9.304142e-02 
8.467690e-01 -1.647216e-01 
8.477190e-01 2.818286e-01 
8.497473e-01 2.090326e-01 
8.504665e-01 3.584988e-01 
8.558401e-01 -2.742681e-01 
8.568074e-01 4.343847e-01 
8.599306e-01 -3.501529e-01 
8.602606e-01 2.057996e-02 
8.625376e-01 5.059930e-01 
8.650827e-01 -2.003418e-01 
8.652358e-01 -4.241077e-01 
8.660069e-01 -5.000320e-01 
8.661512e-01 -5.648212e-02 
8.674327e-01 9.627993e-02 
8.679287e-01 1.723412e-01 
8.682734e-01 3.199908e-01 
8.689083e-01 -1.311144e-01 
8.746763e-01 2.447785e-01 
8.752180e-01 3.971575e-01 
8.781722e-01 -3.119351e-01 
8.824030e-01 4.704943e-01 
8.835251e-01 -1.933739e-02 
8.837939e-01 -2.373553e-01 
8.843235e-01 -3.845651e-01 
8.843715e-01 5.921488e-02 
8.844035e-01 1.335080e-01 
8.872487e-01 -9.470534e-02 
8.877540e-01 -4.603182e-01 
8.888302e-01 2.804257e-01 
8.920972e-01 3.593563e-01 
8.937683e-01 -1.680635e-01 
8.943496e-01 2.103404e-01 
8.952557e-01 -2.740598e-01 
8.990040e-01 1.884418e-02 
9.014386e-01 4.329069e-01 
9.026147e-01 -3.438347e-01 
9.077498e-01 -4.195119e-01 
9.080399e-01 3.211118e-01 
9.087652e-01 -2.065058e-01 
9.092637e-01 1.734688e-01 
9.097116e-01 -5.714928e-02 
9.127189e-01 9.567656e-02 
9.127330e-01 -1.327121e-01 
9.189624e-01 3.943453e-01 
9.210322e-01 -3.012114e-01 
9.219266e-01 1.348810e-01 
9.231147e-01 2.435367e-01 
9.247068e-01 5.615514e-02 
9.247330e-01 -2.111122e-02 
9.254688e-01 2.820906e-01 
9.260226e-01 -3.774681e-01 
9.277623e-01 -2.524801e-01 
9.281447e-01 -9.275232e-02 
9.348949e-01 3.549246e-01 
9.366319e-01 1.664995e-02 
9.392555e-01 2.059431e-01 
9.404184e-01 -1.715161e-01 
9.426376e-01 -3.338179e-01 
9.443925e-01 -2.135343e-01 
9.492863e-01 3.144130e-01 
9.511345e-01 1.646043e-01 
9.533506e-01 -1.325829e-01 
9.557709e-01 -5.119575e-02 
9.558204e-01 1.194686e-01 
9.569405e-01 8.043660e-02 
9.577077e-01 -2.877430e-01 
9.624948e-01 2.713001e-01 
9.638876e-01 -9.079518e-02 
9.666363e-01 3.866918e-02 
9.667028e-01 -9.485099e-03 
9.693976e-01 -2.454962e-01 
9.724256e-01 2.332132e-01 
9.798150e-01 -1.999062e-01 
9.814874e-01 1.915266e-01 
9.871271e-01 -1.599379e-01 
9.890846e-01 1.473486e-01 
9.931208e-01 -1.170939e-01 
9.945851e-01 1.039251e-01 
9.974625e-01 -7.119403e-02 
9.980969e-01 6.166558e-02 
9.995377e-01 -3.040381e-02 
9.998811e-01 1.542023e-02 
