-0.8701816269480587 -0.2297474039137721 -0.1819420231622762 -0.0462683875518221 -0.1726709585937375 -0.0438877713010291
-0.8676785470143675 0.2390268536679507 -0.1851022839573981 0.0518058882675298 -0.1755758532093648 0.0491483264158857
-0.6482397428275108 -0.6243277334609627 -0.1344797383349851 -0.1329941090771477 -0.1275815790380548 -0.1262139567482178
-0.6244400534579874 0.6481316528303742 -0.1330020868308612 0.1344462552245745 -0.1262215887498352 0.1275506550315010
-0.3434075009028077 0.1212461067880750 0.0000746091340584 -0.0000377220001678 0.0000000000000002 0.0000000000000002
-0.2391119936656952 -0.8676551470149875 -0.0518297476491390 -0.1851291911105719 -0.0491700164204824 -0.1756004412145757
-0.2299254239090562 0.8701346469493031 -0.0463010460116399 0.1819289131576386 -0.0439189833076436 0.1726586105911206
-0.1212329667884231 -0.3434359409020543 0.0000384164246793 0.0000758101793300 0.0000000000000000 -0.0000000000000002
0.1212658167875528 0.3434227109024048 -0.0000386280570368 -0.0000740192166084 -0.0000000000000002 -0.0000000000000001
0.2297622539133787 -0.8701777569481611 0.0462786950185726 -0.1819774922871648 0.0438976893031310 -0.1727031606005618
0.2388527936725617 0.8677265170130968 0.0517807476795279 0.1851252268413760 0.0491237744106823 0.1755968412138128
0.3434511509016514 -0.1212526767879009 -0.0000752149670250 0.0000393118877845 0.0000000000000001 -0.0000000000000002
0.6244036034589530 -0.6481667528294445 0.1330308575969296 -0.1344881831346670 0.1262479947554310 -0.1275881850394545
0.6480585728323102 0.6245158334559798 0.1344547186334704 0.1330388211795369 0.1275572790329049 0.1262556087570448
0.8677030270137190 -0.2389379336703062 0.1851521438358125 -0.0518045563307971 0.1756214472190274 -0.0491454284152714
0.8701306869494080 0.2299402739086628 0.1819643525936535 0.0463113469781259 0.1726907945979413 0.0439289013097457
Total focing computation time (s): 0.0000060000
Total velocity computation time (s): 0.0000990000
Total computation time (s): 0.0009680000
