-0.900102 0.000693378
-0.874302 -0.213941
-0.87399 0.215231
-0.799243 -0.413964
-0.798683 0.415063
-0.699159 0.000480524
-0.669115 -0.602005
-0.668399 0.602819
-0.622581 -0.195352
-0.622312 0.196182
-0.563146 -0.38609
-0.562605 0.386817
-0.505418 -0.744742
-0.504695 0.745252
-0.45783 0.000287574
-0.410134 -0.514363
-0.409444 0.51487
-0.359887 -0.238822
-0.359556 0.239254
-0.314396 -0.843329
-0.313899 0.843533
-0.237818 0.000130504
-0.237655 -0.655226
-0.236781 0.655427
-0.185603 -0.429865
-0.184975 0.430042
-0.109736 -0.212835
-0.109437 0.212931
-0.102183 -0.894182
-0.101847 0.89424
-0.0198027 -0.662198
-0.0187463 0.662111
0.00543822 -5.14116e-05
0.0458554 -0.430902
0.0465322 0.43086
0.116547 0.892418
0.116601 -0.892392
0.136744 -0.206334
0.136972 0.206079
0.204292 -0.639032
0.205697 0.638676
0.252004 -0.000197055
0.283092 -0.395033
0.283677 0.394434
0.32914 0.837625
0.329948 -0.837288
0.398878 -0.201419
0.399171 0.200685
0.42592 -0.55345
0.427242 0.551861
0.494677 -0.000582068
0.513834 0.73884
0.514965 -0.738032
0.564693 -0.360097
0.565646 0.358574
0.669161 -0.138955
0.669192 0.136939
0.680849 0.588487
0.68147 -0.587749
0.80284 0.406562
0.80347 -0.405295
0.874209 0.213505
0.874599 -0.211881
0.899898 0.000507665
