-1 0.000759627
-0.971333 -0.237723
-0.970986 0.239135
-0.887934 -0.45997
-0.887312 0.46117
-0.77673 0.000523097
-0.743348 -0.668905
-0.742552 0.669788
-0.691643 -0.217068
-0.691344 0.217969
-0.625605 -0.429
-0.625004 0.429785
-0.561462 -0.827502
-0.560658 0.828047
-0.508586 0.000308679
-0.455591 -0.571525
-0.454824 0.572067
-0.399761 -0.265369
-0.399393 0.265827
-0.349215 -0.937043
-0.348663 0.937248
-0.264129 0.000134128
-0.263947 -0.72804
-0.262977 0.728242
-0.206112 -0.477639
-0.205414 0.477813
-0.121815 -0.236494
-0.121483 0.236579
-0.113423 -0.993547
-0.11305 0.993589
-0.0218896 -0.735787
-0.0207156 0.735668
0.00615596 -6.80304e-05
0.0510639 -0.478791
0.051816 0.478723
0.129611 0.991565
0.12967 -0.991557
0.152051 -0.229271
0.152305 0.228966
0.227105 -0.710047
0.228665 0.709628
0.280118 -0.000229887
0.31466 -0.438936
0.31531 0.438249
0.365825 0.930684
0.366722 -0.930331
0.443311 -0.22381
0.443637 0.222972
0.473358 -0.614955
0.474827 0.613167
0.549755 -0.00065771
0.57104 0.820922
0.572297 -0.820047
0.627549 -0.400119
0.628609 0.398404
0.743625 -0.154405
0.74366 0.152143
0.756613 0.653863
0.757302 -0.653065
0.892158 0.451724
0.892858 -0.450338
0.971457 0.237217
0.97189 -0.235434
1 0.000553054
