-0.581025 0.581007
-0.564816 0.580793
-0.548294 0.580415
-0.531491 0.579933
-0.514424 0.579414
-0.497103 0.578907
-0.479543 0.578441
-0.461756 0.578032
-0.443761 0.577684
-0.42558 0.577396
-0.407233 0.577162
-0.388745 0.576976
-0.370137 0.576831
-0.351429 0.576719
-0.332641 0.576634
-0.313789 0.576571
-0.294886 0.576524
-0.275944 0.57649
-0.256972 0.576466
-0.237979 0.576448
-0.218969 0.576436
-0.199948 0.576428
-0.180918 0.576422
-0.161882 0.576419
-0.142843 0.576416
-0.1238 0.576415
-0.104756 0.576414
-0.0857106 0.576413
-0.0666644 0.576413
-0.0476177 0.576413
-0.0285708 0.576412
-0.00952367 0.576412
0.00952351 0.576412
0.0285706 0.576412
0.0476177 0.576413
0.0666644 0.576413
0.0857107 0.576413
0.104756 0.576414
0.123801 0.576414
0.142844 0.576416
0.161884 0.576418
0.18092 0.576422
0.199951 0.576427
0.218973 0.576435
0.237985 0.576447
0.25698 0.576463
0.275954 0.576487
0.294898 0.576521
0.313804 0.576567
0.332659 0.57663
0.351451 0.576714
0.370161 0.576826
0.388772 0.576971
0.407262 0.577156
0.42561 0.57739
0.443793 0.577679
0.461787 0.578028
0.479572 0.578439
0.49713 0.578906
0.514446 0.579415
0.531508 0.579936
0.548304 0.580419
0.564819 0.580798
0.58102 0.581013
-0.580811 0.564798
-0.564741 0.564722
-0.548323 0.564446
-0.531586 0.564057
-0.514551 0.563623
-0.497239 0.563192
-0.47967 0.562794
-0.461866 0.562445
-0.443852 0.56215
-0.425651 0.561908
-0.407287 0.561713
-0.388785 0.56156
-0.370165 0.561441
-0.351449 0.561351
-0.332655 0.561283
-0.313798 0.561233
-0.294892 0.561196
-0.275947 0.56117
-0.256974 0.561151
-0.23798 0.561138
-0.21897 0.561129
-0.199948 0.561123
-0.180918 0.561119
-0.161882 0.561116
-0.142842 0.561114
-0.1238 0.561113
-0.104756 0.561112
-0.0857105 0.561112
-0.0666643 0.561112
-0.0476177 0.561112
-0.0285708 0.561111
-0.00952365 0.561111
0.0095235 0.561111
0.0285706 0.561111
0.0476176 0.561111
0.0666644 0.561112
0.0857106 0.561112
0.104756 0.561112
0.123801 0.561113
0.142843 0.561114
0.161884 0.561116
0.18092 0.561118
0.199951 0.561122
0.218974 0.561128
0.237986 0.561137
0.256982 0.561149
0.275957 0.561168
0.294904 0.561194
0.313813 0.56123
0.332673 0.56128
0.35147 0.561347
0.370189 0.561437
0.388811 0.561555
0.407316 0.561708
0.425682 0.561903
0.443884 0.562146
0.461898 0.562441
0.4797 0.562791
0.497266 0.56319
0.514575 0.563622
0.531604 0.564058
0.548334 0.564449
0.564745 0.564726
0.580808 0.564802
-0.580434 0.548276
-0.564466 0.548304
-0.548142 0.548122
-0.531478 0.54782
-0.514496 0.547467
-0.497217 0.547108
-0.479667 0.546773
-0.461872 0.546478
-0.443861 0.546228
-0.425659 0.546024
-0.407294 0.54586
-0.388789 0.545733
-0.370167 0.545635
-0.351449 0.54556
-0.332654 0.545505
-0.313796 0.545465
-0.29489 0.545435
-0.275946 0.545415
-0.256973 0.5454
-0.237978 0.54539
-0.218968 0.545383
-0.199947 0.545378
-0.180917 0.545375
-0.161882 0.545373
-0.142842 0.545371
-0.1238 0.545371
-0.104756 0.54537
-0.0857103 0.54537
-0.0666642 0.54537
-0.0476176 0.545369
-0.0285707 0.545369
-0.00952363 0.545369
0.00952351 0.545369
0.0285706 0.545369
0.0476176 0.545369
0.0666643 0.545369
0.0857105 0.54537
0.104756 0.54537
0.1238 0.54537
0.142843 0.545371
0.161883 0.545372
0.180919 0.545374
0.19995 0.545377
0.218973 0.545382
0.237984 0.545389
0.25698 0.545399
0.275955 0.545413
0.294902 0.545433
0.313811 0.545462
0.332671 0.545502
0.35147 0.545557
0.370191 0.545631
0.388815 0.545728
0.407323 0.545856
0.42569 0.546019
0.443893 0.546224
0.461904 0.546474
0.479697 0.54677
0.497245 0.547105
0.51452 0.547466
0.531497 0.54782
0.548154 0.548123
0.564472 0.548306
0.580433 0.548279
-0.579953 0.531472
-0.564077 0.531567
-0.547841 0.531459
-0.531253 0.531232
-0.514331 0.53095
-0.497098 0.530656
-0.479582 0.530378
-0.461811 0.530131
-0.443816 0.529921
-0.425626 0.529749
-0.407269 0.529612
-0.388769 0.529505
-0.370152 0.529423
-0.351437 0.529362
-0.332644 0.529317
-0.313789 0.529283
-0.294884 0.52926
-0.275941 0.529243
-0.256969 0.529231
-0.237976 0.529223
-0.218966 0.529217
-0.199945 0.529214
-0.180916 0.529211
-0.161881 0.52921
-0.142841 0.529209
-0.123799 0.529208
-0.104755 0.529208
-0.0857101 0.529207
-0.0666641 0.529207
-0.0476175 0.529207
-0.0285707 0.529207
-0.0095236 0.529207
0.00952351 0.529207
0.0285706 0.529207
0.0476175 0.529207
0.0666642 0.529207
0.0857104 0.529207
0.104756 0.529208
0.1238 0.529208
0.142843 0.529208
0.161882 0.529209
0.180918 0.529211
0.199949 0.529213
0.218971 0.529217
0.237982 0.529222
0.256977 0.52923
0.275951 0.529241
0.294896 0.529258
0.313803 0.529281
0.332662 0.529314
0.351458 0.529359
0.370176 0.52942
0.388796 0.529502
0.407298 0.529608
0.425657 0.529745
0.443848 0.529918
0.461843 0.530128
0.479612 0.530375
0.497126 0.530654
0.514355 0.530949
0.531272 0.531231
0.547854 0.531459
0.564084 0.531568
0.579953 0.531474
-0.579435 0.514405
-0.563643 0.514532
-0.547487 0.514476
-0.530971 0.51431
-0.514111 0.514089
-0.496928 0.513852
-0.479452 0.513625
-0.461713 0.51342
-0.443742 0.513245
-0.42557 0.513102
-0.407226 0.512987
-0.388737 0.512897
-0.370127 0.512829
-0.351418 0.512778
-0.33263 0.51274
-0.313778 0.512713
-0.294876 0.512693
-0.275935 0.51268
-0.256965 0.51267
-0.237972 0.512663
-0.218964 0.512659
-0.199944 0.512656
-0.180915 0.512654
-0.16188 0.512653
-0.142841 0.512652
-0.123799 0.512652
-0.104755 0.512651
-0.08571 0.512651
-0.066664 0.512651
-0.0476174 0.512651
-0.0285706 0.512651
-0.00952357 0.512651
0.00952352 0.512651
0.0285706 0.512651
0.0476175 0.512651
0.0666641 0.512651
0.0857102 0.512651
0.104756 0.512651
0.1238 0.512651
0.142842 0.512652
0.161882 0.512653
0.180917 0.512654
0.199947 0.512656
0.218969 0.512658
0.237978 0.512663
0.256972 0.512669
0.275945 0.512678
0.294888 0.512692
0.313793 0.512711
0.332648 0.512738
0.351439 0.512775
0.370151 0.512826
0.388763 0.512894
0.407255 0.512983
0.425601 0.513098
0.443774 0.513242
0.461745 0.513417
0.479483 0.513622
0.496956 0.51385
0.514135 0.514087
0.530991 0.514309
0.547501 0.514475
0.56365 0.514532
0.579435 0.514406
-0.578927 0.497085
-0.563212 0.49722
-0.547128 0.497197
-0.530678 0.497077
-0.513874 0.496906
-0.49674 0.496718
-0.479304 0.496534
-0.461598 0.496367
-0.443653 0.496223
-0.425502 0.496104
-0.407174 0.496009
-0.388698 0.495935
-0.370098 0.495878
-0.351396 0.495835
-0.332613 0.495804
-0.313765 0.495781
-0.294867 0.495765
-0.275928 0.495754
-0.25696 0.495746
-0.237969 0.495741
-0.218962 0.495737
-0.199942 0.495735
-0.180914 0.495733
-0.161879 0.495732
-0.14284 0.495732
-0.123799 0.495731
-0.104755 0.495731
-0.0857098 0.495731
-0.0666639 0.495731
-0.0476174 0.495731
-0.0285705 0.495731
-0.00952354 0.495731
0.00952353 0.495731
0.0285706 0.495731
0.0476174 0.495731
0.066664 0.495731
0.0857101 0.495731
0.104755 0.495731
0.123799 0.495731
0.142842 0.495732
0.161881 0.495732
0.180916 0.495733
0.199945 0.495734
0.218966 0.495737
0.237975 0.49574
0.256968 0.495745
0.275938 0.495753
0.294879 0.495764
0.313781 0.49578
0.332631 0.495802
0.351417 0.495833
0.370122 0.495875
0.388725 0.495932
0.407204 0.496006
0.425534 0.496101
0.443686 0.49622
0.46163 0.496364
0.479336 0.496532
0.496769 0.496716
0.513899 0.496905
0.530698 0.497076
0.547142 0.497196
0.563219 0.49722
0.578927 0.497085
-0.57846 0.479524
-0.562813 0.479651
-0.546793 0.479647
-0.530399 0.479561
-0.513646 0.47943
-0.496556 0.479282
-0.479157 0.479136
-0.461482 0.479001
-0.443563 0.478884
-0.425433 0.478787
-0.407121 0.478709
-0.388657 0.478647
-0.370067 0.4786
-0.351374 0.478565
-0.332597 0.478539
-0.313753 0.478521
-0.294858 0.478507
-0.275922 0.478498
-0.256955 0.478492
-0.237966 0.478487
-0.218959 0.478485
-0.19994 0.478483
-0.180913 0.478481
-0.161878 0.478481
-0.14284 0.47848
-0.123798 0.47848
-0.104755 0.47848
-0.0857096 0.47848
-0.0666638 0.47848
-0.0476173 0.47848
-0.0285705 0.47848
-0.00952352 0.47848
0.00952354 0.47848
0.0285706 0.47848
0.0476174 0.47848
0.066664 0.47848
0.08571 0.47848
0.104755 0.47848
0.123799 0.47848
0.142841 0.47848
0.16188 0.478481
0.180915 0.478481
0.199944 0.478482
0.218964 0.478484
0.237972 0.478487
0.256963 0.478491
0.275932 0.478497
0.29487 0.478507
0.313769 0.47852
0.332615 0.478538
0.351395 0.478563
0.370092 0.478598
0.388685 0.478645
0.407151 0.478706
0.425464 0.478784
0.443596 0.478881
0.461515 0.478998
0.479189 0.479133
0.496585 0.47928
0.513671 0.479428
0.530419 0.479559
0.546807 0.479646
0.562821 0.479651
0.57846 0.479524
-0.578049 0.461739
-0.562463 0.461849
-0.546497 0.461853
-0.530151 0.461791
-0.513441 0.461691
-0.496388 0.461576
-0.479022 0.461461
-0.461375 0.461354
-0.443479 0.46126
-0.425367 0.461181
-0.407071 0.461118
-0.388619 0.461068
-0.370039 0.46103
-0.351352 0.461001
-0.332581 0.46098
-0.313742 0.460965
-0.294849 0.460954
-0.275916 0.460946
-0.256951 0.460941
-0.237963 0.460938
-0.218957 0.460935
-0.199939 0.460934
-0.180912 0.460933
-0.161878 0.460932
-0.142839 0.460932
-0.123798 0.460932
-0.104754 0.460932
-0.0857095 0.460932
-0.0666637 0.460932
-0.0476173 0.460932
-0.0285705 0.460932
-0.0095235 0.460932
0.00952355 0.460932
0.0285705 0.460932
0.0476174 0.460932
0.0666639 0.460932
0.0857099 0.460932
0.104755 0.460932
0.123799 0.460932
0.142841 0.460932
0.16188 0.460932
0.180914 0.460933
0.199943 0.460934
0.218962 0.460935
0.237969 0.460937
0.256959 0.460941
0.275926 0.460946
0.294862 0.460953
0.313757 0.460964
0.3326 0.460979
0.351374 0.461
0.370063 0.461028
0.388647 0.461066
0.407101 0.461116
0.425399 0.461179
0.443512 0.461257
0.461408 0.461351
0.479054 0.461458
0.496418 0.461574
0.513466 0.46169
0.530171 0.46179
0.546511 0.461852
0.562471 0.461848
0.57805 0.461738
-0.5777 0.443745
-0.562167 0.443835
-0.546246 0.443843
-0.52994 0.443797
-0.513265 0.443721
-0.496243 0.443632
-0.478904 0.443542
-0.46128 0.443458
-0.443404 0.443384
-0.425309 0.443321
-0.407026 0.443271
-0.388585 0.443231
-0.370013 0.4432
-0.351333 0.443177
-0.332567 0.44316
-0.313731 0.443147
-0.294842 0.443139
-0.275911 0.443133
-0.256948 0.443128
-0.23796 0.443126
-0.218956 0.443124
-0.199938 0.443123
-0.180911 0.443122
-0.161877 0.443121
-0.142839 0.443121
-0.123798 0.443121
-0.104754 0.443121
-0.0857094 0.443121
-0.0666636 0.443121
-0.0476172 0.443121
-0.0285704 0.443121
-0.00952348 0.443121
0.00952356 0.443121
0.0285705 0.443121
0.0476174 0.443121
0.0666639 0.443121
0.0857098 0.443121
0.104755 0.443121
0.123799 0.443121
0.14284 0.443121
0.161879 0.443121
0.180914 0.443122
0.199942 0.443122
0.218961 0.443124
0.237967 0.443125
0.256956 0.443128
0.275921 0.443132
0.294855 0.443138
0.313747 0.443147
0.332586 0.443159
0.351355 0.443176
0.370038 0.443198
0.388613 0.443229
0.407056 0.443269
0.425341 0.443319
0.443438 0.443382
0.461314 0.443456
0.478937 0.44354
0.496273 0.44363
0.513291 0.443719
0.529961 0.443795
0.54626 0.443842
0.562174 0.443835
0.5777 0.443745
-0.57741 0.425565
-0.561923 0.425635
-0.546039 0.425642
-0.529766 0.425608
-0.513119 0.42555
-0.496123 0.425481
-0.478806 0.425412
-0.461201 0.425346
-0.44334 0.425289
-0.425259 0.42524
-0.406987 0.4252
-0.388555 0.425168
-0.36999 0.425144
-0.351317 0.425126
-0.332555 0.425112
-0.313723 0.425103
-0.294836 0.425096
-0.275906 0.425091
-0.256944 0.425087
-0.237958 0.425085
-0.218954 0.425084
-0.199937 0.425083
-0.18091 0.425082
-0.161877 0.425082
-0.142839 0.425082
-0.123798 0.425082
-0.104754 0.425082
-0.0857094 0.425082
-0.0666636 0.425082
-0.0476172 0.425082
-0.0285704 0.425082
-0.00952346 0.425082
0.00952356 0.425082
0.0285706 0.425082
0.0476174 0.425082
0.0666639 0.425082
0.0857098 0.425082
0.104755 0.425082
0.123799 0.425082
0.14284 0.425082
0.161879 0.425082
0.180913 0.425082
0.199941 0.425083
0.218959 0.425084
0.237965 0.425085
0.256953 0.425087
0.275917 0.42509
0.294849 0.425095
0.313739 0.425102
0.332574 0.425111
0.351339 0.425125
0.370016 0.425143
0.388584 0.425167
0.407018 0.425198
0.425292 0.425238
0.443375 0.425287
0.461235 0.425345
0.478839 0.42541
0.496153 0.42548
0.513146 0.425548
0.529787 0.425606
0.546054 0.425641
0.56193 0.425635
0.57741 0.425565
-0.577174 0.407221
-0.561726 0.407273
-0.545874 0.407278
-0.529627 0.407251
-0.513003 0.407207
-0.496026 0.407154
-0.478726 0.407101
-0.461136 0.407051
-0.443289 0.407006
-0.425218 0.406969
-0.406955 0.406938
-0.388531 0.406914
-0.369972 0.406895
-0.351303 0.40688
-0.332544 0.40687
-0.313715 0.406862
-0.29483 0.406857
-0.275902 0.406853
-0.256942 0.406851
-0.237956 0.406849
-0.218953 0.406848
-0.199936 0.406847
-0.18091 0.406847
-0.161876 0.406847
-0.142839 0.406847
-0.123797 0.406847
-0.104754 0.406847
-0.0857093 0.406847
-0.0666635 0.406847
-0.0476172 0.406847
-0.0285704 0.406847
-0.00952345 0.406847
0.00952357 0.406847
0.0285706 0.406847
0.0476174 0.406847
0.0666639 0.406847
0.0857098 0.406847
0.104755 0.406847
0.123798 0.406847
0.14284 0.406847
0.161879 0.406847
0.180913 0.406847
0.19994 0.406847
0.218958 0.406848
0.237963 0.406849
0.25695 0.40685
0.275913 0.406853
0.294844 0.406856
0.313732 0.406862
0.332564 0.406869
0.351325 0.40688
0.369998 0.406894
0.38856 0.406912
0.406987 0.406937
0.425251 0.406967
0.443323 0.407005
0.46117 0.407049
0.47876 0.407099
0.496057 0.407153
0.51303 0.407205
0.529649 0.40725
0.545889 0.407277
0.561734 0.407273
0.577174 0.40722
-0.576987 0.388735
-0.561571 0.388772
-0.545745 0.388774
-0.529519 0.388753
-0.512912 0.388718
-0.49595 0.388679
-0.478663 0.388638
-0.461085 0.3886
-0.443247 0.388566
-0.425185 0.388538
-0.406929 0.388514
-0.388511 0.388496
-0.369957 0.388481
-0.351291 0.388471
-0.332536 0.388463
-0.313709 0.388457
-0.294826 0.388453
-0.275899 0.38845
-0.25694 0.388448
-0.237955 0.388447
-0.218952 0.388446
-0.199935 0.388446
-0.180909 0.388445
-0.161876 0.388445
-0.142838 0.388445
-0.123797 0.388445
-0.104754 0.388445
-0.0857093 0.388445
-0.0666635 0.388445
-0.0476171 0.388445
-0.0285704 0.388445
-0.00952345 0.388445
0.00952358 0.388445
0.0285706 0.388445
0.0476174 0.388445
0.0666638 0.388445
0.0857098 0.388445
0.104755 0.388445
0.123798 0.388445
0.14284 0.388445
0.161878 0.388445
0.180912 0.388445
0.199939 0.388446
0.218957 0.388446
0.237962 0.388447
0.256948 0.388448
0.27591 0.38845
0.29484 0.388452
0.313726 0.388456
0.332556 0.388462
0.351314 0.38847
0.369983 0.388481
0.38854 0.388495
0.406961 0.388513
0.425219 0.388537
0.443282 0.388565
0.46112 0.388599
0.478697 0.388637
0.495981 0.388677
0.512939 0.388717
0.529541 0.388752
0.54576 0.388773
0.561579 0.388772
0.576986 0.388734
-0.57684 0.370129
-0.561451 0.370155
-0.545645 0.370154
-0.529436 0.370136
-0.512842 0.37011
-0.495892 0.370079
-0.478615 0.370049
-0.461045 0.37002
-0.443215 0.369995
-0.425159 0.369974
-0.406909 0.369956
-0.388495 0.369942
-0.369945 0.369932
-0.351282 0.369924
-0.332529 0.369918
-0.313704 0.369914
-0.294823 0.369911
-0.275897 0.369909
-0.256938 0.369907
-0.237954 0.369906
-0.218951 0.369906
-0.199935 0.369906
-0.180909 0.369906
-0.161876 0.369905
-0.142838 0.369905
-0.123797 0.369906
-0.104754 0.369906
-0.0857093 0.369906
-0.0666635 0.369906
-0.0476171 0.369906
-0.0285704 0.369906
-0.00952344 0.369906
0.00952359 0.369906
0.0285706 0.369906
0.0476174 0.369906
0.0666639 0.369906
0.0857098 0.369906
0.104755 0.369906
0.123798 0.369906
0.14284 0.369905
0.161878 0.369905
0.180912 0.369905
0.199939 0.369906
0.218956 0.369906
0.237961 0.369906
0.256947 0.369907
0.275908 0.369908
0.294836 0.36991
0.313721 0.369913
0.332549 0.369917
0.351306 0.369923
0.369971 0.369931
0.388525 0.369942
0.406941 0.369955
0.425193 0.369973
0.443251 0.369994
0.46108 0.370019
0.478649 0.370048
0.495924 0.370078
0.51287 0.370109
0.529458 0.370136
0.545661 0.370153
0.561459 0.370154
0.576839 0.370128
-0.576726 0.351423
-0.561359 0.35144
-0.54557 0.351438
-0.529373 0.351423
-0.51279 0.351402
-0.495848 0.351379
-0.478579 0.351356
-0.461015 0.351335
-0.443191 0.351316
-0.42514 0.351301
-0.406894 0.351288
-0.388483 0.351278
-0.369936 0.35127
-0.351276 0.351264
-0.332524 0.35126
-0.313701 0.351257
-0.29482 0.351255
-0.275895 0.351254
-0.256937 0.351253
-0.237953 0.351252
-0.218951 0.351252
-0.199935 0.351252
-0.180909 0.351252
-0.161876 0.351252
-0.142838 0.351252
-0.123797 0.351252
-0.104754 0.351252
-0.0857093 0.351252
-0.0666635 0.351252
-0.0476171 0.351252
-0.0285704 0.351252
-0.00952344 0.351252
0.00952359 0.351252
0.0285706 0.351252
0.0476174 0.351252
0.0666639 0.351252
0.0857098 0.351252
0.104755 0.351252
0.123798 0.351252
0.14284 0.351252
0.161878 0.351252
0.180912 0.351252
0.199939 0.351252
0.218956 0.351252
0.23796 0.351252
0.256946 0.351253
0.275906 0.351254
0.294834 0.351255
0.313718 0.351257
0.332545 0.35126
0.351299 0.351264
0.369962 0.35127
0.388513 0.351277
0.406926 0.351287
0.425174 0.3513
0.443227 0.351316
0.461051 0.351334
0.478613 0.351355
0.49588 0.351378
0.512818 0.351402
0.529395 0.351422
0.545585 0.351437
0.561367 0.35144
0.576726 0.351423
-0.57664 0.332637
-0.56129 0.332647
-0.545514 0.332643
-0.529326 0.332631
-0.512751 0.332615
-0.495816 0.332597
-0.478552 0.33258
-0.460993 0.332565
-0.443173 0.332551
-0.425125 0.33254
-0.406882 0.332531
-0.388474 0.332524
-0.369929 0.332518
-0.35127 0.332514
-0.332521 0.332511
-0.313698 0.332509
-0.294818 0.332508
-0.275894 0.332507
-0.256936 0.332507
-0.237952 0.332506
-0.21895 0.332506
-0.199934 0.332506
-0.180909 0.332506
-0.161876 0.332506
-0.142838 0.332506
-0.123797 0.332506
-0.104754 0.332506
-0.0857093 0.332506
-0.0666635 0.332507
-0.0476172 0.332507
-0.0285704 0.332507
-0.00952344 0.332507
0.0095236 0.332507
0.0285706 0.332507
0.0476174 0.332507
0.0666639 0.332507
0.0857098 0.332506
0.104755 0.332506
0.123798 0.332506
0.14284 0.332506
0.161878 0.332506
0.180912 0.332506
0.199938 0.332506
0.218956 0.332506
0.237959 0.332506
0.256945 0.332506
0.275905 0.332507
0.294832 0.332508
0.313715 0.332509
0.332541 0.332511
0.351294 0.332514
0.369956 0.332518
0.388504 0.332523
0.406915 0.33253
0.42516 0.332539
0.443209 0.33255
0.461029 0.332564
0.478587 0.332579
0.495848 0.332597
0.512779 0.332614
0.529349 0.332631
0.545529 0.332643
0.561298 0.332647
0.57664 0.332637
-0.576575 0.313787
-0.561239 0.313792
-0.545472 0.313787
-0.529292 0.313777
-0.512723 0.313764
-0.495793 0.31375
-0.478533 0.313738
-0.460977 0.313726
-0.44316 0.313717
-0.425115 0.313709
-0.406874 0.313702
-0.388468 0.313698
-0.369924 0.313694
-0.351267 0.313691
-0.332518 0.313689
-0.313696 0.313688
-0.294817 0.313687
-0.275893 0.313687
-0.256935 0.313687
-0.237952 0.313687
-0.21895 0.313687
-0.199934 0.313687
-0.180908 0.313687
-0.161876 0.313687
-0.142838 0.313687
-0.123797 0.313687
-0.104754 0.313687
-0.0857093 0.313687
-0.0666635 0.313687
-0.0476172 0.313687
-0.0285704 0.313687
-0.00952344 0.313687
0.0095236 0.313687
0.0285706 0.313687
0.0476174 0.313687
0.0666639 0.313687
0.0857098 0.313687
0.104755 0.313687
0.123798 0.313687
0.14284 0.313687
0.161878 0.313687
0.180911 0.313687
0.199938 0.313687
0.218955 0.313687
0.237959 0.313687
0.256944 0.313687
0.275904 0.313687
0.294831 0.313687
0.313713 0.313688
0.332538 0.313689
0.35129 0.313691
0.369951 0.313694
0.388498 0.313697
0.406907 0.313702
0.42515 0.313708
0.443196 0.313716
0.461013 0.313726
0.478567 0.313737
0.495825 0.31375
0.512751 0.313763
0.529315 0.313776
0.545488 0.313787
0.561247 0.313792
0.576575 0.313786
-0.576528 0.294885
-0.561201 0.294887
-0.545442 0.294882
-0.529268 0.294873
-0.512703 0.294863
-0.495776 0.294852
-0.478519 0.294843
-0.460965 0.294835
-0.44315 0.294828
-0.425107 0.294823
-0.406868 0.294818
-0.388463 0.294815
-0.36992 0.294813
-0.351264 0.294811
-0.332516 0.29481
-0.313694 0.29481
-0.294816 0.294809
-0.275892 0.294809
-0.256935 0.294809
-0.237952 0.294809
-0.21895 0.294809
-0.199934 0.294809
-0.180908 0.29481
-0.161876 0.29481
-0.142838 0.29481
-0.123797 0.29481
-0.104754 0.29481
-0.0857093 0.29481
-0.0666636 0.29481
-0.0476172 0.29481
-0.0285704 0.29481
-0.00952345 0.29481
0.00952361 0.29481
0.0285706 0.29481
0.0476174 0.29481
0.0666639 0.29481
0.0857098 0.29481
0.104755 0.29481
0.123798 0.29481
0.14284 0.29481
0.161878 0.29481
0.180911 0.29481
0.199938 0.294809
0.218955 0.294809
0.237959 0.294809
0.256944 0.294809
0.275904 0.294809
0.29483 0.294809
0.313712 0.29481
0.332536 0.29481
0.351288 0.294811
0.369947 0.294813
0.388493 0.294815
0.406901 0.294818
0.425142 0.294822
0.443187 0.294828
0.461002 0.294834
0.478554 0.294843
0.495808 0.294852
0.512731 0.294862
0.52929 0.294872
0.545458 0.294881
0.561209 0.294887
0.576527 0.294885
-0.576493 0.275945
-0.561174 0.275944
-0.545421 0.275938
-0.52925 0.275931
-0.512688 0.275923
-0.495764 0.275915
-0.478509 0.275908
-0.460957 0.275902
-0.443144 0.275897
-0.425102 0.275894
-0.406864 0.275891
-0.38846 0.275889
-0.369918 0.275888
-0.351262 0.275887
-0.332514 0.275887
-0.313693 0.275887
-0.294815 0.275887
-0.275892 0.275887
-0.256934 0.275887
-0.237951 0.275887
-0.21895 0.275887
-0.199934 0.275887
-0.180908 0.275888
-0.161876 0.275888
-0.142838 0.275888
-0.123797 0.275888
-0.104754 0.275888
-0.0857094 0.275888
-0.0666636 0.275888
-0.0476172 0.275888
-0.0285704 0.275888
-0.00952345 0.275888
0.00952361 0.275888
0.0285706 0.275888
0.0476175 0.275888
0.066664 0.275888
0.0857099 0.275888
0.104755 0.275888
0.123798 0.275888
0.14284 0.275888
0.161878 0.275888
0.180911 0.275888
0.199938 0.275887
0.218955 0.275887
0.237959 0.275887
0.256943 0.275887
0.275903 0.275887
0.294829 0.275887
0.313711 0.275887
0.332535 0.275887
0.351286 0.275887
0.369945 0.275888
0.38849 0.275889
0.406897 0.275891
0.425137 0.275894
0.44318 0.275897
0.460994 0.275902
0.478544 0.275908
0.495796 0.275915
0.512717 0.275922
0.529273 0.275931
0.545436 0.275938
0.561182 0.275944
0.576492 0.275944
-0.576468 0.256974
-0.561155 0.256972
-0.545405 0.256967
-0.529238 0.25696
-0.512678 0.256953
-0.495756 0.256947
-0.478502 0.256942
-0.460952 0.256938
-0.443139 0.256935
-0.425098 0.256933
-0.406861 0.256931
-0.388457 0.25693
-0.369916 0.25693
-0.351261 0.25693
-0.332513 0.25693
-0.313693 0.25693
-0.294814 0.25693
-0.275891 0.25693
-0.256934 0.25693
-0.237951 0.256931
-0.21895 0.256931
-0.199934 0.256931
-0.180908 0.256931
-0.161876 0.256931
-0.142838 0.256932
-0.123797 0.256932
-0.104754 0.256932
-0.0857094 0.256932
-0.0666636 0.256932
-0.0476172 0.256932
-0.0285705 0.256932
-0.00952346 0.256932
0.00952362 0.256932
0.0285706 0.256932
0.0476175 0.256932
0.066664 0.256932
0.0857099 0.256932
0.104755 0.256932
0.123798 0.256932
0.14284 0.256932
0.161878 0.256931
0.180912 0.256931
0.199938 0.256931
0.218955 0.256931
0.237959 0.256931
0.256943 0.25693
0.275903 0.25693
0.294829 0.25693
0.31371 0.25693
0.332534 0.25693
0.351284 0.256929
0.369943 0.25693
0.388488 0.25693
0.406894 0.256931
0.425133 0.256933
0.443175 0.256935
0.460988 0.256938
0.478537 0.256942
0.495788 0.256947
0.512707 0.256953
0.529261 0.25696
0.545421 0.256966
0.561163 0.256972
0.576467 0.256974
-0.57645 0.237981
-0.561141 0.237978
-0.545395 0.237973
-0.52923 0.237967
-0.512672 0.237962
-0.49575 0.237957
-0.478497 0.237953
-0.460948 0.23795
-0.443136 0.237948
-0.425096 0.237947
-0.406859 0.237946
-0.388456 0.237946
-0.369915 0.237946
-0.35126 0.237946
-0.332513 0.237947
-0.313692 0.237947
-0.294814 0.237948
-0.275891 0.237948
-0.256934 0.237948
-0.237951 0.237948
-0.21895 0.237949
-0.199934 0.237949
-0.180909 0.237949
-0.161876 0.237949
-0.142838 0.237949
-0.123797 0.23795
-0.104754 0.23795
-0.0857094 0.23795
-0.0666637 0.23795
-0.0476173 0.23795
-0.0285705 0.23795
-0.00952346 0.23795
0.00952362 0.23795
0.0285707 0.23795
0.0476175 0.23795
0.066664 0.23795
0.08571 0.23795
0.104755 0.23795
0.123799 0.23795
0.14284 0.237949
0.161878 0.237949
0.180912 0.237949
0.199938 0.237949
0.218955 0.237949
0.237958 0.237949
0.256943 0.237948
0.275903 0.237948
0.294828 0.237947
0.31371 0.237947
0.332533 0.237947
0.351284 0.237946
0.369942 0.237946
0.388486 0.237946
0.406892 0.237946
0.425131 0.237947
0.443172 0.237948
0.460984 0.23795
0.478533 0.237953
0.495782 0.237957
0.5127 0.237962
0.529252 0.237967
0.545411 0.237973
0.561149 0.237978
0.576449 0.237981
-0.576438 0.218972
-0.561132 0.218969
-0.545387 0.218963
-0.529224 0.218958
-0.512667 0.218954
-0.495746 0.21895
-0.478494 0.218947
-0.460945 0.218945
-0.443134 0.218944
-0.425094 0.218944
-0.406857 0.218943
-0.388455 0.218944
-0.369914 0.218944
-0.351259 0.218944
-0.332512 0.218945
-0.313692 0.218946
-0.294814 0.218946
-0.275891 0.218947
-0.256934 0.218947
-0.237951 0.218947
-0.21895 0.218948
-0.199934 0.218948
-0.180909 0.218948
-0.161876 0.218948
-0.142838 0.218948
-0.123797 0.218948
-0.104754 0.218948
-0.0857095 0.218949
-0.0666637 0.218949
-0.0476173 0.218949
-0.0285705 0.218949
-0.00952347 0.218949
0.00952363 0.218949
0.0285707 0.218949
0.0476175 0.218949
0.0666641 0.218949
0.08571 0.218949
0.104755 0.218948
0.123799 0.218948
0.14284 0.218948
0.161878 0.218948
0.180912 0.218948
0.199938 0.218948
0.218955 0.218948
0.237959 0.218947
0.256943 0.218947
0.275903 0.218947
0.294828 0.218946
0.313709 0.218946
0.332533 0.218945
0.351283 0.218944
0.369941 0.218944
0.388485 0.218944
0.406891 0.218943
0.425129 0.218943
0.44317 0.218944
0.460982 0.218945
0.478529 0.218947
0.495779 0.21895
0.512695 0.218954
0.529247 0.218958
0.545403 0.218963
0.56114 0.218968
0.576437 0.218972
-0.576429 0.199952
-0.561126 0.199947
-0.545383 0.199942
-0.52922 0.199938
-0.512664 0.199934
-0.495744 0.199931
-0.478492 0.199929
-0.460944 0.199927
-0.443133 0.199927
-0.425093 0.199927
-0.406857 0.199927
-0.388454 0.199927
-0.369914 0.199928
-0.351259 0.199929
-0.332512 0.19993
-0.313692 0.19993
-0.294814 0.199931
-0.275891 0.199931
-0.256934 0.199932
-0.237951 0.199932
-0.21895 0.199932
-0.199934 0.199933
-0.180909 0.199933
-0.161876 0.199933
-0.142838 0.199933
-0.123798 0.199933
-0.104754 0.199933
-0.0857095 0.199933
-0.0666637 0.199933
-0.0476173 0.199933
-0.0285705 0.199933
-0.00952347 0.199933
0.00952363 0.199933
0.0285707 0.199933
0.0476176 0.199933
0.0666641 0.199933
0.08571 0.199933
0.104755 0.199933
0.123799 0.199933
0.14284 0.199933
0.161878 0.199933
0.180912 0.199933
0.199938 0.199933
0.218955 0.199932
0.237959 0.199932
0.256943 0.199932
0.275903 0.199931
0.294828 0.199931
0.313709 0.19993
0.332533 0.19993
0.351283 0.199929
0.369941 0.199928
0.388485 0.199927
0.40689 0.199927
0.425128 0.199927
0.443169 0.199927
0.46098 0.199927
0.478527 0.199929
0.495776 0.199931
0.512692 0.199934
0.529243 0.199938
0.545398 0.199942
0.561134 0.199947
0.576428 0.199952
-0.576423 0.180922
-0.561121 0.180918
-0.545379 0.180913
-0.529217 0.180909
-0.512662 0.180905
-0.495742 0.180903
-0.478491 0.180901
-0.460943 0.1809
-0.443132 0.1809
-0.425092 0.1809
-0.406856 0.180901
-0.388454 0.180902
-0.369913 0.180902
-0.351259 0.180903
-0.332512 0.180904
-0.313692 0.180905
-0.294814 0.180905
-0.275891 0.180906
-0.256934 0.180906
-0.237951 0.180907
-0.21895 0.180907
-0.199934 0.180907
-0.180909 0.180908
-0.161876 0.180908
-0.142839 0.180908
-0.123798 0.180908
-0.104754 0.180908
-0.0857095 0.180908
-0.0666638 0.180908
-0.0476173 0.180908
-0.0285705 0.180908
-0.00952347 0.180908
0.00952363 0.180908
0.0285707 0.180908
0.0476176 0.180908
0.0666641 0.180908
0.0857101 0.180908
0.104755 0.180908
0.123799 0.180908
0.14284 0.180908
0.161878 0.180908
0.180912 0.180908
0.199938 0.180907
0.218955 0.180907
0.237959 0.180907
0.256943 0.180906
0.275903 0.180906
0.294828 0.180905
0.313709 0.180905
0.332533 0.180904
0.351283 0.180903
0.369941 0.180902
0.388484 0.180902
0.406889 0.180901
0.425127 0.1809
0.443168 0.1809
0.460979 0.1809
0.478526 0.180901
0.495774 0.180903
0.51269 0.180905
0.52924 0.180909
0.545395 0.180913
0.561129 0.180918
0.576422 0.180922
-0.576419 0.161887
-0.561119 0.161882
-0.545377 0.161878
-0.529216 0.161874
-0.51266 0.161871
-0.495741 0.161869
-0.47849 0.161867
-0.460942 0.161867
-0.443131 0.161867
-0.425092 0.161867
-0.406856 0.161868
-0.388454 0.161869
-0.369913 0.16187
-0.351259 0.161871
-0.332512 0.161872
-0.313692 0.161872
-0.294814 0.161873
-0.275891 0.161874
-0.256934 0.161874
-0.237952 0.161874
-0.21895 0.161875
-0.199934 0.161875
-0.180909 0.161875
-0.161876 0.161875
-0.142839 0.161875
-0.123798 0.161876
-0.104754 0.161876
-0.0857096 0.161876
-0.0666638 0.161876
-0.0476173 0.161876
-0.0285705 0.161876
-0.00952348 0.161876
0.00952364 0.161876
0.0285707 0.161876
0.0476176 0.161876
0.0666642 0.161876
0.0857101 0.161876
0.104755 0.161876
0.123799 0.161876
0.14284 0.161875
0.161878 0.161875
0.180912 0.161875
0.199938 0.161875
0.218955 0.161875
0.237959 0.161874
0.256943 0.161874
0.275903 0.161874
0.294828 0.161873
0.313709 0.161872
0.332533 0.161872
0.351283 0.161871
0.36994 0.16187
0.388484 0.161869
0.406889 0.161868
0.425127 0.161867
0.443168 0.161867
0.460978 0.161867
0.478525 0.161867
0.495773 0.161868
0.512689 0.161871
0.529238 0.161874
0.545393 0.161878
0.561126 0.161882
0.576419 0.161887
-0.576417 0.142848
-0.561117 0.142843
-0.545376 0.142838
-0.529215 0.142835
-0.512659 0.142832
-0.49574 0.14283
-0.478489 0.142829
-0.460942 0.142828
-0.443131 0.142829
-0.425091 0.142829
-0.406856 0.14283
-0.388454 0.142831
-0.369913 0.142832
-0.351259 0.142833
-0.332512 0.142834
-0.313692 0.142835
-0.294814 0.142836
-0.275891 0.142836
-0.256934 0.142837
-0.237952 0.142837
-0.21895 0.142837
-0.199934 0.142838
-0.180909 0.142838
-0.161876 0.142838
-0.142839 0.142838
-0.123798 0.142838
-0.104754 0.142838
-0.0857096 0.142838
-0.0666638 0.142838
-0.0476174 0.142838
-0.0285705 0.142838
-0.00952348 0.142838
0.00952364 0.142838
0.0285707 0.142838
0.0476176 0.142838
0.0666642 0.142838
0.0857101 0.142838
0.104755 0.142838
0.123799 0.142838
0.14284 0.142838
0.161878 0.142838
0.180912 0.142838
0.199939 0.142838
0.218955 0.142837
0.237959 0.142837
0.256943 0.142837
0.275903 0.142836
0.294828 0.142836
0.313709 0.142835
0.332533 0.142834
0.351283 0.142833
0.36994 0.142832
0.388484 0.142831
0.406889 0.14283
0.425127 0.142829
0.443167 0.142829
0.460978 0.142828
0.478525 0.142829
0.495773 0.14283
0.512688 0.142832
0.529237 0.142835
0.545392 0.142838
0.561125 0.142843
0.576416 0.142848
-0.576415 0.123805
-0.561115 0.123801
-0.545375 0.123796
-0.529214 0.123793
-0.512659 0.12379
-0.49574 0.123788
-0.478489 0.123787
-0.460941 0.123787
-0.443131 0.123788
-0.425091 0.123788
-0.406856 0.123789
-0.388454 0.12379
-0.369913 0.123791
-0.351259 0.123792
-0.332512 0.123793
-0.313692 0.123794
-0.294814 0.123795
-0.275891 0.123795
-0.256934 0.123796
-0.237952 0.123796
-0.21895 0.123797
-0.199934 0.123797
-0.180909 0.123797
-0.161876 0.123797
-0.142839 0.123797
-0.123798 0.123797
-0.104754 0.123797
-0.0857096 0.123797
-0.0666638 0.123797
-0.0476174 0.123797
-0.0285705 0.123798
-0.00952349 0.123798
0.00952364 0.123798
0.0285707 0.123798
0.0476176 0.123797
0.0666642 0.123797
0.0857102 0.123797
0.104755 0.123797
0.123799 0.123797
0.14284 0.123797
0.161878 0.123797
0.180912 0.123797
0.199939 0.123797
0.218956 0.123797
0.237959 0.123796
0.256943 0.123796
0.275903 0.123795
0.294828 0.123795
0.313709 0.123794
0.332533 0.123793
0.351283 0.123792
0.36994 0.123791
0.388484 0.12379
0.406889 0.123789
0.425127 0.123788
0.443167 0.123787
0.460978 0.123787
0.478524 0.123787
0.495772 0.123788
0.512687 0.12379
0.529237 0.123793
0.545391 0.123796
0.561123 0.123801
0.576414 0.123805
-0.576414 0.104761
-0.561115 0.104757
-0.545374 0.104752
-0.529214 0.104749
-0.512659 0.104746
-0.49574 0.104745
-0.478489 0.104744
-0.460941 0.104744
-0.443131 0.104744
-0.425091 0.104745
-0.406856 0.104746
-0.388454 0.104747
-0.369913 0.104748
-0.351259 0.104749
-0.332512 0.10475
-0.313692 0.104751
-0.294814 0.104752
-0.275891 0.104752
-0.256934 0.104753
-0.237952 0.104753
-0.21895 0.104753
-0.199935 0.104754
-0.180909 0.104754
-0.161876 0.104754
-0.142839 0.104754
-0.123798 0.104754
-0.104754 0.104754
-0.0857097 0.104754
-0.0666639 0.104754
-0.0476174 0.104754
-0.0285705 0.104754
-0.00952349 0.104754
0.00952365 0.104754
0.0285707 0.104754
0.0476177 0.104754
0.0666642 0.104754
0.0857102 0.104754
0.104755 0.104754
0.123799 0.104754
0.14284 0.104754
0.161879 0.104754
0.180912 0.104754
0.199939 0.104754
0.218956 0.104753
0.237959 0.104753
0.256944 0.104753
0.275903 0.104752
0.294828 0.104752
0.313709 0.104751
0.332533 0.10475
0.351283 0.104749
0.36994 0.104748
0.388484 0.104747
0.406889 0.104746
0.425127 0.104745
0.443167 0.104744
0.460978 0.104744
0.478524 0.104744
0.495772 0.104745
0.512687 0.104746
0.529236 0.104749
0.54539 0.104752
0.561123 0.104757
0.576413 0.104761
-0.576414 0.085716
-0.561114 0.0857113
-0.545374 0.0857071
-0.529213 0.0857038
-0.512658 0.0857013
-0.495739 0.0856997
-0.478489 0.085699
-0.460941 0.0856989
-0.443131 0.0856994
-0.425091 0.0857002
-0.406856 0.0857012
-0.388454 0.0857024
-0.369913 0.0857035
-0.351259 0.0857045
-0.332512 0.0857055
-0.313692 0.0857063
-0.294814 0.085707
-0.275891 0.0857076
-0.256934 0.0857081
-0.237952 0.0857084
-0.21895 0.0857087
-0.199935 0.0857089
-0.180909 0.0857091
-0.161876 0.0857092
-0.142839 0.0857093
-0.123798 0.0857094
-0.104755 0.0857095
-0.0857097 0.0857095
-0.0666639 0.0857095
-0.0476174 0.0857095
-0.0285706 0.0857096
-0.00952349 0.0857096
0.00952365 0.0857096
0.0285707 0.0857096
0.0476177 0.0857095
0.0666642 0.0857095
0.0857102 0.0857095
0.104755 0.0857095
0.123799 0.0857094
0.14284 0.0857093
0.161879 0.0857092
0.180912 0.0857091
0.199939 0.0857089
0.218956 0.0857087
0.237959 0.0857084
0.256944 0.0857081
0.275903 0.0857076
0.294828 0.0857071
0.313709 0.0857064
0.332533 0.0857055
0.351283 0.0857046
0.36994 0.0857035
0.388484 0.0857024
0.406889 0.0857012
0.425127 0.0857002
0.443167 0.0856993
0.460978 0.0856989
0.478524 0.0856989
0.495772 0.0856997
0.512687 0.0857012
0.529236 0.0857037
0.54539 0.0857071
0.561122 0.0857112
0.576413 0.085716
-0.576413 0.0666699
-0.561114 0.0666652
-0.545374 0.0666611
-0.529213 0.0666578
-0.512658 0.0666554
-0.495739 0.0666538
-0.478489 0.0666531
-0.460941 0.0666531
-0.443131 0.0666536
-0.425091 0.0666544
-0.406856 0.0666555
-0.388454 0.0666566
-0.369913 0.0666578
-0.351259 0.0666589
-0.332512 0.0666598
-0.313692 0.0666606
-0.294814 0.0666613
-0.275891 0.0666619
-0.256935 0.0666624
-0.237952 0.0666627
-0.21895 0.066663
-0.199935 0.0666632
-0.180909 0.0666634
-0.161876 0.0666635
-0.142839 0.0666636
-0.123798 0.0666636
-0.104755 0.0666637
-0.0857097 0.0666637
-0.0666639 0.0666637
-0.0476174 0.0666638
-0.0285706 0.0666638
-0.00952349 0.0666638
0.00952365 0.0666638
0.0285708 0.0666638
0.0476177 0.0666638
0.0666643 0.0666637
0.0857102 0.0666637
0.104755 0.0666637
0.123799 0.0666636
0.14284 0.0666636
0.161879 0.0666635
0.180912 0.0666634
0.199939 0.0666632
0.218956 0.066663
0.237959 0.0666627
0.256944 0.0666624
0.275903 0.0666619
0.294828 0.0666614
0.313709 0.0666607
0.332533 0.0666598
0.351283 0.0666589
0.36994 0.0666578
0.388484 0.0666567
0.406889 0.0666555
0.425127 0.0666544
0.443167 0.0666536
0.460978 0.0666531
0.478524 0.0666531
0.495772 0.0666538
0.512687 0.0666553
0.529236 0.0666577
0.54539 0.066661
0.561122 0.0666651
0.576412 0.0666698
-0.576413 0.0476233
-0.561114 0.0476186
-0.545374 0.0476145
-0.529213 0.0476112
-0.512658 0.0476089
-0.495739 0.0476074
-0.478489 0.0476067
-0.460941 0.0476067
-0.443131 0.0476072
-0.425091 0.0476081
-0.406856 0.0476092
-0.388454 0.0476103
-0.369913 0.0476115
-0.351259 0.0476125
-0.332512 0.0476135
-0.313692 0.0476143
-0.294814 0.047615
-0.275891 0.0476156
-0.256935 0.047616
-0.237952 0.0476163
-0.21895 0.0476166
-0.199935 0.0476168
-0.180909 0.047617
-0.161876 0.0476171
-0.142839 0.0476172
-0.123798 0.0476172
-0.104755 0.0476173
-0.0857097 0.0476173
-0.0666639 0.0476173
-0.0476174 0.0476173
-0.0285706 0.0476173
-0.00952349 0.0476173
0.00952365 0.0476173
0.0285708 0.0476173
0.0476177 0.0476173
0.0666643 0.0476173
0.0857103 0.0476173
0.104755 0.0476173
0.123799 0.0476172
0.14284 0.0476172
0.161879 0.0476171
0.180912 0.047617
0.199939 0.0476168
0.218956 0.0476166
0.237959 0.0476164
0.256944 0.047616
0.275903 0.0476156
0.294828 0.047615
0.313709 0.0476143
0.332533 0.0476135
0.351283 0.0476125
0.369941 0.0476115
0.388484 0.0476103
0.406889 0.0476092
0.425127 0.0476081
0.443167 0.0476072
0.460978 0.0476067
0.478524 0.0476067
0.495772 0.0476074
0.512687 0.0476088
0.529236 0.0476112
0.54539 0.0476145
0.561122 0.0476185
0.576412 0.0476232
-0.576413 0.0285763
-0.561114 0.0285717
-0.545374 0.0285676
-0.529213 0.0285644
-0.512658 0.028562
-0.495739 0.0285606
-0.478489 0.0285599
-0.460941 0.02856
-0.443131 0.0285605
-0.425091 0.0285614
-0.406856 0.0285624
-0.388454 0.0285636
-0.369913 0.0285647
-0.351259 0.0285658
-0.332512 0.0285667
-0.313692 0.0285676
-0.294814 0.0285682
-0.275891 0.0285688
-0.256935 0.0285692
-0.237952 0.0285696
-0.21895 0.0285698
-0.199935 0.02857
-0.180909 0.0285702
-0.161876 0.0285703
-0.142839 0.0285703
-0.123798 0.0285704
-0.104755 0.0285704
-0.0857097 0.0285705
-0.0666639 0.0285705
-0.0476174 0.0285705
-0.0285706 0.0285705
-0.0095235 0.0285705
0.00952365 0.0285705
0.0285708 0.0285705
0.0476177 0.0285705
0.0666643 0.0285705
0.0857103 0.0285705
0.104755 0.0285704
0.123799 0.0285704
0.14284 0.0285703
0.161879 0.0285703
0.180912 0.0285702
0.199939 0.02857
0.218956 0.0285698
0.237959 0.0285696
0.256944 0.0285693
0.275903 0.0285688
0.294828 0.0285683
0.313709 0.0285676
0.332533 0.0285668
0.351283 0.0285658
0.369941 0.0285647
0.388484 0.0285636
0.406889 0.0285624
0.425127 0.0285613
0.443167 0.0285605
0.460978 0.0285599
0.478524 0.0285599
0.495772 0.0285606
0.512687 0.028562
0.529236 0.0285643
0.545389 0.0285676
0.561122 0.0285716
0.576412 0.0285763
-0.576413 0.00952923
-0.561114 0.00952458
-0.545374 0.00952055
-0.529213 0.00951734
-0.512658 0.00951503
-0.495739 0.0095136
-0.478489 0.00951297
-0.460941 0.009513
-0.443131 0.00951353
-0.425091 0.00951441
-0.406856 0.00951549
-0.388454 0.00951665
-0.369913 0.00951779
-0.351259 0.00951885
-0.332512 0.0095198
-0.313692 0.00952061
-0.294814 0.00952128
-0.275892 0.00952182
-0.256935 0.00952225
-0.237952 0.00952257
-0.21895 0.00952282
-0.199935 0.009523
-0.180909 0.00952314
-0.161876 0.00952323
-0.142839 0.0095233
-0.123798 0.00952335
-0.104755 0.00952338
-0.0857097 0.0095234
-0.0666639 0.00952342
-0.0476174 0.00952343
-0.0285706 0.00952343
-0.0095235 0.00952344
0.00952365 0.00952344
0.0285708 0.00952343
0.0476177 0.00952343
0.0666643 0.00952342
0.0857103 0.00952341
0.104755 0.00952339
0.123799 0.00952335
0.14284 0.00952331
0.161879 0.00952324
0.180912 0.00952315
0.199939 0.00952302
0.218956 0.00952284
0.237959 0.0095226
0.256944 0.00952227
0.275903 0.00952185
0.294829 0.00952131
0.313709 0.00952063
0.332533 0.00951982
0.351283 0.00951887
0.369941 0.0095178
0.388484 0.00951665
0.406889 0.00951549
0.425127 0.0095144
0.443167 0.00951351
0.460978 0.00951297
0.478524 0.00951293
0.495772 0.00951356
0.512687 0.00951499
0.529236 0.00951731
0.545389 0.00952052
0.561122 0.00952455
0.576412 0.0095292
-0.576413 -0.00951793
-0.561114 -0.00952257
-0.545374 -0.00952658
-0.529213 -0.00952977
-0.512658 -0.00953206
-0.495739 -0.00953347
-0.478489 -0.00953409
-0.460941 -0.00953404
-0.443131 -0.0095335
-0.425091 -0.00953262
-0.406856 -0.00953154
-0.388454 -0.00953038
-0.369913 -0.00952924
-0.351259 -0.00952818
-0.332512 -0.00952724
-0.313692 -0.00952644
-0.294814 -0.00952578
-0.275892 -0.00952524
-0.256935 -0.00952482
-0.237952 -0.00952451
-0.21895 -0.00952427
-0.199935 -0.00952409
-0.180909 -0.00952397
-0.161876 -0.00952388
-0.142839 -0.00952382
-0.123798 -0.00952378
-0.104755 -0.00952375
-0.0857097 -0.00952374
-0.0666639 -0.00952373
-0.0476174 -0.00952372
-0.0285706 -0.00952372
-0.0095235 -0.00952371
0.00952365 -0.00952371
0.0285708 -0.00952371
0.0476177 -0.00952372
0.0666643 -0.00952372
0.0857103 -0.00952373
0.104755 -0.00952375
0.123799 -0.00952377
0.14284 -0.00952381
0.161879 -0.00952387
0.180912 -0.00952396
0.199939 -0.00952408
0.218956 -0.00952425
0.237959 -0.00952448
0.256944 -0.0095248
0.275903 -0.00952522
0.294829 -0.00952575
0.313709 -0.00952641
0.332533 -0.00952721
0.351283 -0.00952816
0.369941 -0.00952922
0.388484 -0.00953037
0.406889 -0.00953154
0.425127 -0.00953263
0.443167 -0.00953352
0.460978 -0.00953407
0.478524 -0.00953412
0.495772 -0.0095335
0.512687 -0.00953209
0.529236 -0.0095298
0.545389 -0.00952661
0.561122 -0.0095226
0.576412 -0.00951796
-0.576413 -0.0285651
-0.561114 -0.0285697
-0.545374 -0.0285737
-0.529213 -0.0285768
-0.512658 -0.0285791
-0.495739 -0.0285805
-0.478489 -0.0285811
-0.460941 -0.028581
-0.443131 -0.0285805
-0.425091 -0.0285796
-0.406856 -0.0285785
-0.388454 -0.0285774
-0.369913 -0.0285762
-0.351259 -0.0285752
-0.332512 -0.0285742
-0.313692 -0.0285734
-0.294814 -0.0285728
-0.275891 -0.0285723
-0.256935 -0.0285719
-0.237952 -0.0285715
-0.21895 -0.0285713
-0.199935 -0.0285712
-0.180909 -0.028571
-0.161876 -0.028571
-0.142839 -0.0285709
-0.123798 -0.0285709
-0.104755 -0.0285709
-0.0857097 -0.0285708
-0.0666639 -0.0285708
-0.0476174 -0.0285708
-0.0285706 -0.0285708
-0.0095235 -0.0285708
0.00952365 -0.0285708
0.0285708 -0.0285708
0.0476177 -0.0285708
0.0666643 -0.0285708
0.0857103 -0.0285708
0.104755 -0.0285708
0.123799 -0.0285709
0.14284 -0.0285709
0.161879 -0.028571
0.180912 -0.028571
0.199939 -0.0285711
0.218956 -0.0285713
0.237959 -0.0285715
0.256944 -0.0285718
0.275903 -0.0285722
0.294828 -0.0285728
0.313709 -0.0285734
0.332533 -0.0285742
0.351283 -0.0285752
0.369941 -0.0285762
0.388484 -0.0285774
0.406889 -0.0285785
0.425127 -0.0285796
0.443167 -0.0285805
0.460978 -0.0285811
0.478524 -0.0285811
0.495772 -0.0285805
0.512687 -0.0285791
0.529236 -0.0285769
0.545389 -0.0285737
0.561122 -0.0285697
0.576412 -0.0285651
-0.576413 -0.0476121
-0.561114 -0.0476167
-0.545374 -0.0476206
-0.529213 -0.0476238
-0.512658 -0.047626
-0.495739 -0.0476274
-0.478489 -0.047628
-0.460941 -0.0476279
-0.443131 -0.0476273
-0.425091 -0.0476264
-0.406856 -0.0476254
-0.388454 -0.0476242
-0.369913 -0.0476231
-0.351259 -0.047622
-0.332512 -0.0476211
-0.313692 -0.0476203
-0.294814 -0.0476196
-0.275891 -0.0476191
-0.256935 -0.0476187
-0.237952 -0.0476184
-0.21895 -0.0476182
-0.199935 -0.0476181
-0.180909 -0.0476179
-0.161876 -0.0476179
-0.142839 -0.0476178
-0.123798 -0.0476178
-0.104755 -0.0476178
-0.0857097 -0.0476178
-0.0666639 -0.0476178
-0.0476174 -0.0476178
-0.0285706 -0.0476178
-0.0095235 -0.0476178
0.00952365 -0.0476178
0.0285708 -0.0476178
0.0476177 -0.0476178
0.0666643 -0.0476178
0.0857103 -0.0476178
0.104755 -0.0476178
0.123799 -0.0476178
0.14284 -0.0476178
0.161879 -0.0476179
0.180912 -0.0476179
0.199939 -0.047618
0.218956 -0.0476182
0.237959 -0.0476184
0.256944 -0.0476187
0.275903 -0.0476191
0.294828 -0.0476196
0.313709 -0.0476203
0.332533 -0.0476211
0.351283 -0.047622
0.369941 -0.047623
0.388484 -0.0476242
0.406889 -0.0476254
0.425127 -0.0476264
0.443167 -0.0476274
0.460978 -0.0476279
0.478524 -0.047628
0.495772 -0.0476274
0.512687 -0.0476261
0.529236 -0.0476238
0.545389 -0.0476207
0.561122 -0.0476167
0.576412 -0.0476121
-0.576413 -0.0666588
-0.561114 -0.0666634
-0.545374 -0.0666674
-0.529213 -0.0666705
-0.512658 -0.0666727
-0.495739 -0.066674
-0.478489 -0.0666745
-0.460941 -0.0666744
-0.443131 -0.0666739
-0.425091 -0.066673
-0.406856 -0.0666719
-0.388454 -0.0666707
-0.369913 -0.0666696
-0.351259 -0.0666685
-0.332512 -0.0666676
-0.313692 -0.0666668
-0.294814 -0.0666662
-0.275891 -0.0666657
-0.256935 -0.0666653
-0.237952 -0.066665
-0.21895 -0.0666648
-0.199935 -0.0666646
-0.180909 -0.0666645
-0.161876 -0.0666644
-0.142839 -0.0666644
-0.123798 -0.0666644
-0.104755 -0.0666644
-0.0857097 -0.0666644
-0.0666639 -0.0666644
-0.0476174 -0.0666644
-0.0285706 -0.0666644
-0.00952349 -0.0666644
0.00952365 -0.0666644
0.0285708 -0.0666644
0.0476177 -0.0666644
0.0666643 -0.0666644
0.0857102 -0.0666644
0.104755 -0.0666644
0.123799 -0.0666644
0.14284 -0.0666644
0.161879 -0.0666644
0.180912 -0.0666645
0.199939 -0.0666646
0.218956 -0.0666647
0.237959 -0.0666649
0.256944 -0.0666652
0.275903 -0.0666656
0.294828 -0.0666661
0.313709 -0.0666668
0.332533 -0.0666676
0.351283 -0.0666685
0.36994 -0.0666695
0.388484 -0.0666707
0.406889 -0.0666719
0.425127 -0.066673
0.443167 -0.0666739
0.460978 -0.0666745
0.478524 -0.0666746
0.495772 -0.066674
0.512687 -0.0666727
0.529236 -0.0666705
0.54539 -0.0666674
0.561122 -0.0666635
0.576412 -0.0666589
-0.576413 -0.0857052
-0.561114 -0.0857097
-0.545374 -0.0857136
-0.529213 -0.0857167
-0.512658 -0.0857188
-0.495739 -0.0857201
-0.478489 -0.0857206
-0.460941 -0.0857205
-0.443131 -0.0857199
-0.425091 -0.0857189
-0.406856 -0.0857178
-0.388454 -0.0857166
-0.369913 -0.0857155
-0.351259 -0.0857145
-0.332512 -0.0857135
-0.313692 -0.0857128
-0.294814 -0.0857121
-0.275891 -0.0857116
-0.256934 -0.0857112
-0.237952 -0.0857109
-0.21895 -0.0857107
-0.199935 -0.0857106
-0.180909 -0.0857105
-0.161876 -0.0857105
-0.142839 -0.0857104
-0.123798 -0.0857104
-0.104755 -0.0857104
-0.0857097 -0.0857104
-0.0666639 -0.0857104
-0.0476174 -0.0857104
-0.0285706 -0.0857104
-0.00952349 -0.0857104
0.00952365 -0.0857104
0.0285707 -0.0857104
0.0476177 -0.0857104
0.0666642 -0.0857104
0.0857102 -0.0857104
0.104755 -0.0857104
0.123799 -0.0857104
0.14284 -0.0857104
0.161879 -0.0857105
0.180912 -0.0857105
0.199939 -0.0857106
0.218956 -0.0857107
0.237959 -0.0857109
0.256944 -0.0857112
0.275903 -0.0857116
0.294828 -0.0857121
0.313709 -0.0857127
0.332533 -0.0857135
0.351283 -0.0857144
0.36994 -0.0857155
0.388484 -0.0857166
0.406889 -0.0857178
0.425127 -0.0857189
0.443167 -0.0857199
0.460978 -0.0857205
0.478524 -0.0857206
0.495772 -0.0857201
0.512687 -0.0857188
0.529236 -0.0857167
0.54539 -0.0857136
0.561122 -0.0857098
0.576413 -0.0857052
-0.576414 -0.104751
-0.561115 -0.104755
-0.545374 -0.104759
-0.529213 -0.104762
-0.512659 -0.104764
-0.495739 -0.104765
-0.478489 -0.104766
-0.460941 -0.104766
-0.443131 -0.104765
-0.425091 -0.104764
-0.406856 -0.104763
-0.388454 -0.104762
-0.369913 -0.104761
-0.351259 -0.10476
-0.332512 -0.104759
-0.313692 -0.104758
-0.294814 -0.104757
-0.275891 -0.104757
-0.256934 -0.104756
-0.237952 -0.104756
-0.21895 -0.104756
-0.199935 -0.104756
-0.180909 -0.104756
-0.161876 -0.104756
-0.142839 -0.104756
-0.123798 -0.104756
-0.104754 -0.104756
-0.0857097 -0.104756
-0.0666639 -0.104756
-0.0476174 -0.104756
-0.0285705 -0.104756
-0.00952349 -0.104756
0.00952365 -0.104756
0.0285707 -0.104756
0.0476177 -0.104756
0.0666642 -0.104756
0.0857102 -0.104756
0.104755 -0.104756
0.123799 -0.104756
0.14284 -0.104756
0.161879 -0.104756
0.180912 -0.104756
0.199939 -0.104756
0.218956 -0.104756
0.237959 -0.104756
0.256944 -0.104756
0.275903 -0.104757
0.294828 -0.104757
0.313709 -0.104758
0.332533 -0.104759
0.351283 -0.104759
0.36994 -0.104761
0.388484 -0.104762
0.406889 -0.104763
0.425127 -0.104764
0.443167 -0.104765
0.460978 -0.104766
0.478524 -0.104766
0.495772 -0.104765
0.512687 -0.104764
0.529236 -0.104762
0.54539 -0.104759
0.561122 -0.104755
0.576413 -0.104751
-0.576415 -0.123795
-0.561115 -0.1238
-0.545375 -0.123804
-0.529214 -0.123806
-0.512659 -0.123808
-0.49574 -0.12381
-0.478489 -0.12381
-0.460941 -0.12381
-0.443131 -0.123809
-0.425091 -0.123808
-0.406856 -0.123807
-0.388454 -0.123805
-0.369913 -0.123804
-0.351259 -0.123803
-0.332512 -0.123802
-0.313692 -0.123801
-0.294814 -0.123801
-0.275891 -0.1238
-0.256934 -0.1238
-0.237952 -0.1238
-0.21895 -0.1238
-0.199934 -0.123799
-0.180909 -0.123799
-0.161876 -0.123799
-0.142839 -0.123799
-0.123798 -0.123799
-0.104754 -0.123799
-0.0857096 -0.123799
-0.0666638 -0.123799
-0.0476174 -0.123799
-0.0285705 -0.123799
-0.00952349 -0.123799
0.00952364 -0.123799
0.0285707 -0.123799
0.0476176 -0.123799
0.0666642 -0.123799
0.0857102 -0.123799
0.104755 -0.123799
0.123799 -0.123799
0.14284 -0.123799
0.161879 -0.123799
0.180912 -0.123799
0.199939 -0.123799
0.218956 -0.123799
0.237959 -0.1238
0.256943 -0.1238
0.275903 -0.1238
0.294828 -0.123801
0.313709 -0.123801
0.332533 -0.123802
0.351283 -0.123803
0.36994 -0.123804
0.388484 -0.123805
0.406889 -0.123807
0.425127 -0.123808
0.443167 -0.123809
0.460978 -0.12381
0.478524 -0.12381
0.495772 -0.12381
0.512687 -0.123808
0.529237 -0.123806
0.54539 -0.123804
0.561123 -0.1238
0.576414 -0.123795
-0.576416 -0.142838
-0.561116 -0.142843
-0.545375 -0.142846
-0.529214 -0.142849
-0.512659 -0.142851
-0.49574 -0.142852
-0.478489 -0.142852
-0.460941 -0.142852
-0.443131 -0.142851
-0.425091 -0.14285
-0.406856 -0.142848
-0.388454 -0.142847
-0.369913 -0.142846
-0.351259 -0.142845
-0.332512 -0.142844
-0.313692 -0.142843
-0.294814 -0.142842
-0.275891 -0.142842
-0.256934 -0.142841
-0.237952 -0.142841
-0.21895 -0.142841
-0.199934 -0.142841
-0.180909 -0.142841
-0.161876 -0.142841
-0.142839 -0.142841
-0.123798 -0.142841
-0.104754 -0.142841
-0.0857096 -0.142841
-0.0666638 -0.142841
-0.0476174 -0.142841
-0.0285705 -0.142841
-0.00952348 -0.142841
0.00952364 -0.142841
0.0285707 -0.142841
0.0476176 -0.142841
0.0666642 -0.142841
0.0857102 -0.142841
0.104755 -0.142841
0.123799 -0.142841
0.14284 -0.142841
0.161878 -0.142841
0.180912 -0.142841
0.199939 -0.142841
0.218955 -0.142841
0.237959 -0.142841
0.256943 -0.142841
0.275903 -0.142842
0.294828 -0.142842
0.313709 -0.142843
0.332533 -0.142844
0.351283 -0.142845
0.36994 -0.142846
0.388484 -0.142847
0.406889 -0.142848
0.425127 -0.14285
0.443167 -0.142851
0.460978 -0.142852
0.478525 -0.142852
0.495773 -0.142852
0.512688 -0.142851
0.529237 -0.142849
0.545391 -0.142846
0.561124 -0.142843
0.576415 -0.142838
-0.576419 -0.161878
-0.561118 -0.161883
-0.545377 -0.161886
-0.529215 -0.161889
-0.51266 -0.16189
-0.495741 -0.161891
-0.47849 -0.161891
-0.460942 -0.161891
-0.443131 -0.16189
-0.425092 -0.161888
-0.406856 -0.161887
-0.388454 -0.161886
-0.369913 -0.161884
-0.351259 -0.161883
-0.332512 -0.161882
-0.313692 -0.161881
-0.294814 -0.161881
-0.275891 -0.16188
-0.256934 -0.16188
-0.237952 -0.16188
-0.21895 -0.161879
-0.199934 -0.161879
-0.180909 -0.161879
-0.161876 -0.161879
-0.142839 -0.161879
-0.123798 -0.161879
-0.104754 -0.161879
-0.0857096 -0.161879
-0.0666638 -0.161879
-0.0476173 -0.161879
-0.0285705 -0.161879
-0.00952348 -0.161879
0.00952364 -0.161879
0.0285707 -0.161879
0.0476176 -0.161879
0.0666642 -0.161879
0.0857101 -0.161879
0.104755 -0.161879
0.123799 -0.161879
0.14284 -0.161879
0.161878 -0.161879
0.180912 -0.161879
0.199938 -0.161879
0.218955 -0.161879
0.237959 -0.16188
0.256943 -0.16188
0.275903 -0.16188
0.294828 -0.161881
0.313709 -0.161881
0.332533 -0.161882
0.351283 -0.161883
0.36994 -0.161884
0.388484 -0.161886
0.406889 -0.161887
0.425127 -0.161888
0.443168 -0.16189
0.460978 -0.161891
0.478525 -0.161891
0.495773 -0.161891
0.512688 -0.16189
0.529238 -0.161889
0.545392 -0.161886
0.561126 -0.161883
0.576418 -0.161878
-0.576422 -0.180915
-0.56112 -0.180919
-0.545378 -0.180923
-0.529217 -0.180925
-0.512661 -0.180926
-0.495742 -0.180927
-0.478491 -0.180926
-0.460942 -0.180925
-0.443132 -0.180924
-0.425092 -0.180923
-0.406856 -0.180921
-0.388454 -0.18092
-0.369913 -0.180918
-0.351259 -0.180917
-0.332512 -0.180916
-0.313692 -0.180915
-0.294814 -0.180914
-0.275891 -0.180914
-0.256934 -0.180914
-0.237951 -0.180913
-0.21895 -0.180913
-0.199934 -0.180913
-0.180909 -0.180913
-0.161876 -0.180913
-0.142839 -0.180913
-0.123798 -0.180913
-0.104754 -0.180913
-0.0857095 -0.180913
-0.0666638 -0.180913
-0.0476173 -0.180913
-0.0285705 -0.180913
-0.00952347 -0.180913
0.00952363 -0.180913
0.0285707 -0.180913
0.0476176 -0.180913
0.0666641 -0.180913
0.0857101 -0.180913
0.104755 -0.180913
0.123799 -0.180913
0.14284 -0.180913
0.161878 -0.180913
0.180912 -0.180913
0.199938 -0.180913
0.218955 -0.180913
0.237959 -0.180913
0.256943 -0.180913
0.275903 -0.180914
0.294828 -0.180914
0.313709 -0.180915
0.332533 -0.180916
0.351283 -0.180917
0.36994 -0.180918
0.388484 -0.18092
0.406889 -0.180921
0.425127 -0.180923
0.443168 -0.180924
0.460979 -0.180925
0.478526 -0.180926
0.495774 -0.180927
0.51269 -0.180926
0.52924 -0.180925
0.545394 -0.180923
0.561128 -0.180919
0.576421 -0.180915
-0.576427 -0.199945
-0.561124 -0.19995
-0.545381 -0.199953
-0.529219 -0.199955
-0.512663 -0.199956
-0.495743 -0.199956
-0.478492 -0.199955
-0.460943 -0.199954
-0.443132 -0.199952
-0.425092 -0.199951
-0.406856 -0.199949
-0.388454 -0.199947
-0.369913 -0.199946
-0.351259 -0.199944
-0.332512 -0.199943
-0.313692 -0.199942
-0.294814 -0.199941
-0.275891 -0.199941
-0.256934 -0.19994
-0.237951 -0.19994
-0.21895 -0.19994
-0.199934 -0.19994
-0.180909 -0.19994
-0.161876 -0.19994
-0.142838 -0.19994
-0.123798 -0.19994
-0.104754 -0.19994
-0.0857095 -0.19994
-0.0666637 -0.19994
-0.0476173 -0.19994
-0.0285705 -0.19994
-0.00952347 -0.19994
0.00952363 -0.19994
0.0285707 -0.19994
0.0476176 -0.19994
0.0666641 -0.19994
0.08571 -0.19994
0.104755 -0.19994
0.123799 -0.19994
0.14284 -0.19994
0.161878 -0.19994
0.180912 -0.19994
0.199938 -0.19994
0.218955 -0.19994
0.237959 -0.19994
0.256943 -0.19994
0.275903 -0.199941
0.294828 -0.199941
0.313709 -0.199942
0.332533 -0.199943
0.351283 -0.199944
0.369941 -0.199945
0.388485 -0.199947
0.40689 -0.199949
0.425128 -0.199951
0.443169 -0.199952
0.46098 -0.199954
0.478527 -0.199955
0.495776 -0.199956
0.512691 -0.199956
0.529242 -0.199955
0.545397 -0.199953
0.561132 -0.19995
0.576427 -0.199945
-0.576435 -0.218968
-0.56113 -0.218973
-0.545386 -0.218976
-0.529223 -0.218978
-0.512666 -0.218978
-0.495745 -0.218977
-0.478494 -0.218976
-0.460945 -0.218974
-0.443133 -0.218972
-0.425093 -0.218969
-0.406857 -0.218967
-0.388455 -0.218965
-0.369914 -0.218963
-0.351259 -0.218962
-0.332512 -0.218961
-0.313692 -0.21896
-0.294814 -0.218959
-0.275891 -0.218958
-0.256934 -0.218958
-0.237951 -0.218957
-0.21895 -0.218957
-0.199934 -0.218957
-0.180909 -0.218957
-0.161876 -0.218957
-0.142838 -0.218957
-0.123797 -0.218957
-0.104754 -0.218957
-0.0857095 -0.218957
-0.0666637 -0.218957
-0.0476173 -0.218957
-0.0285705 -0.218957
-0.00952347 -0.218957
0.00952363 -0.218957
0.0285707 -0.218957
0.0476175 -0.218957
0.0666641 -0.218957
0.08571 -0.218957
0.104755 -0.218957
0.123799 -0.218957
0.14284 -0.218957
0.161878 -0.218957
0.180912 -0.218957
0.199938 -0.218957
0.218955 -0.218957
0.237958 -0.218957
0.256943 -0.218958
0.275903 -0.218958
0.294828 -0.218959
0.313709 -0.21896
0.332533 -0.218961
0.351283 -0.218962
0.369941 -0.218963
0.388485 -0.218965
0.40689 -0.218967
0.425129 -0.218969
0.44317 -0.218972
0.460981 -0.218974
0.478529 -0.218976
0.495778 -0.218977
0.512694 -0.218978
0.529245 -0.218978
0.545402 -0.218976
0.561138 -0.218973
0.576434 -0.218968
-0.576447 -0.237979
-0.561139 -0.237985
-0.545393 -0.237988
-0.529228 -0.237989
-0.51267 -0.237988
-0.495749 -0.237986
-0.478496 -0.237984
-0.460947 -0.237981
-0.443135 -0.237978
-0.425095 -0.237975
-0.406858 -0.237973
-0.388456 -0.23797
-0.369914 -0.237968
-0.35126 -0.237966
-0.332513 -0.237965
-0.313692 -0.237964
-0.294814 -0.237963
-0.275891 -0.237962
-0.256934 -0.237962
-0.237951 -0.237961
-0.21895 -0.237961
-0.199934 -0.237961
-0.180909 -0.237961
-0.161876 -0.237961
-0.142838 -0.237961
-0.123797 -0.237961
-0.104754 -0.237961
-0.0857094 -0.237961
-0.0666637 -0.237961
-0.0476173 -0.237961
-0.0285705 -0.237961
-0.00952346 -0.237961
0.00952362 -0.237961
0.0285707 -0.237961
0.0476175 -0.237961
0.066664 -0.237961
0.08571 -0.237961
0.104755 -0.237961
0.123799 -0.237961
0.14284 -0.237961
0.161878 -0.237961
0.180912 -0.237961
0.199938 -0.237961
0.218955 -0.237961
0.237958 -0.237961
0.256943 -0.237962
0.275903 -0.237962
0.294828 -0.237963
0.313709 -0.237964
0.332533 -0.237965
0.351283 -0.237966
0.369942 -0.237968
0.388486 -0.23797
0.406891 -0.237973
0.42513 -0.237975
0.443172 -0.237978
0.460984 -0.237981
0.478532 -0.237984
0.495781 -0.237986
0.512699 -0.237988
0.529251 -0.237989
0.545409 -0.237988
0.561147 -0.237985
0.576446 -0.237979
-0.576464 -0.256975
-0.561152 -0.256982
-0.545403 -0.256984
-0.529236 -0.256984
-0.512677 -0.256982
-0.495754 -0.256979
-0.478501 -0.256976
-0.460951 -0.256972
-0.443138 -0.256968
-0.425097 -0.256964
-0.40686 -0.25696
-0.388457 -0.256957
-0.369915 -0.256955
-0.35126 -0.256953
-0.332513 -0.256951
-0.313693 -0.256949
-0.294814 -0.256948
-0.275891 -0.256948
-0.256934 -0.256947
-0.237951 -0.256947
-0.21895 -0.256946
-0.199934 -0.256946
-0.180908 -0.256946
-0.161876 -0.256946
-0.142838 -0.256946
-0.123797 -0.256946
-0.104754 -0.256946
-0.0857094 -0.256946
-0.0666636 -0.256946
-0.0476172 -0.256946
-0.0285705 -0.256946
-0.00952346 -0.256946
0.00952362 -0.256946
0.0285706 -0.256946
0.0476175 -0.256946
0.066664 -0.256946
0.0857099 -0.256946
0.104755 -0.256946
0.123798 -0.256946
0.14284 -0.256946
0.161878 -0.256946
0.180911 -0.256946
0.199938 -0.256946
0.218955 -0.256946
0.237958 -0.256947
0.256943 -0.256947
0.275903 -0.256947
0.294828 -0.256948
0.31371 -0.256949
0.332534 -0.256951
0.351284 -0.256952
0.369943 -0.256955
0.388487 -0.256957
0.406893 -0.25696
0.425132 -0.256964
0.443175 -0.256968
0.460987 -0.256971
0.478536 -0.256975
0.495787 -0.256979
0.512705 -0.256982
0.529259 -0.256984
0.545419 -0.256984
0.56116 -0.256982
0.576463 -0.256975
-0.576488 -0.275948
-0.56117 -0.275957
-0.545417 -0.275959
-0.529248 -0.275958
-0.512686 -0.275955
-0.495762 -0.27595
-0.478507 -0.275945
-0.460956 -0.275939
-0.443143 -0.275934
-0.425101 -0.275928
-0.406863 -0.275924
-0.388459 -0.27592
-0.369917 -0.275917
-0.351262 -0.275914
-0.332514 -0.275912
-0.313693 -0.27591
-0.294815 -0.275909
-0.275891 -0.275908
-0.256934 -0.275907
-0.237951 -0.275907
-0.21895 -0.275906
-0.199934 -0.275906
-0.180908 -0.275906
-0.161876 -0.275906
-0.142838 -0.275906
-0.123797 -0.275906
-0.104754 -0.275906
-0.0857093 -0.275906
-0.0666636 -0.275906
-0.0476172 -0.275906
-0.0285704 -0.275906
-0.00952345 -0.275906
0.00952361 -0.275906
0.0285706 -0.275906
0.0476175 -0.275906
0.066664 -0.275906
0.0857099 -0.275906
0.104755 -0.275906
0.123798 -0.275906
0.14284 -0.275906
0.161878 -0.275906
0.180911 -0.275906
0.199938 -0.275906
0.218955 -0.275906
0.237959 -0.275907
0.256943 -0.275907
0.275903 -0.275908
0.294829 -0.275909
0.31371 -0.27591
0.332534 -0.275912
0.351285 -0.275914
0.369944 -0.275916
0.388489 -0.27592
0.406896 -0.275924
0.425136 -0.275928
0.443179 -0.275933
0.460992 -0.275939
0.478542 -0.275944
0.495794 -0.27595
0.512714 -0.275954
0.52927 -0.275958
0.545433 -0.275959
0.561178 -0.275957
0.576487 -0.275948
-0.576521 -0.294893
-0.561196 -0.294903
-0.545438 -0.294906
-0.529264 -0.294904
-0.5127 -0.294898
-0.495773 -0.294891
-0.478517 -0.294883
-0.460964 -0.294875
-0.443149 -0.294868
-0.425106 -0.294861
-0.406867 -0.294855
-0.388462 -0.29485
-0.369919 -0.294845
-0.351263 -0.294842
-0.332515 -0.294839
-0.313694 -0.294837
-0.294815 -0.294836
-0.275892 -0.294834
-0.256934 -0.294834
-0.237952 -0.294833
-0.21895 -0.294833
-0.199934 -0.294832
-0.180908 -0.294832
-0.161876 -0.294832
-0.142838 -0.294832
-0.123797 -0.294832
-0.104754 -0.294832
-0.0857093 -0.294832
-0.0666636 -0.294832
-0.0476172 -0.294832
-0.0285704 -0.294832
-0.00952345 -0.294832
0.00952361 -0.294832
0.0285706 -0.294832
0.0476174 -0.294832
0.0666639 -0.294832
0.0857098 -0.294832
0.104755 -0.294832
0.123798 -0.294832
0.14284 -0.294832
0.161878 -0.294832
0.180911 -0.294832
0.199938 -0.294832
0.218955 -0.294833
0.237959 -0.294833
0.256944 -0.294833
0.275903 -0.294834
0.294829 -0.294835
0.313711 -0.294837
0.332536 -0.294839
0.351287 -0.294842
0.369947 -0.294845
0.388492 -0.294849
0.4069 -0.294855
0.425141 -0.294861
0.443185 -0.294868
0.461 -0.294875
0.478552 -0.294883
0.495806 -0.294891
0.512728 -0.294898
0.529287 -0.294903
0.545454 -0.294906
0.561204 -0.294903
0.57652 -0.294893
-0.576567 -0.313799
-0.561232 -0.313812
-0.545467 -0.313815
-0.529288 -0.313811
-0.512719 -0.313803
-0.495789 -0.313793
-0.47853 -0.313782
-0.460975 -0.313771
-0.443158 -0.313761
-0.425113 -0.313751
-0.406873 -0.313743
-0.388467 -0.313736
-0.369923 -0.313731
-0.351266 -0.313726
-0.332517 -0.313723
-0.313695 -0.31372
-0.294816 -0.313718
-0.275892 -0.313717
-0.256935 -0.313716
-0.237952 -0.313715
-0.21895 -0.313715
-0.199934 -0.313714
-0.180908 -0.313714
-0.161876 -0.313714
-0.142838 -0.313714
-0.123797 -0.313714
-0.104754 -0.313714
-0.0857093 -0.313714
-0.0666635 -0.313714
-0.0476172 -0.313714
-0.0285704 -0.313714
-0.00952344 -0.313714
0.0095236 -0.313714
0.0285706 -0.313714
0.0476174 -0.313714
0.0666639 -0.313714
0.0857098 -0.313714
0.104755 -0.313714
0.123798 -0.313714
0.14284 -0.313714
0.161878 -0.313714
0.180911 -0.313714
0.199938 -0.313714
0.218955 -0.313715
0.237959 -0.313715
0.256944 -0.313716
0.275904 -0.313717
0.29483 -0.313718
0.313712 -0.31372
0.332537 -0.313723
0.351289 -0.313726
0.36995 -0.313731
0.388497 -0.313736
0.406905 -0.313743
0.425148 -0.313751
0.443194 -0.31376
0.461011 -0.313771
0.478565 -0.313782
0.495822 -0.313793
0.512747 -0.313803
0.52931 -0.313811
0.545482 -0.313815
0.56124 -0.313812
0.576567 -0.313798
-0.57663 -0.332654
-0.561282 -0.332672
-0.545507 -0.332676
-0.529321 -0.33267
-0.512747 -0.332659
-0.495812 -0.332644
-0.478549 -0.332629
-0.46099 -0.332614
-0.44317 -0.3326
-0.425123 -0.332587
-0.406881 -0.332576
-0.388473 -0.332567
-0.369928 -0.33256
-0.351269 -0.332554
-0.33252 -0.33255
-0.313697 -0.332546
-0.294817 -0.332544
-0.275893 -0.332542
-0.256935 -0.332541
-0.237952 -0.33254
-0.21895 -0.332539
-0.199934 -0.332539
-0.180908 -0.332539
-0.161876 -0.332538
-0.142838 -0.332538
-0.123797 -0.332538
-0.104754 -0.332538
-0.0857093 -0.332538
-0.0666635 -0.332538
-0.0476172 -0.332539
-0.0285704 -0.332539
-0.00952344 -0.332539
0.0095236 -0.332539
0.0285706 -0.332539
0.0476174 -0.332539
0.0666639 -0.332538
0.0857098 -0.332538
0.104755 -0.332538
0.123798 -0.332538
0.14284 -0.332538
0.161878 -0.332538
0.180911 -0.332538
0.199938 -0.332539
0.218955 -0.332539
0.237959 -0.33254
0.256945 -0.33254
0.275905 -0.332542
0.294832 -0.332543
0.313714 -0.332546
0.33254 -0.332549
0.351293 -0.332554
0.369955 -0.332559
0.388503 -0.332567
0.406913 -0.332576
0.425158 -0.332587
0.443206 -0.332599
0.461026 -0.332613
0.478583 -0.332628
0.495844 -0.332644
0.512774 -0.332658
0.529343 -0.33267
0.545523 -0.332676
0.56129 -0.332672
0.57663 -0.332654
-0.576715 -0.351445
-0.56135 -0.35147
-0.545562 -0.351475
-0.529366 -0.351467
-0.512784 -0.351451
-0.495843 -0.351431
-0.478575 -0.35141
-0.461012 -0.351389
-0.443188 -0.35137
-0.425137 -0.351353
-0.406892 -0.351338
-0.388481 -0.351326
-0.369934 -0.351317
-0.351274 -0.351309
-0.332523 -0.351304
-0.3137 -0.351299
-0.294819 -0.351296
-0.275895 -0.351294
-0.256936 -0.351292
-0.237953 -0.351291
-0.21895 -0.35129
-0.199934 -0.35129
-0.180909 -0.351289
-0.161876 -0.351289
-0.142838 -0.351289
-0.123797 -0.351289
-0.104754 -0.351289
-0.0857092 -0.351289
-0.0666635 -0.351289
-0.0476171 -0.351289
-0.0285704 -0.351289
-0.00952344 -0.351289
0.00952359 -0.351289
0.0285706 -0.351289
0.0476174 -0.351289
0.0666639 -0.351289
0.0857098 -0.351289
0.104755 -0.351289
0.123798 -0.351289
0.14284 -0.351289
0.161878 -0.351289
0.180912 -0.351289
0.199938 -0.35129
0.218956 -0.35129
0.23796 -0.351291
0.256945 -0.351292
0.275906 -0.351293
0.294833 -0.351296
0.313717 -0.351299
0.332543 -0.351303
0.351298 -0.351309
0.369961 -0.351316
0.388511 -0.351326
0.406924 -0.351338
0.425172 -0.351352
0.443223 -0.351369
0.461047 -0.351388
0.478609 -0.351409
0.495875 -0.35143
0.512812 -0.35145
0.529388 -0.351466
0.545577 -0.351474
0.561358 -0.35147
0.576714 -0.351444
-0.576827 -0.370155
-0.56144 -0.370189
-0.545636 -0.370196
-0.529428 -0.370184
-0.512835 -0.370163
-0.495886 -0.370135
-0.47861 -0.370107
-0.461041 -0.370079
-0.443211 -0.370053
-0.425156 -0.37003
-0.406906 -0.370011
-0.388493 -0.369996
-0.369943 -0.369983
-0.351281 -0.369973
-0.332528 -0.369966
-0.313703 -0.36996
-0.294822 -0.369956
-0.275896 -0.369953
-0.256938 -0.369951
-0.237954 -0.36995
-0.218951 -0.369949
-0.199935 -0.369949
-0.180909 -0.369948
-0.161876 -0.369948
-0.142838 -0.369948
-0.123797 -0.369948
-0.104754 -0.369948
-0.0857092 -0.369948
-0.0666635 -0.369948
-0.0476171 -0.369948
-0.0285704 -0.369948
-0.00952344 -0.369948
0.00952359 -0.369948
0.0285706 -0.369948
0.0476174 -0.369948
0.0666638 -0.369948
0.0857097 -0.369948
0.104755 -0.369948
0.123798 -0.369948
0.14284 -0.369948
0.161878 -0.369948
0.180912 -0.369948
0.199939 -0.369949
0.218956 -0.369949
0.23796 -0.36995
0.256946 -0.369951
0.275908 -0.369953
0.294836 -0.369956
0.31372 -0.36996
0.332548 -0.369966
0.351304 -0.369973
0.369969 -0.369983
0.388523 -0.369995
0.406939 -0.370011
0.42519 -0.370029
0.443247 -0.370052
0.461076 -0.370078
0.478644 -0.370106
0.495918 -0.370134
0.512863 -0.370162
0.52945 -0.370184
0.545651 -0.370195
0.561448 -0.370188
0.576826 -0.370154
-0.576972 -0.388765
-0.561559 -0.388811
-0.545734 -0.38882
-0.529509 -0.388805
-0.512904 -0.388775
-0.495943 -0.388739
-0.478657 -0.3887
-0.461079 -0.388662
-0.443243 -0.388628
-0.425181 -0.388599
-0.406926 -0.388574
-0.388508 -0.388553
-0.369954 -0.388537
-0.351289 -0.388525
-0.332535 -0.388515
-0.313708 -0.388508
-0.294825 -0.388503
-0.275899 -0.3885
-0.256939 -0.388497
-0.237955 -0.388495
-0.218952 -0.388494
-0.199935 -0.388493
-0.180909 -0.388493
-0.161876 -0.388493
-0.142838 -0.388492
-0.123797 -0.388492
-0.104754 -0.388492
-0.0857092 -0.388492
-0.0666635 -0.388492
-0.0476171 -0.388492
-0.0285704 -0.388492
-0.00952345 -0.388492
0.00952358 -0.388492
0.0285706 -0.388492
0.0476174 -0.388492
0.0666638 -0.388492
0.0857097 -0.388492
0.104755 -0.388492
0.123798 -0.388492
0.14284 -0.388492
0.161878 -0.388493
0.180912 -0.388493
0.199939 -0.388493
0.218957 -0.388494
0.237961 -0.388495
0.256948 -0.388497
0.27591 -0.388499
0.294839 -0.388503
0.313725 -0.388508
0.332554 -0.388515
0.351313 -0.388524
0.369981 -0.388536
0.388537 -0.388552
0.406958 -0.388573
0.425215 -0.388598
0.443278 -0.388627
0.461114 -0.388661
0.478691 -0.388699
0.495974 -0.388737
0.512931 -0.388774
0.529531 -0.388804
0.545749 -0.388819
0.561566 -0.38881
0.576972 -0.388765
-0.577158 -0.407255
-0.561712 -0.407316
-0.545862 -0.407327
-0.529617 -0.407306
-0.512994 -0.407267
-0.496018 -0.407218
-0.478719 -0.407166
-0.46113 -0.407117
-0.443283 -0.407072
-0.425213 -0.407033
-0.406951 -0.407001
-0.388527 -0.406975
-0.369969 -0.406954
-0.3513 -0.406938
-0.332543 -0.406926
-0.313714 -0.406918
-0.294829 -0.406911
-0.275902 -0.406907
-0.256941 -0.406904
-0.237956 -0.406901
-0.218953 -0.4069
-0.199936 -0.406899
-0.180909 -0.406898
-0.161876 -0.406898
-0.142838 -0.406898
-0.123797 -0.406898
-0.104754 -0.406898
-0.0857093 -0.406898
-0.0666635 -0.406898
-0.0476171 -0.406898
-0.0285704 -0.406898
-0.00952345 -0.406898
0.00952357 -0.406898
0.0285706 -0.406898
0.0476174 -0.406898
0.0666638 -0.406898
0.0857098 -0.406898
0.104755 -0.406898
0.123798 -0.406898
0.14284 -0.406898
0.161878 -0.406898
0.180912 -0.406898
0.19994 -0.406899
0.218958 -0.4069
0.237963 -0.406901
0.25695 -0.406903
0.275913 -0.406906
0.294843 -0.406911
0.31373 -0.406917
0.332562 -0.406926
0.351323 -0.406938
0.369995 -0.406953
0.388556 -0.406974
0.406983 -0.407
0.425247 -0.407032
0.443318 -0.40707
0.461164 -0.407115
0.478753 -0.407165
0.496049 -0.407216
0.51302 -0.407266
0.529638 -0.407306
0.545877 -0.407326
0.56172 -0.407315
0.577158 -0.407255
-0.577392 -0.425602
-0.561907 -0.42568
-0.546026 -0.425694
-0.529754 -0.425666
-0.513109 -0.425612
-0.496114 -0.425547
-0.478798 -0.425479
-0.461194 -0.425415
-0.443334 -0.425357
-0.425253 -0.425307
-0.406982 -0.425266
-0.388551 -0.425232
-0.369987 -0.425207
-0.351314 -0.425187
-0.332552 -0.425172
-0.313721 -0.425161
-0.294834 -0.425153
-0.275905 -0.425147
-0.256944 -0.425143
-0.237958 -0.425141
-0.218954 -0.425139
-0.199937 -0.425138
-0.18091 -0.425137
-0.161877 -0.425137
-0.142839 -0.425136
-0.123797 -0.425136
-0.104754 -0.425136
-0.0857093 -0.425136
-0.0666635 -0.425136
-0.0476172 -0.425136
-0.0285704 -0.425136
-0.00952346 -0.425136
0.00952356 -0.425136
0.0285705 -0.425136
0.0476174 -0.425136
0.0666638 -0.425136
0.0857098 -0.425136
0.104755 -0.425136
0.123799 -0.425136
0.14284 -0.425136
0.161879 -0.425136
0.180913 -0.425137
0.19994 -0.425138
0.218959 -0.425139
0.237964 -0.42514
0.256952 -0.425143
0.275916 -0.425147
0.294848 -0.425152
0.313737 -0.42516
0.332572 -0.425171
0.351336 -0.425186
0.370013 -0.425205
0.38858 -0.425231
0.407014 -0.425264
0.425286 -0.425305
0.443369 -0.425355
0.461228 -0.425413
0.478831 -0.425478
0.496144 -0.425546
0.513135 -0.425611
0.529775 -0.425665
0.54604 -0.425693
0.561915 -0.42568
0.577392 -0.425602
-0.577681 -0.443784
-0.56215 -0.443882
-0.546231 -0.443896
-0.529927 -0.443856
-0.513253 -0.443785
-0.496233 -0.443699
-0.478895 -0.443611
-0.461272 -0.443527
-0.443397 -0.443453
-0.425302 -0.44339
-0.40702 -0.443338
-0.38858 -0.443296
-0.370009 -0.443264
-0.35133 -0.443239
-0.332564 -0.443221
-0.313729 -0.443207
-0.29484 -0.443197
-0.275909 -0.443191
-0.256947 -0.443186
-0.23796 -0.443183
-0.218955 -0.44318
-0.199937 -0.443179
-0.180911 -0.443178
-0.161877 -0.443177
-0.142839 -0.443177
-0.123798 -0.443177
-0.104754 -0.443177
-0.0857094 -0.443177
-0.0666636 -0.443177
-0.0476172 -0.443177
-0.0285704 -0.443177
-0.00952348 -0.443177
0.00952355 -0.443177
0.0285705 -0.443177
0.0476174 -0.443177
0.0666639 -0.443177
0.0857098 -0.443177
0.104755 -0.443177
0.123799 -0.443177
0.14284 -0.443177
0.161879 -0.443177
0.180913 -0.443178
0.199941 -0.443179
0.21896 -0.44318
0.237966 -0.443182
0.256955 -0.443185
0.27592 -0.44319
0.294854 -0.443197
0.313745 -0.443206
0.332583 -0.44322
0.351352 -0.443238
0.370034 -0.443262
0.388609 -0.443294
0.407051 -0.443336
0.425335 -0.443388
0.443431 -0.443451
0.461306 -0.443525
0.478928 -0.443609
0.496263 -0.443698
0.513279 -0.443784
0.529947 -0.443855
0.546245 -0.443895
0.562158 -0.443881
0.577681 -0.443784
-0.57803 -0.461777
-0.562446 -0.461895
-0.546481 -0.461907
-0.530137 -0.461851
-0.513428 -0.461755
-0.496377 -0.461643
-0.479012 -0.461529
-0.461366 -0.461423
-0.443471 -0.461329
-0.42536 -0.461249
-0.407065 -0.461184
-0.388614 -0.461133
-0.370034 -0.461093
-0.351349 -0.461063
-0.332578 -0.461041
-0.313739 -0.461024
-0.294848 -0.461012
-0.275914 -0.461004
-0.25695 -0.460998
-0.237962 -0.460994
-0.218957 -0.460992
-0.199939 -0.46099
-0.180911 -0.460989
-0.161878 -0.460988
-0.142839 -0.460988
-0.123798 -0.460988
-0.104754 -0.460987
-0.0857095 -0.460987
-0.0666636 -0.460987
-0.0476172 -0.460987
-0.0285705 -0.460987
-0.00952349 -0.460987
0.00952354 -0.460987
0.0285705 -0.460987
0.0476174 -0.460987
0.0666639 -0.460987
0.0857099 -0.460987
0.104755 -0.460987
0.123799 -0.460987
0.142841 -0.460988
0.161879 -0.460988
0.180914 -0.460989
0.199942 -0.46099
0.218962 -0.460991
0.237969 -0.460994
0.256958 -0.460998
0.275925 -0.461003
0.29486 -0.461012
0.313755 -0.461023
0.332597 -0.461039
0.351371 -0.461061
0.370059 -0.461091
0.388642 -0.461131
0.407095 -0.461182
0.425392 -0.461247
0.443504 -0.461326
0.461399 -0.46142
0.479044 -0.461527
0.496406 -0.461641
0.513453 -0.461754
0.530157 -0.461849
0.546495 -0.461906
0.562453 -0.461895
0.57803 -0.461777
-0.57844 -0.479562
-0.562795 -0.479696
-0.546776 -0.479699
-0.530384 -0.479619
-0.513632 -0.479493
-0.496543 -0.479348
-0.479146 -0.479202
-0.461473 -0.479068
-0.443555 -0.478951
-0.425425 -0.478852
-0.407115 -0.478773
-0.388652 -0.47871
-0.370062 -0.478661
-0.35137 -0.478625
-0.332593 -0.478598
-0.313751 -0.478578
-0.294856 -0.478564
-0.27592 -0.478554
-0.256954 -0.478547
-0.237965 -0.478542
-0.218959 -0.478539
-0.19994 -0.478537
-0.180912 -0.478535
-0.161878 -0.478535
-0.14284 -0.478534
-0.123798 -0.478534
-0.104755 -0.478534
-0.0857096 -0.478533
-0.0666637 -0.478533
-0.0476173 -0.478533
-0.0285705 -0.478533
-0.00952351 -0.478533
0.00952353 -0.478533
0.0285705 -0.478533
0.0476174 -0.478533
0.0666639 -0.478533
0.0857099 -0.478533
0.104755 -0.478533
0.123799 -0.478534
0.142841 -0.478534
0.16188 -0.478534
0.180915 -0.478535
0.199943 -0.478537
0.218963 -0.478539
0.237971 -0.478542
0.256962 -0.478546
0.27593 -0.478553
0.294868 -0.478563
0.313766 -0.478577
0.332612 -0.478596
0.351391 -0.478623
0.370087 -0.478659
0.388679 -0.478707
0.407144 -0.47877
0.425457 -0.47885
0.443587 -0.478948
0.461505 -0.479065
0.479178 -0.4792
0.496573 -0.479345
0.513657 -0.479491
0.530404 -0.479617
0.54679 -0.479698
0.562802 -0.479696
0.57844 -0.479562
-0.578906 -0.497119
-0.563193 -0.497262
-0.547111 -0.497246
-0.530661 -0.497131
-0.513859 -0.496965
-0.496727 -0.49678
-0.479292 -0.496597
-0.461587 -0.49643
-0.443644 -0.496286
-0.425494 -0.496166
-0.407167 -0.496069
-0.388691 -0.495993
-0.370092 -0.495934
-0.351392 -0.49589
-0.33261 -0.495858
-0.313762 -0.495834
-0.294864 -0.495817
-0.275926 -0.495805
-0.256958 -0.495797
-0.237968 -0.495791
-0.218961 -0.495787
-0.199941 -0.495785
-0.180913 -0.495783
-0.161879 -0.495782
-0.14284 -0.495781
-0.123798 -0.495781
-0.104755 -0.495781
-0.0857097 -0.495781
-0.0666638 -0.49578
-0.0476173 -0.49578
-0.0285705 -0.49578
-0.00952354 -0.49578
0.00952352 -0.49578
0.0285705 -0.49578
0.0476174 -0.49578
0.066664 -0.49578
0.08571 -0.49578
0.104755 -0.495781
0.123799 -0.495781
0.142841 -0.495781
0.161881 -0.495782
0.180916 -0.495783
0.199945 -0.495784
0.218965 -0.495787
0.237974 -0.495791
0.256966 -0.495796
0.275936 -0.495804
0.294877 -0.495816
0.313778 -0.495833
0.332628 -0.495856
0.351413 -0.495888
0.370116 -0.495932
0.388718 -0.49599
0.407196 -0.496066
0.425525 -0.496163
0.443676 -0.496283
0.46162 -0.496427
0.479323 -0.496594
0.496755 -0.496777
0.513884 -0.496963
0.530681 -0.49713
0.547125 -0.497245
0.5632 -0.497262
0.578907 -0.497119
-0.579414 -0.514434
-0.563623 -0.514569
-0.547469 -0.51452
-0.530954 -0.514359
-0.514094 -0.514142
-0.496913 -0.513908
-0.479438 -0.513682
-0.4617 -0.513477
-0.443731 -0.513302
-0.42556 -0.513157
-0.407217 -0.51304
-0.388729 -0.512949
-0.370121 -0.512879
-0.351413 -0.512826
-0.332625 -0.512788
-0.313774 -0.512759
-0.294873 -0.512739
-0.275933 -0.512724
-0.256963 -0.512714
-0.237971 -0.512707
-0.218963 -0.512703
-0.199943 -0.5127
-0.180914 -0.512697
-0.16188 -0.512696
-0.142841 -0.512695
-0.123799 -0.512695
-0.104755 -0.512694
-0.0857099 -0.512694
-0.0666639 -0.512694
-0.0476174 -0.512694
-0.0285706 -0.512694
-0.00952357 -0.512694
0.00952351 -0.512694
0.0285706 -0.512694
0.0476174 -0.512694
0.066664 -0.512694
0.0857101 -0.512694
0.104755 -0.512694
0.1238 -0.512695
0.142842 -0.512695
0.161881 -0.512696
0.180917 -0.512697
0.199946 -0.512699
0.218968 -0.512702
0.237977 -0.512707
0.256971 -0.512713
0.275942 -0.512723
0.294885 -0.512737
0.313789 -0.512757
0.332643 -0.512785
0.351434 -0.512824
0.370145 -0.512876
0.388756 -0.512946
0.407246 -0.513037
0.425591 -0.513153
0.443763 -0.513298
0.461732 -0.513474
0.479469 -0.513679
0.496942 -0.513906
0.514119 -0.514141
0.530974 -0.514358
0.547483 -0.514519
0.56363 -0.514569
0.579414 -0.514435
-0.579931 -0.531495
-0.564056 -0.531597
-0.547821 -0.531495
-0.531234 -0.531274
-0.514313 -0.530996
-0.497081 -0.530705
-0.479566 -0.530428
-0.461797 -0.53018
-0.443804 -0.52997
-0.425615 -0.529796
-0.407259 -0.529657
-0.388761 -0.529549
-0.370144 -0.529465
-0.351431 -0.529402
-0.332639 -0.529355
-0.313784 -0.529321
-0.29488 -0.529297
-0.275938 -0.529279
-0.256967 -0.529267
-0.237974 -0.529258
-0.218965 -0.529253
-0.199944 -0.529249
-0.180915 -0.529246
-0.16188 -0.529244
-0.142841 -0.529243
-0.123799 -0.529243
-0.104755 -0.529242
-0.0857101 -0.529242
-0.066664 -0.529242
-0.0476175 -0.529242
-0.0285706 -0.529242
-0.00952359 -0.529242
0.00952351 -0.529242
0.0285706 -0.529242
0.0476175 -0.529242
0.0666641 -0.529242
0.0857103 -0.529242
0.104756 -0.529242
0.1238 -0.529243
0.142842 -0.529243
0.161882 -0.529244
0.180918 -0.529246
0.199948 -0.529248
0.21897 -0.529252
0.23798 -0.529258
0.256975 -0.529266
0.275948 -0.529278
0.294892 -0.529295
0.313799 -0.529319
0.332657 -0.529353
0.351452 -0.529399
0.370168 -0.529462
0.388787 -0.529545
0.407288 -0.529653
0.425646 -0.529792
0.443835 -0.529966
0.461829 -0.530177
0.479597 -0.530425
0.497109 -0.530703
0.514337 -0.530995
0.531253 -0.531274
0.547834 -0.531496
0.564063 -0.531598
0.579931 -0.531497
-0.580411 -0.54829
-0.564443 -0.548326
-0.548119 -0.548151
-0.531457 -0.547854
-0.514475 -0.547504
-0.497197 -0.547147
-0.479648 -0.546813
-0.461855 -0.546518
-0.443845 -0.546267
-0.425645 -0.546061
-0.407281 -0.545896
-0.388778 -0.545766
-0.370158 -0.545666
-0.351442 -0.54559
-0.332648 -0.545534
-0.313791 -0.545492
-0.294886 -0.545462
-0.275942 -0.545441
-0.25697 -0.545425
-0.237977 -0.545415
-0.218967 -0.545408
-0.199946 -0.545403
-0.180916 -0.545399
-0.161881 -0.545397
-0.142842 -0.545396
-0.1238 -0.545395
-0.104755 -0.545394
-0.0857102 -0.545394
-0.0666642 -0.545394
-0.0476176 -0.545394
-0.0285707 -0.545394
-0.00952362 -0.545394
0.0095235 -0.545394
0.0285706 -0.545394
0.0476175 -0.545394
0.0666642 -0.545394
0.0857104 -0.545394
0.104756 -0.545394
0.1238 -0.545395
0.142843 -0.545396
0.161883 -0.545397
0.180919 -0.545399
0.199949 -0.545402
0.218971 -0.545407
0.237982 -0.545414
0.256978 -0.545424
0.275952 -0.545439
0.294898 -0.54546
0.313806 -0.54549
0.332665 -0.545531
0.351462 -0.545587
0.370182 -0.545662
0.388805 -0.545762
0.40731 -0.545891
0.425676 -0.546056
0.443877 -0.546263
0.461887 -0.546514
0.479679 -0.54681
0.497225 -0.547145
0.514499 -0.547503
0.531476 -0.547855
0.548132 -0.548152
0.564449 -0.548328
0.58041 -0.548293
-0.580785 -0.564803
-0.564715 -0.564735
-0.548297 -0.564466
-0.531561 -0.564082
-0.514527 -0.563651
-0.497215 -0.563222
-0.479647 -0.562825
-0.461845 -0.562475
-0.443833 -0.562179
-0.425633 -0.561935
-0.407272 -0.561738
-0.388771 -0.561583
-0.370154 -0.561462
-0.35144 -0.56137
-0.332647 -0.561301
-0.313791 -0.561249
-0.294887 -0.561212
-0.275943 -0.561185
-0.256971 -0.561165
-0.237978 -0.561152
-0.218968 -0.561142
-0.199947 -0.561136
-0.180917 -0.561132
-0.161882 -0.561129
-0.142842 -0.561127
-0.1238 -0.561126
-0.104756 -0.561125
-0.0857104 -0.561125
-0.0666643 -0.561124
-0.0476176 -0.561124
-0.0285707 -0.561124
-0.00952364 -0.561124
0.0095235 -0.561124
0.0285706 -0.561124
0.0476176 -0.561124
0.0666643 -0.561124
0.0857105 -0.561124
0.104756 -0.561125
0.1238 -0.561126
0.142843 -0.561127
0.161883 -0.561128
0.180919 -0.561131
0.19995 -0.561135
0.218972 -0.561141
0.237984 -0.56115
0.256979 -0.561164
0.275953 -0.561182
0.294899 -0.561209
0.313806 -0.561246
0.332665 -0.561297
0.351461 -0.561366
0.370178 -0.561457
0.388798 -0.561577
0.407301 -0.561733
0.425664 -0.561929
0.443864 -0.562174
0.461877 -0.562471
0.479677 -0.562822
0.497243 -0.56322
0.51455 -0.563651
0.531579 -0.564083
0.548309 -0.564468
0.56472 -0.564738
0.580782 -0.564807
-0.580996 -0.581002
-0.564786 -0.580795
-0.548264 -0.580425
-0.531461 -0.579948
-0.514393 -0.579433
-0.497074 -0.578928
-0.479514 -0.578462
-0.461729 -0.578052
-0.443736 -0.577702
-0.425557 -0.577412
-0.407213 -0.577176
-0.388727 -0.576988
-0.370122 -0.57684
-0.351417 -0.576727
-0.332631 -0.57664
-0.313781 -0.576575
-0.29488 -0.576527
-0.275939 -0.576492
-0.256969 -0.576467
-0.237976 -0.57645
-0.218967 -0.576437
-0.199946 -0.576429
-0.180917 -0.576423
-0.161881 -0.576419
-0.142842 -0.576417
-0.1238 -0.576415
-0.104756 -0.576414
-0.0857104 -0.576413
-0.0666643 -0.576413
-0.0476177 -0.576413
-0.0285708 -0.576412
-0.00952366 -0.576412
0.0095235 -0.576412
0.0285706 -0.576412
0.0476176 -0.576413
0.0666643 -0.576413
0.0857106 -0.576413
0.104756 -0.576414
0.1238 -0.576415
0.142843 -0.576416
0.161883 -0.576419
0.180919 -0.576422
0.199949 -0.576428
0.218972 -0.576436
0.237982 -0.576448
0.256977 -0.576465
0.275949 -0.57649
0.294892 -0.576524
0.313796 -0.576571
0.332649 -0.576636
0.351438 -0.576722
0.370146 -0.576835
0.388754 -0.576982
0.407242 -0.57717
0.425587 -0.577406
0.443767 -0.577697
0.46176 -0.578048
0.479543 -0.578459
0.4971 -0.578927
0.514416 -0.579434
0.531478 -0.579951
0.548275 -0.580429
0.564789 -0.580801
0.58099 -0.581008
Total focing computation time (s): 2.47
Total velocity computation time (s): 15985.8
