-0.338037 0.593636 0.000133
-0.308100 0.585936 0.000128
-0.278434 0.577842 0.000123
-0.248581 0.570141 0.000118
-0.218539 0.562723 0.000114
-0.188351 0.555505 0.000109
-0.158040 0.548442 0.000104
-0.127620 0.541505 0.000099
-0.097100 0.534672 0.000093
-0.066487 0.527924 0.000087
-0.035789 0.521247 0.000081
-0.005011 0.514630 0.000075
0.025840 0.508064 0.000068
0.056759 0.501541 0.000062
0.087741 0.495056 0.000055
0.118779 0.488604 0.000049
0.149870 0.482184 0.000042
0.181009 0.475795 0.000035
0.212192 0.469438 0.000029
0.243415 0.463116 0.000022
0.274674 0.456834 0.000015
0.305967 0.450600 0.000008
0.337293 0.444423 0.000002
0.368651 0.438316 -0.000005
0.400041 0.432297 -0.000011
0.431468 0.426388 -0.000018
0.462941 0.420617 -0.000024
0.494477 0.415021 -0.000030
0.526121 0.409712 -0.000036
0.557166 0.404322 -0.000041
0.589630 0.400637 -0.000046
0.622104 0.400723 -0.000052
-0.350730 0.562253 0.000133
-0.320236 0.554534 0.000129
-0.290058 0.546185 0.000125
-0.259798 0.538419 0.000122
-0.229435 0.530973 0.000118
-0.198991 0.523740 0.000114
-0.168474 0.516678 0.000109
-0.137884 0.509755 0.000104
-0.107223 0.502945 0.000098
-0.076493 0.496227 0.000093
-0.045696 0.489584 0.000087
-0.014834 0.483003 0.000080
0.016088 0.476474 0.000074
0.047069 0.469988 0.000067
0.078103 0.463537 0.000061
0.109187 0.457119 0.000054
0.140318 0.450729 0.000047
0.171493 0.444368 0.000040
0.202706 0.438033 0.000034
0.233960 0.431734 0.000027
0.265247 0.425469 0.000020
0.296568 0.419247 0.000013
0.327920 0.413077 0.000006
0.359303 0.406974 -0.000000
0.390715 0.400953 -0.000007
0.422159 0.395039 -0.000013
0.453633 0.389263 -0.000019
0.485146 0.383671 -0.000026
0.516709 0.378357 -0.000031
0.548263 0.373359 -0.000036
0.579623 0.368745 -0.000039
0.611195 0.367785 -0.000042
-0.360913 0.530735 0.000130
-0.330089 0.523154 0.000126
-0.299568 0.514549 0.000123
-0.268930 0.506594 0.000121
-0.238269 0.499056 0.000117
-0.207570 0.491760 0.000114
-0.176832 0.484658 0.000110
-0.146053 0.477716 0.000105
-0.115228 0.470901 0.000100
-0.084355 0.464190 0.000094
-0.053432 0.457561 0.000089
-0.022460 0.451000 0.000083
0.008560 0.444493 0.000077
0.039626 0.438031 0.000070
0.070736 0.431606 0.000064
0.101889 0.425213 0.000057
0.133080 0.418847 0.000050
0.164310 0.412508 0.000043
0.195576 0.406197 0.000037
0.226875 0.399914 0.000030
0.258207 0.393665 0.000023
0.289571 0.387456 0.000016
0.320964 0.381297 0.000009
0.352385 0.375199 0.000003
0.383831 0.369180 -0.000004
0.415299 0.363261 -0.000010
0.446787 0.357474 -0.000016
0.478295 0.351866 -0.000022
0.509814 0.346503 -0.000028
0.541099 0.341239 -0.000032
0.572256 0.336296 -0.000034
0.603498 0.334502 -0.000034
-0.370595 0.499195 0.000126
-0.339709 0.491867 0.000122
-0.309104 0.483201 0.000120
-0.278367 0.475163 0.000117
-0.247507 0.467486 0.000115
-0.216645 0.460123 0.000112
-0.185745 0.452966 0.000108
-0.154813 0.445983 0.000104
-0.123847 0.439144 0.000099
-0.092844 0.432421 0.000094
-0.061803 0.425791 0.000089
-0.030725 0.419234 0.000084
0.000392 0.412737 0.000078
0.031546 0.406287 0.000072
0.062735 0.399877 0.000065
0.093959 0.393499 0.000059
0.125216 0.387149 0.000052
0.156504 0.380826 0.000046
0.187822 0.374530 0.000039
0.219170 0.368262 0.000032
0.250546 0.362025 0.000025
0.281948 0.355826 0.000019
0.313374 0.349673 0.000012
0.344820 0.343577 0.000005
0.376282 0.337553 -0.000001
0.407755 0.331622 -0.000007
0.439247 0.325817 -0.000013
0.470763 0.320179 -0.000019
0.501966 0.314516 -0.000024
0.533368 0.309237 -0.000027
0.564239 0.303814 -0.000029
0.595439 0.301374 -0.000028
-0.380046 0.467623 0.000122
-0.349108 0.460501 0.000118
-0.318489 0.451897 0.000115
-0.287670 0.443798 0.000113
-0.256796 0.436131 0.000111
-0.225789 0.428644 0.000108
-0.194792 0.421452 0.000105
-0.163749 0.414431 0.000101
-0.132670 0.407563 0.000097
-0.101559 0.400821 0.000093
-0.070416 0.394179 0.000088
-0.039241 0.387618 0.000083
-0.008035 0.381122 0.000078
0.023201 0.374677 0.000072
0.054466 0.368274 0.000066
0.085759 0.361904 0.000060
0.117078 0.355563 0.000054
0.148421 0.349249 0.000047
0.179788 0.342964 0.000041
0.211178 0.336706 0.000034
0.242592 0.330479 0.000028
0.274026 0.324286 0.000021
0.305476 0.318133 0.000015
0.336934 0.312031 0.000008
0.368400 0.305996 0.000002
0.399890 0.300056 -0.000004
0.431431 0.294245 -0.000010
0.462494 0.288222 -0.000015
0.494111 0.282796 -0.000020
0.525141 0.277128 -0.000023
0.555919 0.271392 -0.000023
0.587078 0.268459 -0.000021
-0.389360 0.436044 0.000118
-0.358371 0.429085 0.000114
-0.327738 0.420555 0.000111
-0.296906 0.412496 0.000108
-0.265938 0.404756 0.000106
-0.234971 0.397347 0.000104
-0.203839 0.390021 0.000101
-0.172737 0.382995 0.000098
-0.141577 0.376108 0.000095
-0.110376 0.369346 0.000091
-0.079145 0.362689 0.000087
-0.047887 0.356119 0.000082
-0.016601 0.349619 0.000077
0.014710 0.343173 0.000072
0.046045 0.336771 0.000066
0.077403 0.330404 0.000061
0.108780 0.324065 0.000055
0.140172 0.317753 0.000049
0.171581 0.311472 0.000042
0.203009 0.305221 0.000036
0.234454 0.298999 0.000030
0.265914 0.292806 0.000024
0.297377 0.286646 0.000017
0.328844 0.280534 0.000011
0.360345 0.274500 0.000005
0.391934 0.268581 -0.000000
0.422826 0.262259 -0.000006
0.454659 0.256722 -0.000011
0.485764 0.250876 -0.000015
0.516740 0.245028 -0.000018
0.547446 0.239019 -0.000018
0.578564 0.235686 -0.000015
-0.398591 0.404461 0.000113
-0.367562 0.397644 0.000109
-0.336916 0.389187 0.000106
-0.306078 0.381177 0.000103
-0.275101 0.373477 0.000101
-0.244022 0.365971 0.000099
-0.212976 0.358789 0.000096
-0.181735 0.351600 0.000094
-0.150546 0.344740 0.000091
-0.119279 0.337976 0.000088
-0.087974 0.331303 0.000084
-0.056644 0.324721 0.000080
-0.025289 0.318214 0.000076
0.006089 0.311764 0.000071
0.037486 0.305359 0.000066
0.068901 0.298990 0.000061
0.100328 0.292648 0.000055
0.131782 0.286353 0.000050
0.163213 0.280049 0.000044
0.194666 0.273798 0.000038
0.226131 0.267579 0.000032
0.257608 0.261383 0.000026
0.289092 0.255211 0.000020
0.320616 0.249108 0.000015
0.352271 0.243125 0.000009
0.382961 0.236535 0.000003
0.415049 0.230976 -0.000002
0.446175 0.224925 -0.000007
0.477280 0.218981 -0.000010
0.508201 0.212949 -0.000012
0.538852 0.206693 -0.000012
0.569941 0.203025 -0.000008
-0.407770 0.372870 0.000108
-0.376712 0.366183 0.000104
-0.346059 0.357797 0.000100
-0.315217 0.349842 0.000098
-0.284236 0.342185 0.000096
-0.253153 0.334729 0.000094
-0.221967 0.327417 0.000092
-0.190851 0.320429 0.000089
-0.159512 0.313372 0.000087
-0.128240 0.306676 0.000085
-0.096885 0.300005 0.000082
-0.065495 0.293410 0.000078
-0.034082 0.286895 0.000074
-0.002647 0.280440 0.000070
0.028804 0.274029 0.000066
0.060268 0.267654 0.000061
0.091741 0.261305 0.000056
0.123220 0.254980 0.000051
0.154697 0.248682 0.000045
0.186159 0.242416 0.000040
0.217617 0.236204 0.000034
0.249123 0.230027 0.000029
0.280706 0.223871 0.000024
0.312447 0.217836 0.000018
0.342898 0.210989 0.000013
0.375287 0.205482 0.000007
0.406416 0.199270 0.000002
0.437598 0.193182 -0.000002
0.468675 0.187112 -0.000005
0.499548 0.180895 -0.000007
0.530158 0.174420 -0.000005
0.561228 0.170462 -0.000002
-0.416918 0.341265 0.000103
-0.385840 0.334700 0.000098
-0.355185 0.326384 0.000095
-0.324344 0.318490 0.000092
-0.293363 0.310881 0.000090
-0.262280 0.303468 0.000089
-0.231103 0.296228 0.000087
-0.199817 0.289074 0.000085
-0.168912 0.282736 0.000083
-0.137182 0.275342 0.000081
-0.105845 0.268755 0.000079
-0.074422 0.262171 0.000076
-0.042962 0.255648 0.000073
-0.011481 0.249186 0.000069
0.020014 0.242770 0.000065
0.051519 0.236386 0.000061
0.083030 0.230029 0.000056
0.114541 0.223692 0.000051
0.146045 0.217370 0.000046
0.177524 0.211062 0.000041
0.209003 0.204849 0.000037
0.240652 0.198789 0.000033
0.272523 0.192713 0.000028
0.302668 0.185569 0.000022
0.335382 0.180176 0.000016
0.366500 0.173843 0.000011
0.397742 0.167648 0.000006
0.428922 0.161477 0.000003
0.459963 0.155263 0.000000
0.490798 0.148874 -0.000001
0.521383 0.142204 0.000001
0.552442 0.137988 0.000005
-0.426046 0.309639 0.000097
-0.394957 0.303193 0.000093
-0.364304 0.294948 0.000089
-0.333467 0.287117 0.000087
-0.302490 0.279563 0.000085
-0.271408 0.272192 0.000083
-0.240238 0.264994 0.000082
-0.208983 0.257939 0.000081
-0.177612 0.250923 0.000079
-0.146370 0.244335 0.000078
-0.114809 0.237461 0.000076
-0.083407 0.230968 0.000073
-0.051919 0.224461 0.000071
-0.020399 0.217992 0.000067
0.011131 0.211568 0.000064
0.042667 0.205176 0.000060
0.074202 0.198808 0.000056
0.105732 0.192458 0.000052
0.137252 0.186119 0.000048
0.168789 0.179794 0.000043
0.200476 0.173631 0.000038
0.231408 0.167020 0.000034
0.262274 0.160278 0.000031
0.295337 0.154985 0.000025
0.326431 0.148577 0.000020
0.357727 0.142319 0.000015
0.388995 0.136078 0.000011
0.420152 0.129792 0.000008
0.451160 0.123439 0.000006
0.481970 0.116893 0.000006
0.512540 0.110046 0.000008
0.543594 0.105597 0.000012
-0.435163 0.277986 0.000092
-0.404067 0.271659 0.000087
-0.373421 0.263486 0.000083
-0.342590 0.255721 0.000081
-0.311617 0.248227 0.000079
-0.280537 0.240905 0.000078
-0.249362 0.233743 0.000077
-0.218106 0.226731 0.000076
-0.186767 0.219835 0.000075
-0.155307 0.212969 0.000074
-0.124038 0.206557 0.000072
-0.092381 0.199709 0.000070
-0.060927 0.193304 0.000068
-0.029388 0.186849 0.000066
0.002169 0.180413 0.000063
0.033724 0.174008 0.000060
0.065268 0.167624 0.000057
0.096794 0.161257 0.000053
0.128330 0.154921 0.000049
0.160003 0.148689 0.000045
0.192077 0.142723 0.000040
0.221531 0.135160 0.000036
0.255038 0.130030 0.000032
0.286158 0.123463 0.000028
0.317539 0.117152 0.000024
0.348902 0.110870 0.000020
0.380165 0.104532 0.000016
0.411297 0.098132 0.000013
0.442283 0.091648 0.000012
0.473078 0.084955 0.000012
0.503641 0.077948 0.000014
0.534694 0.073286 0.000019
-0.444273 0.246300 0.000086
-0.413175 0.240094 0.000081
-0.382537 0.231995 0.000077
-0.351713 0.224299 0.000075
-0.320746 0.216870 0.000073
-0.289669 0.209605 0.000072
-0.258492 0.202489 0.000072
-0.227228 0.195514 0.000071
-0.195886 0.188668 0.000070
-0.164464 0.181920 0.000070
-0.132929 0.175167 0.000069
-0.101638 0.168897 0.000067
-0.069897 0.162060 0.000066
-0.038418 0.155721 0.000064
-0.006860 0.149294 0.000062
0.024700 0.142867 0.000059
0.056231 0.136459 0.000057
0.087768 0.130086 0.000054
0.119457 0.123837 0.000051
0.151612 0.117849 0.000047
0.180702 0.109939 0.000044
0.214717 0.105156 0.000039
0.245764 0.098553 0.000035
0.277190 0.092162 0.000031
0.308649 0.085828 0.000028
0.340016 0.079452 0.000024
0.371260 0.073013 0.000021
0.402375 0.066500 0.000019
0.433348 0.059892 0.000018
0.464133 0.053064 0.000018
0.494696 0.045908 0.000021
0.525751 0.041049 0.000025
-0.453376 0.214577 0.000079
-0.422280 0.208493 0.000075
-0.391652 0.200473 0.000071
-0.360837 0.192849 0.000069
-0.329876 0.185489 0.000068
-0.298802 0.178286 0.000067
-0.267626 0.171225 0.000066
-0.236358 0.164296 0.000066
-0.205007 0.157487 0.000066
-0.173586 0.150788 0.000066
-0.142093 0.144164 0.000065
-0.110484 0.137484 0.000064
-0.079180 0.131330 0.000063
-0.047381 0.124466 0.000062
-0.015926 0.118163 0.000060
0.015591 0.111737 0.000058
0.047129 0.105316 0.000057
0.078840 0.099045 0.000055
0.111109 0.093080 0.000052
0.139750 0.084843 0.000050
0.174308 0.080297 0.000046
0.205336 0.073645 0.000042
0.236783 0.067268 0.000039
0.268289 0.060925 0.000035
0.299733 0.054521 0.000032
0.331073 0.048056 0.000029
0.362300 0.041518 0.000027
0.393402 0.034899 0.000025
0.424365 0.028173 0.000024
0.455147 0.021220 0.000025
0.485712 0.013927 0.000028
0.516771 0.008883 0.000032
-0.462473 0.182811 0.000073
-0.431381 0.176855 0.000068
-0.400765 0.168917 0.000065
-0.369959 0.161370 0.000063
-0.339003 0.154083 0.000062
-0.307932 0.146947 0.000061
-0.276757 0.139946 0.000061
-0.245487 0.133069 0.000061
-0.214130 0.126305 0.000062
-0.182698 0.119642 0.000062
-0.151203 0.113067 0.000062
-0.119638 0.106537 0.000062
-0.087949 0.099889 0.000061
-0.056650 0.093786 0.000060
-0.024873 0.086823 0.000058
0.006486 0.080563 0.000057
0.038162 0.074306 0.000056
0.070534 0.068373 0.000055
0.098672 0.059805 0.000054
0.133784 0.055547 0.000051
0.164771 0.048816 0.000048
0.196265 0.042421 0.000045
0.227837 0.036088 0.000042
0.259349 0.029691 0.000039
0.290766 0.023221 0.000036
0.322086 0.016675 0.000034
0.353298 0.010047 0.000032
0.384388 0.003327 0.000031
0.415344 -0.003508 0.000030
0.446126 -0.010579 0.000031
0.476696 -0.017999 0.000034
0.507761 -0.023215 0.000039
-0.471564 0.150998 0.000067
-0.440477 0.145175 0.000062
-0.409872 0.137325 0.000058
-0.379075 0.129859 0.000056
-0.348124 0.122650 0.000056
-0.317056 0.115586 0.000055
-0.285880 0.108649 0.000056
-0.254606 0.101830 0.000056
-0.223244 0.095116 0.000057
-0.191802 0.088496 0.000058
-0.160291 0.081956 0.000059
-0.128715 0.075486 0.000059
-0.097060 0.069025 0.000059
-0.065241 0.062324 0.000057
-0.033948 0.056070 0.000055
-0.002152 0.049163 0.000053
0.029951 0.043611 0.000053
0.057488 0.034783 0.000054
0.093187 0.030861 0.000054
0.124118 0.024062 0.000053
0.155646 0.017650 0.000050
0.187282 0.011316 0.000048
0.218863 0.004927 0.000046
0.250353 -0.001533 0.000043
0.281754 -0.008069 0.000041
0.313060 -0.014689 0.000039
0.344259 -0.021401 0.000038
0.375342 -0.028216 0.000037
0.406294 -0.035153 0.000037
0.437078 -0.042332 0.000038
0.467656 -0.049870 0.000041
0.498726 -0.055249 0.000046
-0.480644 0.119136 0.000060
-0.449564 0.113450 0.000055
-0.418971 0.105693 0.000052
-0.388181 0.098315 0.000050
-0.357235 0.091188 0.000050
-0.326166 0.084201 0.000050
-0.294988 0.077333 0.000050
-0.263708 0.070575 0.000051
-0.232338 0.063917 0.000053
-0.200886 0.057345 0.000054
-0.169358 0.050850 0.000055
-0.137757 0.044424 0.000056
-0.106070 0.038055 0.000057
-0.074303 0.031621 0.000056
-0.042498 0.024623 0.000052
-0.011264 0.018571 0.000045
0.015597 0.009404 0.000045
0.052447 0.006288 0.000053
0.083398 -0.000637 0.000055
0.114958 -0.007064 0.000054
0.146647 -0.013395 0.000053
0.178290 -0.019778 0.000051
0.209845 -0.026226 0.000049
0.241319 -0.032746 0.000048
0.272707 -0.039346 0.000046
0.304001 -0.046036 0.000044
0.335191 -0.052827 0.000043
0.366269 -0.059729 0.000043
0.397220 -0.066762 0.000043
0.428008 -0.074042 0.000044
0.458595 -0.081689 0.000048
0.489673 -0.087222 0.000053
-0.489713 0.087220 0.000054
-0.458639 0.081678 0.000049
-0.428057 0.074023 0.000045
-0.397274 0.066737 0.000044
-0.366329 0.059699 0.000044
-0.335258 0.052792 0.000044
-0.304074 0.045998 0.000045
-0.272786 0.039307 0.000047
-0.241405 0.032707 0.000048
-0.209938 0.026188 0.000050
-0.178392 0.019745 0.000052
-0.146758 0.013371 0.000054
-0.115078 0.007056 0.000055
-0.083527 0.000623 0.000056
-0.052617 -0.006381 0.000053
-0.015792 -0.009515 0.000044
0.011105 -0.018690 0.000045
0.042369 -0.024698 0.000052
0.074199 -0.031645 0.000055
0.105964 -0.038062 0.000056
0.137653 -0.044438 0.000056
0.169259 -0.050874 0.000055
0.200793 -0.057375 0.000053
0.232253 -0.063949 0.000052
0.263630 -0.070608 0.000051
0.294915 -0.077365 0.000050
0.326100 -0.084231 0.000049
0.357175 -0.091215 0.000049
0.388127 -0.098337 0.000049
0.418922 -0.105708 0.000051
0.449519 -0.113459 0.000054
0.480604 -0.119137 0.000059
-0.498766 0.055246 0.000047
-0.467699 0.049857 0.000042
-0.437126 0.042310 0.000039
-0.406349 0.035124 0.000038
-0.375403 0.028180 0.000038
-0.344327 0.021361 0.000038
-0.313133 0.014646 0.000040
-0.281834 0.008024 0.000042
-0.250439 0.001487 0.000044
-0.218954 -0.004972 0.000046
-0.187378 -0.011359 0.000049
-0.155749 -0.017687 0.000051
-0.124197 -0.024057 0.000054
-0.093325 -0.030894 0.000056
-0.056863 -0.034353 0.000055
-0.030108 -0.043717 0.000054
0.002027 -0.049234 0.000053
0.033849 -0.056126 0.000055
0.065155 -0.062355 0.000057
0.096973 -0.069040 0.000058
0.128625 -0.075500 0.000058
0.160201 -0.081976 0.000058
0.191716 -0.088520 0.000057
0.223162 -0.095143 0.000057
0.254530 -0.101857 0.000056
0.285810 -0.108676 0.000055
0.316991 -0.115611 0.000055
0.348066 -0.122672 0.000055
0.379021 -0.129877 0.000056
0.409823 -0.137337 0.000058
0.440432 -0.145181 0.000061
0.471523 -0.150999 0.000066
-0.507799 0.023212 0.000040
-0.476739 0.017984 0.000035
-0.446174 0.010553 0.000032
-0.415399 0.003474 0.000031
-0.384450 -0.003368 0.000032
-0.353366 -0.010093 0.000033
-0.322160 -0.016724 0.000035
-0.290845 -0.023271 0.000037
-0.259431 -0.029741 0.000040
-0.227924 -0.036138 0.000043
-0.196353 -0.042470 0.000046
-0.164860 -0.048862 0.000049
-0.133874 -0.055590 0.000052
-0.098775 -0.059863 0.000055
-0.070626 -0.068475 0.000057
-0.038231 -0.074413 0.000057
-0.006551 -0.080642 0.000057
0.024807 -0.086881 0.000058
0.056584 -0.093825 0.000060
0.087878 -0.099914 0.000061
0.119563 -0.106558 0.000061
0.151124 -0.113088 0.000061
0.182620 -0.119664 0.000061
0.214054 -0.126328 0.000061
0.245415 -0.133093 0.000061
0.276690 -0.139968 0.000061
0.307871 -0.146968 0.000061
0.338946 -0.154101 0.000061
0.369906 -0.161384 0.000062
0.400717 -0.168927 0.000064
0.431337 -0.176860 0.000068
0.462433 -0.182810 0.000072
-0.516808 -0.008885 0.000034
-0.485754 -0.013944 0.000029
-0.455195 -0.021249 0.000026
-0.424420 -0.028212 0.000025
-0.393465 -0.034945 0.000026
-0.362369 -0.041569 0.000027
-0.331149 -0.048109 0.000030
-0.299813 -0.054575 0.000033
-0.268371 -0.060978 0.000036
-0.236867 -0.067320 0.000039
-0.205419 -0.073695 0.000043
-0.174389 -0.080344 0.000047
-0.139830 -0.084888 0.000050
-0.111189 -0.093134 0.000053
-0.078916 -0.099125 0.000056
-0.047192 -0.105415 0.000057
-0.015645 -0.111825 0.000059
0.015873 -0.118231 0.000061
0.047326 -0.124516 0.000062
0.079121 -0.131366 0.000063
0.110420 -0.137513 0.000064
0.142025 -0.144189 0.000065
0.173515 -0.150812 0.000065
0.204937 -0.157509 0.000066
0.236290 -0.164316 0.000066
0.267562 -0.171244 0.000066
0.298743 -0.178304 0.000066
0.329821 -0.185504 0.000067
0.360787 -0.192861 0.000068
0.391606 -0.200480 0.000070
0.422237 -0.208496 0.000074
0.453337 -0.214574 0.000079
-0.525788 -0.041049 0.000027
-0.494738 -0.045927 0.000022
-0.464183 -0.053097 0.000020
-0.433405 -0.059936 0.000019
-0.402441 -0.066552 0.000020
-0.371333 -0.073068 0.000022
-0.340094 -0.079509 0.000025
-0.308732 -0.085885 0.000028
-0.277275 -0.092217 0.000032
-0.245849 -0.098606 0.000036
-0.214801 -0.105205 0.000040
-0.180784 -0.109985 0.000044
-0.151694 -0.117894 0.000048
-0.119541 -0.123888 0.000051
-0.087852 -0.130152 0.000054
-0.056306 -0.136541 0.000057
-0.024763 -0.142949 0.000060
0.006804 -0.149365 0.000062
0.038365 -0.155776 0.000064
0.069844 -0.162104 0.000066
0.101583 -0.168932 0.000067
0.132870 -0.175199 0.000068
0.164400 -0.181949 0.000069
0.195819 -0.188690 0.000070
0.227163 -0.195532 0.000071
0.258432 -0.202505 0.000071
0.289613 -0.209619 0.000072
0.320694 -0.216882 0.000073
0.351666 -0.224308 0.000074
0.382493 -0.232000 0.000077
0.413134 -0.240095 0.000080
0.444235 -0.246297 0.000085
-0.534729 -0.073283 0.000020
-0.503683 -0.077968 0.000016
-0.473128 -0.084993 0.000013
-0.442344 -0.091698 0.000013
-0.411367 -0.098189 0.000014
-0.380242 -0.104593 0.000017
-0.348986 -0.110930 0.000020
-0.317626 -0.117211 0.000024
-0.286246 -0.123519 0.000029
-0.255126 -0.130083 0.000033
-0.221618 -0.135208 0.000037
-0.192163 -0.142768 0.000041
-0.160090 -0.148734 0.000045
-0.128418 -0.154970 0.000050
-0.096881 -0.161315 0.000054
-0.065349 -0.167692 0.000057
-0.033794 -0.174079 0.000060
-0.002230 -0.180479 0.000063
0.029334 -0.186905 0.000066
0.060876 -0.193350 0.000068
0.092332 -0.199749 0.000070
0.123989 -0.206596 0.000072
0.155249 -0.213010 0.000073
0.186699 -0.219861 0.000074
0.218041 -0.226745 0.000076
0.249304 -0.233754 0.000077
0.280484 -0.240916 0.000078
0.311569 -0.248236 0.000079
0.342545 -0.255728 0.000080
0.373380 -0.263489 0.000083
0.404029 -0.271659 0.000086
0.435128 -0.277981 0.000091
-0.543752 -0.105622 0.000014
-0.512581 -0.110071 0.000009
-0.482023 -0.116937 0.000007
-0.451225 -0.123497 0.000007
-0.420228 -0.129856 0.000009
-0.389080 -0.136144 0.000012
-0.357817 -0.142384 0.000016
-0.326524 -0.148638 0.000021
-0.295431 -0.155042 0.000026
-0.262366 -0.160330 0.000031
-0.231499 -0.167068 0.000035
-0.200566 -0.173676 0.000038
-0.168878 -0.179838 0.000043
-0.137340 -0.186165 0.000048
-0.105819 -0.192510 0.000053
-0.074284 -0.198866 0.000057
-0.042740 -0.205237 0.000061
-0.011196 -0.211627 0.000064
0.020342 -0.218044 0.000068
0.051868 -0.224505 0.000071
0.083363 -0.231005 0.000073
0.114774 -0.237498 0.000075
0.146338 -0.244393 0.000077
0.177560 -0.250973 0.000079
0.208924 -0.257950 0.000080
0.240185 -0.264999 0.000082
0.271361 -0.272200 0.000083
0.302446 -0.279571 0.000085
0.333427 -0.287123 0.000086
0.364267 -0.294951 0.000089
0.394922 -0.303192 0.000092
0.426013 -0.309634 0.000097
-0.552475 -0.137983 0.000007
-0.521427 -0.142234 0.000003
-0.490855 -0.148927 0.000001
-0.460036 -0.155329 0.000002
-0.429008 -0.161549 0.000004
-0.397836 -0.167719 0.000008
-0.366599 -0.173910 0.000012
-0.335483 -0.180237 0.000017
-0.302768 -0.185625 0.000023
-0.272620 -0.192764 0.000028
-0.240747 -0.198835 0.000033
-0.209096 -0.204892 0.000037
-0.177614 -0.211104 0.000042
-0.146132 -0.217414 0.000047
-0.114626 -0.223740 0.000052
-0.083110 -0.230080 0.000057
-0.051593 -0.236439 0.000061
-0.020080 -0.242821 0.000065
0.011423 -0.249233 0.000069
0.042909 -0.255688 0.000073
0.074375 -0.262202 0.000076
0.105805 -0.268777 0.000079
0.137157 -0.275382 0.000081
0.168623 -0.282349 0.000083
0.199782 -0.289085 0.000085
0.231070 -0.296237 0.000087
0.262244 -0.303476 0.000088
0.293327 -0.310888 0.000090
0.324309 -0.318495 0.000092
0.355152 -0.326387 0.000094
0.385809 -0.334699 0.000098
0.416888 -0.341260 0.000102
-0.561265 -0.170452 0.000001
-0.530206 -0.174455 -0.000003
-0.499614 -0.180958 -0.000005
-0.468760 -0.187190 -0.000004
-0.437697 -0.193262 -0.000001
-0.406523 -0.199346 0.000003
-0.375397 -0.205551 0.000008
-0.343007 -0.211050 0.000014
-0.312553 -0.217890 0.000019
-0.280808 -0.223919 0.000025
-0.249221 -0.230071 0.000030
-0.217711 -0.236244 0.000035
-0.186249 -0.242455 0.000040
-0.154783 -0.248722 0.000046
-0.123304 -0.255025 0.000051
-0.091821 -0.261350 0.000056
-0.060341 -0.267699 0.000061
-0.028870 -0.274074 0.000066
0.002588 -0.280481 0.000071
0.034027 -0.286932 0.000075
0.065444 -0.293440 0.000078
0.096835 -0.300024 0.000082
0.128188 -0.306691 0.000085
0.159470 -0.313422 0.000087
0.190831 -0.320485 0.000090
0.221946 -0.327444 0.000092
0.253126 -0.334744 0.000094
0.284206 -0.342195 0.000096
0.315187 -0.349848 0.000098
0.346030 -0.357800 0.000100
0.376684 -0.366182 0.000103
0.407743 -0.372865 0.000108
-0.569983 -0.203005 -0.000006
-0.538909 -0.206734 -0.000009
-0.508284 -0.213026 -0.000010
-0.477384 -0.219071 -0.000009
-0.446292 -0.225013 -0.000005
-0.415171 -0.231055 -0.000001
-0.383081 -0.236603 0.000005
-0.352387 -0.243183 0.000010
-0.320726 -0.249158 0.000015
-0.289196 -0.255255 0.000021
-0.257706 -0.261423 0.000027
-0.226224 -0.267615 0.000033
-0.194755 -0.273833 0.000039
-0.163298 -0.280086 0.000045
-0.131848 -0.286373 0.000050
-0.100404 -0.292688 0.000056
-0.068971 -0.299029 0.000061
-0.037550 -0.305398 0.000067
-0.006147 -0.311802 0.000072
0.025236 -0.318248 0.000076
0.056594 -0.324751 0.000081
0.087926 -0.331326 0.000085
0.119228 -0.337994 0.000088
0.150493 -0.344767 0.000091
0.181695 -0.351638 0.000094
0.212946 -0.358818 0.000097
0.243994 -0.365990 0.000099
0.275074 -0.373490 0.000101
0.306051 -0.381184 0.000103
0.336890 -0.389191 0.000105
0.367537 -0.397644 0.000109
0.398567 -0.404457 0.000113
-0.578621 -0.235647 -0.000012
-0.547521 -0.239068 -0.000015
-0.516849 -0.245122 -0.000016
-0.485896 -0.250978 -0.000014
-0.454799 -0.256814 -0.000010
-0.422964 -0.262336 -0.000005
-0.392064 -0.268645 0.000001
-0.360466 -0.274552 0.000006
-0.328956 -0.280578 0.000012
-0.297480 -0.286684 0.000018
-0.266010 -0.292841 0.000024
-0.234545 -0.299031 0.000031
-0.203095 -0.305253 0.000037
-0.171663 -0.311506 0.000043
-0.140248 -0.317789 0.000049
-0.108849 -0.324100 0.000055
-0.077467 -0.330438 0.000061
-0.046105 -0.336806 0.000067
-0.014765 -0.343207 0.000072
0.016550 -0.349650 0.000077
0.047839 -0.356147 0.000082
0.079100 -0.362714 0.000087
0.110331 -0.369367 0.000091
0.141532 -0.376131 0.000095
0.172697 -0.383022 0.000098
0.203806 -0.390046 0.000101
0.234942 -0.397366 0.000104
0.265912 -0.404770 0.000106
0.296882 -0.412504 0.000108
0.327715 -0.420560 0.000110
0.358349 -0.429086 0.000113
0.389339 -0.436041 0.000117
-0.587171 -0.268382 -0.000017
-0.556032 -0.271449 -0.000020
-0.525291 -0.277241 -0.000020
-0.494277 -0.282906 -0.000018
-0.462656 -0.288312 -0.000013
-0.431579 -0.294314 -0.000008
-0.400023 -0.300111 -0.000003
-0.368519 -0.306040 0.000003
-0.337042 -0.312068 0.000009
-0.305574 -0.318165 0.000016
-0.274117 -0.324315 0.000022
-0.242676 -0.330507 0.000029
-0.211257 -0.336734 0.000035
-0.179862 -0.342993 0.000042
-0.148490 -0.349280 0.000048
-0.117142 -0.355595 0.000054
-0.085819 -0.361936 0.000061
-0.054522 -0.368305 0.000067
-0.023252 -0.374708 0.000073
0.007988 -0.381151 0.000078
0.039197 -0.387645 0.000083
0.070374 -0.394204 0.000089
0.101519 -0.400843 0.000093
0.132631 -0.407585 0.000098
0.163713 -0.414454 0.000101
0.194761 -0.421473 0.000105
0.225761 -0.428661 0.000108
0.256771 -0.436145 0.000110
0.287647 -0.443807 0.000113
0.318468 -0.451901 0.000115
0.349088 -0.460501 0.000118
0.380027 -0.467621 0.000122
-0.595608 -0.301223 -0.000021
-0.564408 -0.303867 -0.000024
-0.533563 -0.309361 -0.000024
-0.502155 -0.314621 -0.000021
-0.470929 -0.320255 -0.000017
-0.439390 -0.325873 -0.000012
-0.407879 -0.331664 -0.000006
-0.376391 -0.337587 0.000000
-0.344918 -0.343606 0.000007
-0.313462 -0.349699 0.000013
-0.282029 -0.355851 0.000020
-0.250621 -0.362050 0.000026
-0.219240 -0.368287 0.000033
-0.187888 -0.374556 0.000040
-0.156566 -0.380853 0.000046
-0.125274 -0.387177 0.000053
-0.094014 -0.393527 0.000059
-0.062786 -0.399905 0.000066
-0.031593 -0.406315 0.000072
-0.000435 -0.412764 0.000078
0.030684 -0.419259 0.000084
0.061765 -0.425814 0.000089
0.092808 -0.432443 0.000095
0.123812 -0.439165 0.000099
0.154781 -0.446003 0.000104
0.185717 -0.452984 0.000108
0.216619 -0.460139 0.000112
0.247483 -0.467499 0.000115
0.278346 -0.475172 0.000117
0.309084 -0.483206 0.000119
0.339703 -0.491885 0.000122
0.370578 -0.499192 0.000126
-0.603608 -0.334241 -0.000023
-0.572383 -0.336336 -0.000026
-0.541264 -0.341373 -0.000027
-0.509971 -0.346599 -0.000025
-0.478431 -0.351929 -0.000020
-0.446902 -0.357518 -0.000015
-0.415399 -0.363294 -0.000009
-0.383919 -0.369207 -0.000002
-0.352464 -0.375223 0.000004
-0.321037 -0.381319 0.000010
-0.289639 -0.387478 0.000017
-0.258271 -0.393687 0.000024
-0.226936 -0.399937 0.000031
-0.195633 -0.406221 0.000037
-0.164364 -0.412533 0.000044
-0.133132 -0.418873 0.000051
-0.101937 -0.425239 0.000058
-0.070781 -0.431633 0.000064
-0.039668 -0.438057 0.000071
-0.008599 -0.444519 0.000077
0.022424 -0.451024 0.000083
0.053398 -0.457584 0.000089
0.084329 -0.464207 0.000095
0.115198 -0.470921 0.000100
0.146025 -0.477734 0.000105
0.176807 -0.484675 0.000110
0.207547 -0.491775 0.000114
0.238248 -0.499068 0.000118
0.268912 -0.506603 0.000121
0.299552 -0.514554 0.000123
0.330074 -0.523155 0.000126
0.360899 -0.530732 0.000129
-0.615298 -0.370345 -0.000034
-0.579567 -0.368877 -0.000029
-0.548311 -0.373552 -0.000030
-0.516776 -0.378472 -0.000028
-0.485215 -0.383739 -0.000023
-0.453700 -0.389308 -0.000017
-0.422222 -0.395072 -0.000011
-0.390775 -0.400980 -0.000005
-0.359360 -0.406997 0.000001
-0.327975 -0.413099 0.000008
-0.296621 -0.419268 0.000014
-0.265298 -0.425491 0.000021
-0.234009 -0.431757 0.000028
-0.202753 -0.438056 0.000034
-0.171538 -0.444392 0.000041
-0.140362 -0.450754 0.000048
-0.109228 -0.457144 0.000055
-0.078142 -0.463562 0.000061
-0.047105 -0.470012 0.000068
-0.016123 -0.476498 0.000074
0.014802 -0.483026 0.000081
0.045666 -0.489606 0.000087
0.076465 -0.496247 0.000093
0.107198 -0.502964 0.000099
0.137860 -0.509773 0.000104
0.168452 -0.516694 0.000109
0.198972 -0.523754 0.000114
0.229418 -0.530984 0.000118
0.259782 -0.538428 0.000122
0.290044 -0.546191 0.000125
0.320224 -0.554536 0.000129
0.350719 -0.562251 0.000133
-0.621849 -0.400629 -0.000048
-0.589563 -0.400846 -0.000040
-0.557130 -0.404581 -0.000036
-0.526098 -0.409880 -0.000032
-0.494473 -0.415123 -0.000027
-0.462952 -0.420682 -0.000021
-0.431489 -0.426435 -0.000015
-0.400069 -0.432333 -0.000009
-0.368682 -0.438346 -0.000003
-0.337327 -0.444449 0.000003
-0.306003 -0.450625 0.000010
-0.274711 -0.456858 0.000016
-0.243452 -0.463140 0.000023
-0.212229 -0.469462 0.000030
-0.181045 -0.475819 0.000036
-0.149905 -0.482208 0.000043
-0.118813 -0.488628 0.000050
-0.087773 -0.495080 0.000056
-0.056789 -0.501565 0.000063
-0.025869 -0.508088 0.000069
0.004984 -0.514653 0.000075
0.035764 -0.521268 0.000081
0.066464 -0.527944 0.000087
0.097078 -0.534690 0.000093
0.127600 -0.541522 0.000099
0.158022 -0.548458 0.000104
0.188335 -0.555518 0.000109
0.218525 -0.562734 0.000114
0.248569 -0.570150 0.000118
0.278423 -0.577848 0.000123
0.308091 -0.585939 0.000128
0.338029 -0.593636 0.000133
