-0.600002 0.600002 0.005557
-0.561290 0.600000 0.005649
-0.522580 0.600000 0.005755
-0.483871 0.600000 0.005847
-0.445161 0.600000 0.005929
-0.406452 0.600000 0.006002
-0.367742 0.600000 0.006066
-0.329032 0.600000 0.006123
-0.290323 0.600000 0.006173
-0.251613 0.600000 0.006216
-0.212903 0.600000 0.006253
-0.174194 0.600000 0.006283
-0.135484 0.600000 0.006307
-0.096774 0.600000 0.006325
-0.058065 0.600000 0.006337
-0.019355 0.600000 0.006343
0.019355 0.600000 0.006343
0.058064 0.600000 0.006337
0.096774 0.600000 0.006325
0.135484 0.600000 0.006307
0.174193 0.600000 0.006283
0.212903 0.600000 0.006253
0.251613 0.600000 0.006216
0.290322 0.600000 0.006173
0.329032 0.600000 0.006123
0.367742 0.600000 0.006066
0.406451 0.600000 0.006002
0.445161 0.600000 0.005929
0.483871 0.600000 0.005847
0.522580 0.600000 0.005755
0.561290 0.600000 0.005649
0.600002 0.600002 0.005557
-0.600000 0.561290 0.005649
-0.561292 0.561292 0.005845
-0.522580 0.561290 0.005923
-0.483871 0.561290 0.006025
-0.445161 0.561290 0.006114
-0.406452 0.561290 0.006193
-0.367742 0.561290 0.006262
-0.329032 0.561290 0.006323
-0.290323 0.561290 0.006376
-0.251613 0.561290 0.006422
-0.212903 0.561290 0.006461
-0.174194 0.561290 0.006493
-0.135484 0.561290 0.006518
-0.096774 0.561290 0.006537
-0.058065 0.561290 0.006550
-0.019355 0.561290 0.006556
0.019355 0.561290 0.006556
0.058064 0.561290 0.006550
0.096774 0.561290 0.006537
0.135484 0.561290 0.006518
0.174193 0.561290 0.006493
0.212903 0.561290 0.006461
0.251613 0.561290 0.006422
0.290322 0.561290 0.006376
0.329032 0.561290 0.006323
0.367742 0.561290 0.006262
0.406451 0.561290 0.006193
0.445161 0.561290 0.006114
0.483871 0.561290 0.006025
0.522580 0.561290 0.005923
0.561292 0.561292 0.005845
0.600000 0.561290 0.005649
-0.600000 0.522580 0.005755
-0.561290 0.522580 0.005923
-0.522581 0.522581 0.006121
-0.483871 0.522581 0.006168
-0.445161 0.522581 0.006264
-0.406451 0.522581 0.006347
-0.367742 0.522581 0.006422
-0.329032 0.522581 0.006487
-0.290323 0.522581 0.006543
-0.251613 0.522581 0.006591
-0.212903 0.522581 0.006632
-0.174193 0.522581 0.006664
-0.135484 0.522581 0.006693
-0.096774 0.522581 0.006713
-0.058065 0.522581 0.006726
-0.019355 0.522581 0.006732
0.019355 0.522581 0.006732
0.058064 0.522581 0.006726
0.096774 0.522581 0.006713
0.135484 0.522581 0.006693
0.174193 0.522581 0.006664
0.212903 0.522581 0.006632
0.251613 0.522581 0.006591
0.290322 0.522581 0.006543
0.329032 0.522581 0.006487
0.367742 0.522581 0.006422
0.406451 0.522581 0.006347
0.445161 0.522581 0.006264
0.483871 0.522581 0.006168
0.522581 0.522581 0.006121
0.561290 0.522580 0.005923
0.600000 0.522580 0.005755
-0.600000 0.483871 0.005847
-0.561290 0.483871 0.006025
-0.522581 0.483871 0.006168
-0.483869 0.483869 0.006374
-0.445161 0.483871 0.006389
-0.406452 0.483871 0.006478
-0.367742 0.483871 0.006556
-0.329032 0.483871 0.006625
-0.290322 0.483871 0.006683
-0.251613 0.483871 0.006735
-0.212903 0.483871 0.006778
-0.174194 0.483871 0.006813
-0.135484 0.483871 0.006841
-0.096774 0.483871 0.006862
-0.058065 0.483871 0.006876
-0.019355 0.483871 0.006883
0.019355 0.483871 0.006883
0.058064 0.483871 0.006876
0.096774 0.483871 0.006862
0.135484 0.483871 0.006841
0.174193 0.483871 0.006813
0.212903 0.483871 0.006778
0.251613 0.483871 0.006735
0.290322 0.483871 0.006683
0.329032 0.483871 0.006625
0.367742 0.483871 0.006556
0.406451 0.483871 0.006478
0.445161 0.483871 0.006389
0.483869 0.483869 0.006374
0.522581 0.483871 0.006168
0.561290 0.483871 0.006025
0.600000 0.483871 0.005847
-0.600000 0.445161 0.005929
-0.561290 0.445161 0.006114
-0.522581 0.445161 0.006264
-0.483871 0.445161 0.006389
-0.445157 0.445157 0.006608
-0.406452 0.445161 0.006591
-0.367742 0.445161 0.006673
-0.329032 0.445161 0.006744
-0.290323 0.445161 0.006807
-0.251613 0.445161 0.006860
-0.212903 0.445161 0.006905
-0.174194 0.445161 0.006942
-0.135484 0.445161 0.006971
-0.096774 0.445161 0.006993
-0.058065 0.445161 0.007007
-0.019355 0.445161 0.007015
0.019355 0.445161 0.007015
0.058064 0.445161 0.007007
0.096774 0.445161 0.006993
0.135484 0.445161 0.006971
0.174193 0.445161 0.006942
0.212903 0.445161 0.006905
0.251613 0.445161 0.006860
0.290323 0.445161 0.006807
0.329032 0.445161 0.006744
0.367742 0.445161 0.006673
0.406452 0.445161 0.006591
0.445157 0.445157 0.006608
0.483871 0.445161 0.006389
0.522581 0.445161 0.006264
0.561290 0.445161 0.006114
0.600000 0.445161 0.005929
-0.600000 0.406452 0.006002
-0.561290 0.406452 0.006193
-0.522581 0.406451 0.006347
-0.483871 0.406452 0.006478
-0.445161 0.406452 0.006591
-0.406444 0.406444 0.006824
-0.367742 0.406452 0.006774
-0.329032 0.406452 0.006849
-0.290323 0.406452 0.006913
-0.251613 0.406452 0.006970
-0.212903 0.406452 0.007016
-0.174194 0.406452 0.007055
-0.135484 0.406452 0.007084
-0.096774 0.406452 0.007108
-0.058065 0.406452 0.007123
-0.019355 0.406452 0.007130
0.019355 0.406452 0.007130
0.058064 0.406452 0.007123
0.096774 0.406452 0.007108
0.135484 0.406452 0.007084
0.174193 0.406452 0.007055
0.212903 0.406452 0.007016
0.251613 0.406452 0.006970
0.290322 0.406452 0.006913
0.329032 0.406452 0.006849
0.367742 0.406452 0.006774
0.406444 0.406444 0.006824
0.445161 0.406452 0.006591
0.483871 0.406452 0.006478
0.522581 0.406451 0.006347
0.561290 0.406452 0.006193
0.600000 0.406452 0.006002
-0.600000 0.367742 0.006066
-0.561290 0.367742 0.006262
-0.522581 0.367742 0.006422
-0.483871 0.367742 0.006556
-0.445161 0.367742 0.006673
-0.406452 0.367742 0.006774
-0.367731 0.367731 0.007024
-0.329032 0.367742 0.006941
-0.290323 0.367742 0.007008
-0.251613 0.367742 0.007066
-0.212903 0.367742 0.007114
-0.174194 0.367742 0.007154
-0.135484 0.367742 0.007185
-0.096774 0.367742 0.007209
-0.058065 0.367742 0.007224
-0.019355 0.367742 0.007232
0.019355 0.367742 0.007232
0.058064 0.367742 0.007224
0.096774 0.367742 0.007209
0.135484 0.367742 0.007185
0.174194 0.367742 0.007154
0.212903 0.367742 0.007114
0.251613 0.367742 0.007066
0.290323 0.367742 0.007008
0.329032 0.367742 0.006941
0.367731 0.367731 0.007024
0.406452 0.367742 0.006774
0.445161 0.367742 0.006673
0.483871 0.367742 0.006556
0.522581 0.367742 0.006422
0.561290 0.367742 0.006262
0.600000 0.367742 0.006066
-0.600000 0.329032 0.006123
-0.561290 0.329032 0.006323
-0.522581 0.329032 0.006487
-0.483871 0.329032 0.006625
-0.445161 0.329032 0.006744
-0.406452 0.329032 0.006849
-0.367742 0.329032 0.006941
-0.329017 0.329017 0.007207
-0.290323 0.329032 0.007090
-0.251613 0.329032 0.007150
-0.212903 0.329032 0.007200
-0.174194 0.329032 0.007241
-0.135484 0.329032 0.007273
-0.096774 0.329032 0.007297
-0.058065 0.329032 0.007313
-0.019355 0.329032 0.007321
0.019355 0.329032 0.007321
0.058064 0.329032 0.007313
0.096774 0.329032 0.007297
0.135484 0.329032 0.007273
0.174194 0.329032 0.007241
0.212903 0.329032 0.007200
0.251613 0.329032 0.007150
0.290323 0.329032 0.007090
0.329017 0.329017 0.007207
0.367742 0.329032 0.006941
0.406452 0.329032 0.006849
0.445161 0.329032 0.006744
0.483871 0.329032 0.006625
0.522581 0.329032 0.006487
0.561290 0.329032 0.006323
0.600000 0.329032 0.006123
-0.600000 0.290323 0.006173
-0.561290 0.290323 0.006376
-0.522581 0.290323 0.006543
-0.483871 0.290322 0.006683
-0.445161 0.290323 0.006807
-0.406452 0.290323 0.006913
-0.367742 0.290323 0.007008
-0.329032 0.290323 0.007090
-0.290303 0.290303 0.007373
-0.251613 0.290323 0.007222
-0.212903 0.290323 0.007274
-0.174194 0.290323 0.007315
-0.135484 0.290323 0.007349
-0.096774 0.290323 0.007373
-0.058065 0.290323 0.007390
-0.019355 0.290323 0.007399
0.019355 0.290323 0.007399
0.058064 0.290323 0.007390
0.096774 0.290323 0.007373
0.135484 0.290323 0.007349
0.174193 0.290323 0.007315
0.212903 0.290323 0.007274
0.251613 0.290323 0.007222
0.290303 0.290303 0.007373
0.329032 0.290323 0.007090
0.367742 0.290323 0.007008
0.406452 0.290323 0.006913
0.445161 0.290323 0.006807
0.483871 0.290322 0.006683
0.522581 0.290323 0.006543
0.561290 0.290323 0.006376
0.600000 0.290323 0.006173
-0.600000 0.251613 0.006216
-0.561290 0.251613 0.006422
-0.522581 0.251613 0.006591
-0.483871 0.251613 0.006735
-0.445161 0.251613 0.006860
-0.406452 0.251613 0.006970
-0.367742 0.251613 0.007066
-0.329032 0.251613 0.007150
-0.290323 0.251613 0.007222
-0.251588 0.251588 0.007523
-0.212903 0.251613 0.007337
-0.174194 0.251613 0.007380
-0.135484 0.251613 0.007414
-0.096774 0.251613 0.007440
-0.058065 0.251613 0.007457
-0.019355 0.251613 0.007465
0.019355 0.251613 0.007465
0.058064 0.251613 0.007457
0.096774 0.251613 0.007440
0.135484 0.251613 0.007414
0.174194 0.251613 0.007380
0.212903 0.251613 0.007337
0.251588 0.251588 0.007523
0.290323 0.251613 0.007222
0.329032 0.251613 0.007150
0.367742 0.251613 0.007066
0.406452 0.251613 0.006970
0.445161 0.251613 0.006860
0.483871 0.251613 0.006735
0.522581 0.251613 0.006591
0.561290 0.251613 0.006422
0.600000 0.251613 0.006216
-0.600000 0.212903 0.006253
-0.561290 0.212903 0.006461
-0.522581 0.212903 0.006632
-0.483871 0.212903 0.006778
-0.445161 0.212903 0.006905
-0.406452 0.212903 0.007016
-0.367742 0.212903 0.007114
-0.329032 0.212903 0.007200
-0.290323 0.212903 0.007274
-0.251613 0.212903 0.007337
-0.212872 0.212872 0.007655
-0.174194 0.212903 0.007435
-0.135484 0.212903 0.007469
-0.096774 0.212903 0.007495
-0.058065 0.212903 0.007512
-0.019355 0.212903 0.007521
0.019355 0.212903 0.007521
0.058064 0.212903 0.007512
0.096774 0.212903 0.007495
0.135484 0.212903 0.007469
0.174194 0.212903 0.007435
0.212872 0.212872 0.007655
0.251613 0.212903 0.007337
0.290323 0.212903 0.007274
0.329032 0.212903 0.007200
0.367742 0.212903 0.007114
0.406452 0.212903 0.007016
0.445161 0.212903 0.006905
0.483871 0.212903 0.006778
0.522581 0.212903 0.006632
0.561290 0.212903 0.006461
0.600000 0.212903 0.006253
-0.600000 0.174194 0.006283
-0.561290 0.174194 0.006493
-0.522581 0.174193 0.006664
-0.483871 0.174194 0.006813
-0.445161 0.174194 0.006942
-0.406452 0.174194 0.007055
-0.367742 0.174194 0.007154
-0.329032 0.174194 0.007241
-0.290323 0.174194 0.007315
-0.251613 0.174194 0.007380
-0.212903 0.174194 0.007435
-0.174156 0.174156 0.007770
-0.135484 0.174194 0.007515
-0.096774 0.174194 0.007541
-0.058065 0.174194 0.007558
-0.019355 0.174194 0.007567
0.019355 0.174194 0.007567
0.058064 0.174194 0.007558
0.096774 0.174194 0.007541
0.135484 0.174194 0.007515
0.174156 0.174156 0.007770
0.212903 0.174194 0.007435
0.251613 0.174194 0.007380
0.290323 0.174194 0.007315
0.329032 0.174194 0.007241
0.367742 0.174194 0.007154
0.406452 0.174194 0.007055
0.445161 0.174194 0.006942
0.483871 0.174194 0.006813
0.522581 0.174193 0.006664
0.561290 0.174194 0.006493
0.600000 0.174194 0.006283
-0.600000 0.135484 0.006307
-0.561290 0.135484 0.006518
-0.522581 0.135484 0.006693
-0.483871 0.135484 0.006841
-0.445161 0.135484 0.006971
-0.406452 0.135484 0.007084
-0.367742 0.135484 0.007185
-0.329032 0.135484 0.007273
-0.290323 0.135484 0.007349
-0.251613 0.135484 0.007414
-0.212903 0.135484 0.007469
-0.174194 0.135484 0.007515
-0.135439 0.135439 0.007868
-0.096774 0.135484 0.007577
-0.058065 0.135484 0.007594
-0.019355 0.135484 0.007603
0.019355 0.135484 0.007603
0.058064 0.135484 0.007594
0.096774 0.135484 0.007577
0.135439 0.135439 0.007868
0.174194 0.135484 0.007515
0.212903 0.135484 0.007469
0.251613 0.135484 0.007414
0.290323 0.135484 0.007349
0.329032 0.135484 0.007273
0.367742 0.135484 0.007185
0.406452 0.135484 0.007084
0.445161 0.135484 0.006971
0.483871 0.135484 0.006841
0.522581 0.135484 0.006693
0.561290 0.135484 0.006518
0.600000 0.135484 0.006307
-0.600000 0.096774 0.006325
-0.561290 0.096774 0.006537
-0.522581 0.096774 0.006713
-0.483871 0.096774 0.006862
-0.445161 0.096774 0.006993
-0.406452 0.096774 0.007108
-0.367742 0.096774 0.007209
-0.329032 0.096774 0.007297
-0.290323 0.096774 0.007373
-0.251613 0.096774 0.007440
-0.212903 0.096774 0.007495
-0.174194 0.096774 0.007541
-0.135484 0.096774 0.007577
-0.096722 0.096722 0.007948
-0.058065 0.096774 0.007621
-0.019355 0.096774 0.007630
0.019355 0.096774 0.007630
0.058064 0.096774 0.007621
0.096722 0.096722 0.007948
0.135484 0.096774 0.007577
0.174194 0.096774 0.007541
0.212903 0.096774 0.007495
0.251613 0.096774 0.007440
0.290323 0.096774 0.007373
0.329032 0.096774 0.007297
0.367742 0.096774 0.007209
0.406452 0.096774 0.007108
0.445161 0.096774 0.006993
0.483871 0.096774 0.006862
0.522581 0.096774 0.006713
0.561290 0.096774 0.006537
0.600000 0.096774 0.006325
-0.600000 0.058065 0.006337
-0.561290 0.058065 0.006550
-0.522581 0.058065 0.006726
-0.483871 0.058065 0.006876
-0.445161 0.058065 0.007007
-0.406452 0.058065 0.007123
-0.367742 0.058065 0.007224
-0.329032 0.058065 0.007313
-0.290323 0.058065 0.007390
-0.251613 0.058065 0.007457
-0.212903 0.058065 0.007512
-0.174194 0.058065 0.007558
-0.135484 0.058065 0.007594
-0.096774 0.058065 0.007621
-0.058004 0.058004 0.008010
-0.019355 0.058065 0.007648
0.019355 0.058065 0.007648
0.058004 0.058004 0.008010
0.096774 0.058065 0.007621
0.135484 0.058065 0.007594
0.174194 0.058065 0.007558
0.212903 0.058065 0.007512
0.251613 0.058065 0.007457
0.290323 0.058065 0.007390
0.329032 0.058065 0.007313
0.367742 0.058065 0.007224
0.406452 0.058065 0.007123
0.445161 0.058065 0.007007
0.483871 0.058065 0.006876
0.522581 0.058065 0.006726
0.561290 0.058065 0.006550
0.600000 0.058065 0.006337
-0.600000 0.019355 0.006343
-0.561290 0.019355 0.006556
-0.522581 0.019355 0.006732
-0.483871 0.019355 0.006883
-0.445161 0.019355 0.007015
-0.406452 0.019355 0.007130
-0.367742 0.019355 0.007232
-0.329032 0.019355 0.007321
-0.290323 0.019355 0.007399
-0.251613 0.019355 0.007465
-0.212903 0.019355 0.007521
-0.174194 0.019355 0.007567
-0.135484 0.019355 0.007603
-0.096774 0.019355 0.007630
-0.058065 0.019355 0.007648
-0.019285 0.019285 0.008055
0.019285 0.019285 0.008055
0.058064 0.019355 0.007648
0.096774 0.019355 0.007630
0.135484 0.019355 0.007603
0.174194 0.019355 0.007567
0.212903 0.019355 0.007521
0.251613 0.019355 0.007465
0.290323 0.019355 0.007399
0.329032 0.019355 0.007321
0.367742 0.019355 0.007232
0.406452 0.019355 0.007130
0.445161 0.019355 0.007015
0.483871 0.019355 0.006883
0.522581 0.019355 0.006732
0.561290 0.019355 0.006556
0.600000 0.019355 0.006343
-0.600000 -0.019355 0.006343
-0.561290 -0.019355 0.006556
-0.522581 -0.019355 0.006732
-0.483871 -0.019355 0.006883
-0.445161 -0.019355 0.007015
-0.406452 -0.019355 0.007130
-0.367742 -0.019355 0.007232
-0.329032 -0.019355 0.007321
-0.290323 -0.019355 0.007399
-0.251613 -0.019355 0.007465
-0.212903 -0.019355 0.007521
-0.174194 -0.019355 0.007567
-0.135484 -0.019355 0.007603
-0.096774 -0.019355 0.007630
-0.058065 -0.019355 0.007648
-0.019285 -0.019285 0.008055
0.019285 -0.019285 0.008055
0.058064 -0.019355 0.007648
0.096774 -0.019355 0.007630
0.135484 -0.019355 0.007603
0.174194 -0.019355 0.007567
0.212903 -0.019355 0.007521
0.251613 -0.019355 0.007465
0.290323 -0.019355 0.007399
0.329032 -0.019355 0.007321
0.367742 -0.019355 0.007232
0.406452 -0.019355 0.007130
0.445161 -0.019355 0.007015
0.483871 -0.019355 0.006883
0.522581 -0.019355 0.006732
0.561290 -0.019355 0.006556
0.600000 -0.019355 0.006343
-0.600000 -0.058064 0.006337
-0.561290 -0.058064 0.006550
-0.522581 -0.058064 0.006726
-0.483871 -0.058064 0.006876
-0.445161 -0.058064 0.007007
-0.406452 -0.058064 0.007123
-0.367742 -0.058064 0.007224
-0.329032 -0.058064 0.007313
-0.290323 -0.058064 0.007390
-0.251613 -0.058064 0.007457
-0.212903 -0.058064 0.007512
-0.174194 -0.058064 0.007558
-0.135484 -0.058064 0.007594
-0.096774 -0.058064 0.007621
-0.058004 -0.058004 0.008010
-0.019355 -0.058064 0.007648
0.019355 -0.058064 0.007648
0.058004 -0.058004 0.008010
0.096774 -0.058064 0.007621
0.135484 -0.058064 0.007594
0.174194 -0.058064 0.007558
0.212903 -0.058064 0.007512
0.251613 -0.058064 0.007457
0.290323 -0.058064 0.007390
0.329032 -0.058064 0.007313
0.367742 -0.058064 0.007224
0.406452 -0.058064 0.007123
0.445161 -0.058064 0.007007
0.483871 -0.058064 0.006876
0.522581 -0.058064 0.006726
0.561290 -0.058064 0.006550
0.600000 -0.058064 0.006337
-0.600000 -0.096774 0.006325
-0.561290 -0.096774 0.006537
-0.522581 -0.096774 0.006713
-0.483871 -0.096774 0.006862
-0.445161 -0.096774 0.006993
-0.406452 -0.096774 0.007108
-0.367742 -0.096774 0.007209
-0.329032 -0.096774 0.007297
-0.290323 -0.096774 0.007373
-0.251613 -0.096774 0.007440
-0.212903 -0.096774 0.007495
-0.174194 -0.096774 0.007541
-0.135484 -0.096774 0.007577
-0.096722 -0.096722 0.007948
-0.058065 -0.096774 0.007621
-0.019355 -0.096774 0.007630
0.019355 -0.096774 0.007630
0.058064 -0.096774 0.007621
0.096722 -0.096722 0.007948
0.135484 -0.096774 0.007577
0.174194 -0.096774 0.007541
0.212903 -0.096774 0.007495
0.251613 -0.096774 0.007440
0.290323 -0.096774 0.007373
0.329032 -0.096774 0.007297
0.367742 -0.096774 0.007209
0.406452 -0.096774 0.007108
0.445161 -0.096774 0.006993
0.483871 -0.096774 0.006862
0.522581 -0.096774 0.006713
0.561290 -0.096774 0.006537
0.600000 -0.096774 0.006325
-0.600000 -0.135484 0.006307
-0.561290 -0.135484 0.006518
-0.522581 -0.135484 0.006693
-0.483871 -0.135484 0.006841
-0.445161 -0.135484 0.006971
-0.406452 -0.135484 0.007084
-0.367742 -0.135484 0.007185
-0.329032 -0.135484 0.007273
-0.290323 -0.135484 0.007349
-0.251613 -0.135484 0.007414
-0.212903 -0.135484 0.007469
-0.174194 -0.135484 0.007515
-0.135439 -0.135439 0.007868
-0.096774 -0.135484 0.007577
-0.058065 -0.135484 0.007594
-0.019355 -0.135484 0.007603
0.019355 -0.135484 0.007603
0.058064 -0.135484 0.007594
0.096774 -0.135484 0.007577
0.135439 -0.135439 0.007868
0.174194 -0.135484 0.007515
0.212903 -0.135484 0.007469
0.251613 -0.135484 0.007414
0.290323 -0.135484 0.007349
0.329032 -0.135484 0.007273
0.367742 -0.135484 0.007185
0.406452 -0.135484 0.007084
0.445161 -0.135484 0.006971
0.483871 -0.135484 0.006841
0.522581 -0.135484 0.006693
0.561290 -0.135484 0.006518
0.600000 -0.135484 0.006307
-0.600000 -0.174193 0.006283
-0.561290 -0.174193 0.006493
-0.522581 -0.174193 0.006664
-0.483871 -0.174193 0.006813
-0.445161 -0.174193 0.006942
-0.406452 -0.174193 0.007055
-0.367742 -0.174194 0.007154
-0.329032 -0.174194 0.007241
-0.290323 -0.174193 0.007315
-0.251613 -0.174194 0.007380
-0.212903 -0.174194 0.007435
-0.174156 -0.174156 0.007770
-0.135484 -0.174194 0.007515
-0.096774 -0.174194 0.007541
-0.058065 -0.174194 0.007558
-0.019355 -0.174194 0.007567
0.019355 -0.174194 0.007567
0.058064 -0.174194 0.007558
0.096774 -0.174194 0.007541
0.135484 -0.174194 0.007515
0.174156 -0.174156 0.007770
0.212903 -0.174194 0.007435
0.251613 -0.174194 0.007380
0.290323 -0.174193 0.007315
0.329032 -0.174194 0.007241
0.367742 -0.174194 0.007154
0.406452 -0.174193 0.007055
0.445161 -0.174193 0.006942
0.483871 -0.174193 0.006813
0.522581 -0.174193 0.006664
0.561290 -0.174193 0.006493
0.600000 -0.174193 0.006283
-0.600000 -0.212903 0.006253
-0.561290 -0.212903 0.006461
-0.522581 -0.212903 0.006632
-0.483871 -0.212903 0.006778
-0.445161 -0.212903 0.006905
-0.406452 -0.212903 0.007016
-0.367742 -0.212903 0.007114
-0.329032 -0.212903 0.007200
-0.290323 -0.212903 0.007274
-0.251613 -0.212903 0.007337
-0.212872 -0.212872 0.007655
-0.174194 -0.212903 0.007435
-0.135484 -0.212903 0.007469
-0.096774 -0.212903 0.007495
-0.058065 -0.212903 0.007512
-0.019355 -0.212903 0.007521
0.019355 -0.212903 0.007521
0.058064 -0.212903 0.007512
0.096774 -0.212903 0.007495
0.135484 -0.212903 0.007469
0.174194 -0.212903 0.007435
0.212872 -0.212872 0.007655
0.251613 -0.212903 0.007337
0.290323 -0.212903 0.007274
0.329032 -0.212903 0.007200
0.367742 -0.212903 0.007114
0.406452 -0.212903 0.007016
0.445161 -0.212903 0.006905
0.483871 -0.212903 0.006778
0.522581 -0.212903 0.006632
0.561290 -0.212903 0.006461
0.600000 -0.212903 0.006253
-0.600000 -0.251613 0.006216
-0.561290 -0.251613 0.006422
-0.522581 -0.251613 0.006591
-0.483871 -0.251613 0.006735
-0.445161 -0.251613 0.006860
-0.406452 -0.251613 0.006970
-0.367742 -0.251613 0.007066
-0.329032 -0.251613 0.007150
-0.290323 -0.251613 0.007222
-0.251588 -0.251588 0.007523
-0.212903 -0.251613 0.007337
-0.174194 -0.251613 0.007380
-0.135484 -0.251613 0.007414
-0.096774 -0.251613 0.007440
-0.058065 -0.251613 0.007457
-0.019355 -0.251613 0.007465
0.019355 -0.251613 0.007465
0.058064 -0.251613 0.007457
0.096774 -0.251613 0.007440
0.135484 -0.251613 0.007414
0.174194 -0.251613 0.007380
0.212903 -0.251613 0.007337
0.251588 -0.251588 0.007523
0.290323 -0.251613 0.007222
0.329032 -0.251613 0.007150
0.367742 -0.251613 0.007066
0.406452 -0.251613 0.006970
0.445161 -0.251613 0.006860
0.483871 -0.251613 0.006735
0.522581 -0.251613 0.006591
0.561290 -0.251613 0.006422
0.600000 -0.251613 0.006216
-0.600000 -0.290322 0.006173
-0.561290 -0.290322 0.006376
-0.522581 -0.290322 0.006543
-0.483871 -0.290322 0.006683
-0.445161 -0.290323 0.006807
-0.406452 -0.290322 0.006913
-0.367742 -0.290323 0.007008
-0.329032 -0.290323 0.007090
-0.290303 -0.290303 0.007373
-0.251613 -0.290323 0.007222
-0.212903 -0.290323 0.007274
-0.174194 -0.290323 0.007315
-0.135484 -0.290323 0.007349
-0.096774 -0.290323 0.007373
-0.058065 -0.290323 0.007390
-0.019355 -0.290323 0.007399
0.019355 -0.290323 0.007399
0.058064 -0.290323 0.007390
0.096774 -0.290323 0.007373
0.135484 -0.290323 0.007349
0.174193 -0.290323 0.007315
0.212903 -0.290323 0.007274
0.251613 -0.290323 0.007222
0.290303 -0.290303 0.007373
0.329032 -0.290323 0.007090
0.367742 -0.290323 0.007008
0.406452 -0.290322 0.006913
0.445161 -0.290323 0.006807
0.483871 -0.290322 0.006683
0.522581 -0.290322 0.006543
0.561290 -0.290322 0.006376
0.600000 -0.290322 0.006173
-0.600000 -0.329032 0.006123
-0.561290 -0.329032 0.006323
-0.522581 -0.329032 0.006487
-0.483871 -0.329032 0.006625
-0.445161 -0.329032 0.006744
-0.406452 -0.329032 0.006849
-0.367742 -0.329032 0.006941
-0.329017 -0.329017 0.007207
-0.290323 -0.329032 0.007090
-0.251613 -0.329032 0.007150
-0.212903 -0.329032 0.007200
-0.174194 -0.329032 0.007241
-0.135484 -0.329032 0.007273
-0.096774 -0.329032 0.007297
-0.058065 -0.329032 0.007313
-0.019355 -0.329032 0.007321
0.019355 -0.329032 0.007321
0.058064 -0.329032 0.007313
0.096774 -0.329032 0.007297
0.135484 -0.329032 0.007273
0.174194 -0.329032 0.007241
0.212903 -0.329032 0.007200
0.251613 -0.329032 0.007150
0.290323 -0.329032 0.007090
0.329017 -0.329017 0.007207
0.367742 -0.329032 0.006941
0.406452 -0.329032 0.006849
0.445161 -0.329032 0.006744
0.483871 -0.329032 0.006625
0.522581 -0.329032 0.006487
0.561290 -0.329032 0.006323
0.600000 -0.329032 0.006123
-0.600000 -0.367742 0.006066
-0.561290 -0.367742 0.006262
-0.522581 -0.367742 0.006422
-0.483871 -0.367742 0.006556
-0.445161 -0.367742 0.006673
-0.406452 -0.367742 0.006774
-0.367731 -0.367731 0.007024
-0.329032 -0.367742 0.006941
-0.290323 -0.367742 0.007008
-0.251613 -0.367742 0.007066
-0.212903 -0.367742 0.007114
-0.174194 -0.367742 0.007154
-0.135484 -0.367742 0.007185
-0.096774 -0.367742 0.007209
-0.058065 -0.367742 0.007224
-0.019355 -0.367742 0.007232
0.019355 -0.367742 0.007232
0.058064 -0.367742 0.007224
0.096774 -0.367742 0.007209
0.135484 -0.367742 0.007185
0.174194 -0.367742 0.007154
0.212903 -0.367742 0.007114
0.251613 -0.367742 0.007066
0.290323 -0.367742 0.007008
0.329032 -0.367742 0.006941
0.367731 -0.367731 0.007024
0.406452 -0.367742 0.006774
0.445161 -0.367742 0.006673
0.483871 -0.367742 0.006556
0.522581 -0.367742 0.006422
0.561290 -0.367742 0.006262
0.600000 -0.367742 0.006066
-0.600000 -0.406451 0.006002
-0.561290 -0.406451 0.006193
-0.522581 -0.406451 0.006347
-0.483871 -0.406451 0.006478
-0.445161 -0.406452 0.006591
-0.406444 -0.406444 0.006824
-0.367742 -0.406452 0.006774
-0.329032 -0.406452 0.006849
-0.290323 -0.406452 0.006913
-0.251613 -0.406452 0.006970
-0.212903 -0.406452 0.007016
-0.174194 -0.406452 0.007055
-0.135484 -0.406452 0.007084
-0.096774 -0.406452 0.007108
-0.058065 -0.406452 0.007123
-0.019355 -0.406452 0.007130
0.019355 -0.406452 0.007130
0.058064 -0.406452 0.007123
0.096774 -0.406452 0.007108
0.135484 -0.406452 0.007084
0.174193 -0.406452 0.007055
0.212903 -0.406452 0.007016
0.251613 -0.406452 0.006970
0.290322 -0.406452 0.006913
0.329032 -0.406452 0.006849
0.367742 -0.406452 0.006774
0.406444 -0.406444 0.006824
0.445161 -0.406452 0.006591
0.483871 -0.406451 0.006478
0.522581 -0.406451 0.006347
0.561290 -0.406451 0.006193
0.600000 -0.406451 0.006002
-0.600000 -0.445161 0.005929
-0.561290 -0.445161 0.006114
-0.522581 -0.445161 0.006264
-0.483871 -0.445161 0.006389
-0.445157 -0.445157 0.006608
-0.406452 -0.445161 0.006591
-0.367742 -0.445161 0.006673
-0.329032 -0.445161 0.006744
-0.290323 -0.445161 0.006807
-0.251613 -0.445161 0.006860
-0.212903 -0.445161 0.006905
-0.174194 -0.445161 0.006942
-0.135484 -0.445161 0.006971
-0.096774 -0.445161 0.006993
-0.058065 -0.445161 0.007007
-0.019355 -0.445161 0.007015
0.019355 -0.445161 0.007015
0.058064 -0.445161 0.007007
0.096774 -0.445161 0.006993
0.135484 -0.445161 0.006971
0.174193 -0.445161 0.006942
0.212903 -0.445161 0.006905
0.251613 -0.445161 0.006860
0.290323 -0.445161 0.006807
0.329032 -0.445161 0.006744
0.367742 -0.445161 0.006673
0.406452 -0.445161 0.006591
0.445157 -0.445157 0.006608
0.483871 -0.445161 0.006389
0.522581 -0.445161 0.006264
0.561290 -0.445161 0.006114
0.600000 -0.445161 0.005929
-0.600000 -0.483871 0.005847
-0.561290 -0.483871 0.006025
-0.522581 -0.483871 0.006168
-0.483869 -0.483869 0.006374
-0.445161 -0.483871 0.006389
-0.406452 -0.483871 0.006478
-0.367742 -0.483871 0.006556
-0.329032 -0.483871 0.006625
-0.290322 -0.483871 0.006683
-0.251613 -0.483871 0.006735
-0.212903 -0.483871 0.006778
-0.174194 -0.483871 0.006813
-0.135484 -0.483871 0.006841
-0.096774 -0.483871 0.006862
-0.058065 -0.483871 0.006876
-0.019355 -0.483871 0.006883
0.019355 -0.483871 0.006883
0.058064 -0.483871 0.006876
0.096774 -0.483871 0.006862
0.135484 -0.483871 0.006841
0.174193 -0.483871 0.006813
0.212903 -0.483871 0.006778
0.251613 -0.483871 0.006735
0.290322 -0.483871 0.006683
0.329032 -0.483871 0.006625
0.367742 -0.483871 0.006556
0.406451 -0.483871 0.006478
0.445161 -0.483871 0.006389
0.483869 -0.483869 0.006374
0.522581 -0.483871 0.006168
0.561290 -0.483871 0.006025
0.600000 -0.483871 0.005847
-0.600000 -0.522580 0.005755
-0.561290 -0.522580 0.005923
-0.522581 -0.522581 0.006121
-0.483871 -0.522581 0.006168
-0.445161 -0.522581 0.006264
-0.406451 -0.522581 0.006347
-0.367742 -0.522581 0.006422
-0.329032 -0.522581 0.006487
-0.290323 -0.522581 0.006543
-0.251613 -0.522581 0.006591
-0.212903 -0.522581 0.006632
-0.174193 -0.522581 0.006664
-0.135484 -0.522581 0.006693
-0.096774 -0.522581 0.006713
-0.058065 -0.522581 0.006726
-0.019355 -0.522581 0.006732
0.019355 -0.522581 0.006732
0.058064 -0.522581 0.006726
0.096774 -0.522581 0.006713
0.135484 -0.522581 0.006693
0.174193 -0.522581 0.006664
0.212903 -0.522581 0.006632
0.251613 -0.522581 0.006591
0.290322 -0.522581 0.006543
0.329032 -0.522581 0.006487
0.367742 -0.522581 0.006422
0.406451 -0.522581 0.006347
0.445161 -0.522581 0.006264
0.483871 -0.522581 0.006168
0.522581 -0.522581 0.006121
0.561290 -0.522580 0.005923
0.600000 -0.522580 0.005755
-0.600000 -0.561290 0.005649
-0.561292 -0.561292 0.005845
-0.522580 -0.561290 0.005923
-0.483871 -0.561290 0.006025
-0.445161 -0.561290 0.006114
-0.406452 -0.561290 0.006193
-0.367742 -0.561290 0.006262
-0.329032 -0.561290 0.006323
-0.290323 -0.561290 0.006376
-0.251613 -0.561290 0.006422
-0.212903 -0.561290 0.006461
-0.174194 -0.561290 0.006493
-0.135484 -0.561290 0.006518
-0.096774 -0.561290 0.006537
-0.058065 -0.561290 0.006550
-0.019355 -0.561290 0.006556
0.019355 -0.561290 0.006556
0.058064 -0.561290 0.006550
0.096774 -0.561290 0.006537
0.135484 -0.561290 0.006518
0.174193 -0.561290 0.006493
0.212903 -0.561290 0.006461
0.251613 -0.561290 0.006422
0.290322 -0.561290 0.006376
0.329032 -0.561290 0.006323
0.367742 -0.561290 0.006262
0.406451 -0.561290 0.006193
0.445161 -0.561290 0.006114
0.483871 -0.561290 0.006025
0.522580 -0.561290 0.005923
0.561292 -0.561292 0.005845
0.600000 -0.561290 0.005649
-0.600002 -0.600002 0.005557
-0.561290 -0.600000 0.005649
-0.522580 -0.600000 0.005755
-0.483871 -0.600000 0.005847
-0.445161 -0.600000 0.005929
-0.406452 -0.600000 0.006002
-0.367742 -0.600000 0.006066
-0.329032 -0.600000 0.006123
-0.290323 -0.600000 0.006173
-0.251613 -0.600000 0.006216
-0.212903 -0.600000 0.006253
-0.174194 -0.600000 0.006283
-0.135484 -0.600000 0.006307
-0.096774 -0.600000 0.006325
-0.058065 -0.600000 0.006337
-0.019355 -0.600000 0.006343
0.019355 -0.600000 0.006343
0.058064 -0.600000 0.006337
0.096774 -0.600000 0.006325
0.135484 -0.600000 0.006307
0.174193 -0.600000 0.006283
0.212903 -0.600000 0.006253
0.251613 -0.600000 0.006216
0.290322 -0.600000 0.006173
0.329032 -0.600000 0.006123
0.367742 -0.600000 0.006066
0.406451 -0.600000 0.006002
0.445161 -0.600000 0.005929
0.483871 -0.600000 0.005847
0.522580 -0.600000 0.005755
0.561290 -0.600000 0.005649
0.600002 -0.600002 0.005557
Starting area: 1.4400004348448647, Final area: 1.4400004432502373
Computation time (s): 318.4826180000
