-9.991627e-01 -4.091277e-02 
-9.958334e-01 9.119163e-02 
-9.865588e-01 -1.634070e-01 
-9.769797e-01 2.133321e-01 
-9.617046e-01 -2.740881e-01 
-9.463545e-01 3.231303e-01 
-9.177553e-01 -3.971464e-01 
-9.023889e-01 2.238428e-02 
-8.958932e-01 4.442695e-01 
-8.800373e-01 -9.213117e-02 
-8.751142e-01 1.366507e-01 
-8.617666e-01 -5.073049e-01 
-8.504946e-01 -3.009971e-01 
-8.380120e-01 -1.938751e-01 
-8.357311e-01 3.422486e-01 
-8.327824e-01 5.536004e-01 
-8.285918e-01 2.372399e-01 
-7.950045e-01 2.156046e-02 
-7.934042e-01 -6.086952e-01 
-7.901410e-01 -4.057039e-01 
-7.730111e-01 4.462186e-01 
-7.531281e-01 -8.997282e-02 
-7.531178e-01 6.578857e-01 
-7.482530e-01 1.330134e-01 
-7.346677e-01 -2.921422e-01 
-7.297911e-01 -5.063674e-01 
-7.211113e-01 3.369553e-01 
-7.143468e-01 5.525308e-01 
-7.113507e-01 -7.028373e-01 
-6.932970e-01 -1.893066e-01 
-6.873360e-01 2.345115e-01 
-6.767549e-01 2.185684e-02 
-6.733513e-01 7.393227e-01 
-6.647143e-01 -4.022721e-01 
-6.638951e-01 -6.077692e-01 
-6.524356e-01 4.559245e-01 
-6.296028e-01 -7.769172e-01 
-6.211419e-01 -8.553660e-02 
-6.198378e-01 5.988668e-01 
-6.177472e-01 1.312556e-01 
-6.096105e-01 -2.953416e-01 
-6.031136e-01 3.481437e-01 
-6.002187e-01 -5.154838e-01 
-5.770088e-01 8.167379e-01 
-5.640841e-01 -6.555077e-01 
-5.573292e-01 -1.906347e-01 
-5.559915e-01 6.894608e-01 
-5.556121e-01 2.413922e-01 
-5.511281e-01 2.349724e-02 
-5.468285e-01 4.779029e-01 
-5.413655e-01 -4.107861e-01 
-5.356154e-01 -8.444621e-01 
-4.919731e-01 -7.510831e-01 
-4.907403e-01 -8.467411e-02 
-4.898430e-01 1.346937e-01 
-4.896427e-01 -5.393742e-01 
-4.893965e-01 5.814163e-01 
-4.869163e-01 3.603832e-01 
-4.850422e-01 -3.026921e-01 
-4.706846e-01 7.702328e-01 
-4.642686e-01 8.856945e-01 
-4.397823e-01 -8.981044e-01 
-4.313030e-01 -6.467104e-01 
-4.292943e-01 2.477856e-01 
-4.276773e-01 -1.945851e-01 
-4.250768e-01 2.541153e-02 
-4.243810e-01 -4.236689e-01 
-4.226109e-01 4.692696e-01 
-4.162585e-01 6.776466e-01 
-3.785793e-01 -7.710454e-01 
-3.646456e-01 -5.357132e-01 
-3.639513e-01 1.372774e-01 
-3.634790e-01 -8.515479e-02 
-3.631163e-01 -3.097750e-01 
-3.616319e-01 3.567731e-01 
-3.603313e-01 8.081418e-01 
-3.573796e-01 5.750841e-01 
-3.518820e-01 9.360444e-01 
-3.375070e-01 -9.413230e-01 
-3.101650e-01 -6.528601e-01 
-3.019337e-01 -1.974624e-01 
-3.009243e-01 2.464469e-01 
-3.008467e-01 -4.225276e-01 
-2.997111e-01 2.623176e-02 
-2.987212e-01 6.971493e-01 
-2.972769e-01 -8.493098e-01 
-2.959808e-01 4.654553e-01 
-2.511980e-01 8.226271e-01 
-2.435967e-01 9.698766e-01 
-2.425184e-01 -5.373978e-01 
-2.399949e-01 -7.504889e-01 
-2.386574e-01 -3.093269e-01 
-2.379738e-01 -8.542605e-02 
-2.368304e-01 1.366594e-01 
-2.365619e-01 5.806130e-01 
-2.346101e-01 3.553224e-01 
-2.274281e-01 -9.737949e-01 
-1.827741e-01 6.949964e-01 
-1.788108e-01 -6.440703e-01 
-1.778569e-01 -4.226921e-01 
-1.761644e-01 -1.966302e-01 
-1.737068e-01 2.616273e-02 
-1.735766e-01 -8.679645e-01 
-1.726378e-01 2.463324e-01 
-1.721039e-01 4.672382e-01 
-1.646761e-01 8.870228e-01 
-1.159399e-01 -5.330686e-01 
-1.150378e-01 9.933611e-01 
-1.146469e-01 -7.591717e-01 
-1.144622e-01 -3.085871e-01 
-1.144179e-01 7.822709e-01 
-1.136303e-01 5.778960e-01 
-1.125581e-01 -9.936452e-01 
-1.119597e-01 -8.452518e-02 
-1.095766e-01 1.372381e-01 
-1.080557e-01 3.572553e-01 
-5.407404e-02 -6.469137e-01 
-5.345818e-02 -8.795311e-01 
-5.304105e-02 -4.198073e-01 
-5.058089e-02 -1.954788e-01 
-4.909906e-02 6.755516e-01 
-4.727471e-02 2.721775e-02 
-4.538064e-02 4.675765e-01 
-4.506780e-02 2.486915e-01 
-4.381745e-02 8.871142e-01 
5.692799e-03 -9.999838e-01 
7.006387e-03 -7.630830e-01 
7.855555e-03 -5.325830e-01 
8.373363e-03 9.999649e-01 
1.059317e-02 -3.063831e-01 
1.417985e-02 -8.321137e-02 
1.594180e-02 7.767614e-01 
1.716016e-02 1.391078e-01 
1.955992e-02 5.713303e-01 
1.998387e-02 3.601061e-01 
6.632856e-02 -8.786380e-01 
6.852808e-02 -6.457821e-01 
7.093570e-02 -4.183183e-01 
7.353705e-02 8.851913e-01 
7.544150e-02 -1.938967e-01 
7.909149e-02 2.921266e-02 
8.215097e-02 2.507676e-01 
8.500624e-02 6.741803e-01 
8.666013e-02 4.692621e-01 
1.234542e-01 -9.923503e-01 
1.285459e-01 -7.571761e-01 
1.303840e-01 9.914636e-01 
1.313834e-01 -5.304544e-01 
1.356017e-01 -3.055571e-01 
1.402044e-01 -8.101912e-02 
1.439462e-01 1.414329e-01 
1.462401e-01 7.775267e-01 
1.485092e-01 3.612482e-01 
1.546609e-01 5.792849e-01 
1.860042e-01 -8.654212e-01 
1.928092e-01 -6.406983e-01 
1.943025e-01 8.788540e-01 
1.954287e-01 -4.186480e-01 
2.009436e-01 -1.915548e-01 
2.055857e-01 3.150544e-02 
2.099692e-01 2.533183e-01 
2.154533e-01 4.717239e-01 
2.222281e-01 6.936792e-01 
2.368966e-01 -9.715349e-01 
2.529815e-01 9.674711e-01 
2.535822e-01 -7.463225e-01 
2.574522e-01 -5.329550e-01 
2.592543e-01 -3.029372e-01 
2.663064e-01 -7.835100e-02 
2.705890e-01 1.439149e-01 
2.770975e-01 3.652865e-01 
2.815765e-01 5.835904e-01 
2.855538e-01 8.162544e-01 
3.082509e-01 -8.445260e-01 
3.172266e-01 -4.156377e-01 
3.238935e-01 -6.483535e-01 
3.266444e-01 -1.886572e-01 
3.323739e-01 3.524040e-02 
3.370115e-01 2.557473e-01 
3.441106e-01 4.786576e-01 
3.443381e-01 -9.388457e-01 
3.443694e-01 6.968421e-01 
3.580343e-01 9.337084e-01 
3.781176e-01 -5.287224e-01 
3.825652e-01 -3.003983e-01 
3.919278e-01 -7.315646e-02 
3.928531e-01 -7.664235e-01 
3.977092e-01 1.476307e-01 
4.036592e-01 3.668671e-01 
4.043669e-01 8.016117e-01 
4.102826e-01 5.949995e-01 
4.391144e-01 -4.147048e-01 
4.433929e-01 -6.392471e-01 
4.463804e-01 -8.948433e-01 
4.513791e-01 -1.812167e-01 
4.602351e-01 3.997660e-02 
4.635724e-01 8.860590e-01 
4.651377e-01 2.594036e-01 
4.683619e-01 4.768386e-01 
4.784201e-01 7.133851e-01 
5.016380e-01 -2.896910e-01 
5.019194e-01 -5.306285e-01 
5.057708e-01 -7.405816e-01 
5.185228e-01 -6.701318e-02 
5.250571e-01 1.513518e-01 
5.299311e-01 5.830638e-01 
5.331964e-01 3.702177e-01 
5.403518e-01 -8.414392e-01 
5.530645e-01 -3.987783e-01 
5.579412e-01 8.298805e-01 
5.764731e-01 -6.455417e-01 
5.786511e-01 -1.730426e-01 
5.868856e-01 6.820785e-01 
5.902487e-01 4.341405e-02 
5.935195e-01 2.634602e-01 
6.001349e-01 4.788250e-01 
6.101179e-01 -5.038308e-01 
6.218278e-01 -2.796942e-01 
6.360479e-01 -7.716496e-01 
6.465109e-01 7.629048e-01 
6.469110e-01 -6.321084e-02 
6.512570e-01 1.532747e-01 
6.643546e-01 3.754042e-01 
6.649016e-01 5.842646e-01 
6.734922e-01 -3.889227e-01 
6.741252e-01 -5.960901e-01 
7.104522e-01 -1.694838e-01 
7.171897e-01 -6.968780e-01 
7.200114e-01 2.671757e-01 
7.234172e-01 4.356490e-02 
7.296579e-01 6.838124e-01 
7.349838e-01 4.860030e-01 
7.380898e-01 -4.939720e-01 
7.413361e-01 -2.765938e-01 
7.731301e-01 1.534463e-01 
7.752744e-01 -6.449168e-02 
7.941064e-01 3.817991e-01 
7.967644e-01 -3.923627e-01 
7.989029e-01 -6.014600e-01 
8.042832e-01 5.942462e-01 
8.424964e-01 2.715297e-01 
8.472523e-01 -1.766170e-01 
8.532407e-01 -2.859195e-01 
8.601614e-01 4.286116e-02 
8.659833e-01 -5.000729e-01 
8.688993e-01 4.949889e-01 
8.855198e-01 1.551955e-01 
8.942265e-01 -6.787236e-02 
9.202660e-01 -3.912933e-01 
9.211671e-01 3.891673e-01 
9.598543e-01 2.804990e-01 
9.620660e-01 -2.728166e-01 
9.852537e-01 1.710999e-01 
9.862675e-01 -1.651558e-01 
9.981549e-01 6.071878e-02 
9.988773e-01 -4.737333e-02 
