224 240 231 
154 162 172 
114 93 101 
213 224 231 
129 139 147 
190 183 173 
171 162 153 
34 41 25 
25 41 30 
18 10 22 
153 162 144 
144 162 154 
228 239 226 
226 211 228 
245 249 238 
101 92 110 
150 140 159 
119 110 100 
100 110 92 
101 93 81 
81 92 101 
224 213 206 
154 172 163 
165 173 183 
161 171 153 
180 172 162 
162 171 180 
20 34 25 
22 10 14 
14 30 22 
25 30 14 
3 10 1 
3 14 10 
5 14 3 
21 16 9 
129 108 125 
125 139 129 
139 125 132 
132 125 111 
142 161 153 
124 133 142 
238 249 243 
243 234 238 
218 234 227 
236 221 227 
228 211 219 
233 226 239 
233 245 238 
239 245 233 
187 193 176 
211 193 203 
203 219 211 
208 219 203 
203 193 187 
187 194 203 
203 194 208 
167 176 184 
184 176 193 
169 178 160 
160 150 169 
159 177 169 
169 150 159 
177 185 195 
101 110 120 
120 114 101 
159 140 149 
168 149 158 
159 149 168 
168 177 159 
168 185 177 
167 158 148 
140 150 131 
114 120 131 
131 120 140 
122 114 131 
56 67 51 
41 34 51 
107 128 119 
119 100 107 
71 67 56 
73 81 93 
93 84 73 
92 81 74 
113 103 97 
220 213 231 
220 210 213 
197 183 190 
190 210 197 
200 206 213 
200 210 190 
213 210 200 
173 165 157 
157 147 139 
157 165 147 
171 161 179 
188 198 179 
170 178 188 
188 179 170 
170 179 161 
160 178 170 
188 178 196 
189 180 171 
171 179 189 
189 179 198 
199 180 189 
12 20 7 
29 35 19 
34 20 26 
26 19 35 
26 20 12 
12 19 26 
8 2 1 
1 10 8 
10 18 8 
31 17 24 
24 40 31 
15 21 9 
9 6 15 
15 6 17 
66 84 72 
54 73 66 
66 73 84 
32 18 22 
32 24 18 
40 24 32 
23 39 33 
16 21 28 
23 16 28 
28 39 23 
111 88 98 
111 125 106 
106 88 111 
106 125 108 
60 69 76 
88 78 76 
76 61 60 
76 78 61 
47 69 60 
47 33 39 
50 68 57 
69 47 57 
68 77 57 
57 77 69 
57 39 50 
57 47 39 
93 114 102 
102 84 93 
102 114 122 
96 75 82 
82 104 96 
72 84 94 
82 72 94 
94 104 82 
84 102 94 
141 150 160 
141 133 122 
122 131 141 
141 131 150 
151 142 133 
151 141 160 
133 141 151 
160 170 151 
161 142 151 
151 170 161 
124 142 135 
144 123 135 
153 144 135 
135 142 153 
134 144 154 
134 123 144 
199 189 207 
207 189 198 
224 206 216 
216 207 223 
216 206 199 
199 207 216 
205 198 188 
188 196 205 
252 243 249 
256 255 248 
234 243 242 
242 227 234 
236 227 242 
242 248 236 
243 252 242 
174 194 187 
181 194 174 
174 164 181 
164 174 155 
225 233 238 
238 234 225 
225 234 218 
156 176 167 
167 148 156 
204 195 212 
212 221 204 
218 227 212 
212 227 221 
201 195 185 
201 185 192 
218 212 201 
201 212 195 
178 169 186 
186 195 204 
186 169 177 
177 195 186 
204 196 186 
186 196 178 
158 149 138 
138 148 158 
119 128 138 
128 148 138 
175 168 158 
175 184 192 
192 185 175 
185 168 175 
175 158 167 
167 184 175 
56 51 43 
43 51 34 
34 26 43 
43 26 35 
67 71 83 
83 74 67 
83 100 92 
92 74 83 
59 51 67 
67 74 59 
41 51 59 
45 35 29 
29 37 45 
56 43 45 
45 43 35 
53 45 37 
62 70 53 
206 200 191 
172 180 191 
199 206 191 
191 180 199 
152 163 173 
173 157 152 
139 132 152 
152 157 139 
13 7 20 
13 20 25 
25 14 13 
13 14 5 
5 7 13 
17 6 4 
11 24 17 
17 4 11 
11 8 18 
18 24 11 
2 8 11 
11 4 2 
36 42 50 
36 28 21 
50 39 36 
39 28 36 
31 42 27 
21 15 27 
27 36 21 
42 36 27 
27 17 31 
27 15 17 
55 66 72 
40 32 49 
49 55 40 
54 66 49 
66 55 49 
22 30 38 
38 32 22 
54 49 38 
38 49 32 
60 61 44 
44 47 60 
33 47 44 
88 106 89 
89 78 88 
89 106 108 
85 76 69 
95 98 85 
85 98 88 
88 76 85 
85 77 95 
69 77 85 
116 104 124 
116 96 104 
124 135 116 
116 135 123 
75 96 87 
68 75 87 
87 77 68 
95 77 87 
115 102 122 
115 94 102 
104 94 115 
122 133 115 
124 104 115 
115 133 124 
143 134 154 
143 152 132 
154 163 143 
163 152 143 
121 132 111 
111 98 121 
121 143 132 
134 143 121 
240 224 232 
223 237 232 
224 216 232 
232 216 223 
240 232 246 
246 232 237 
254 242 252 
256 248 254 
248 242 254 
164 155 145 
118 113 126 
118 103 113 
117 107 99 
128 107 117 
211 226 217 
226 233 217 
233 225 217 
176 156 166 
187 176 166 
166 174 187 
166 156 146 
146 155 166 
166 155 174 
137 148 128 
137 156 148 
128 117 137 
146 156 137 
137 127 146 
137 117 127 
209 225 218 
218 201 209 
209 201 192 
209 217 225 
130 138 149 
130 120 110 
130 110 119 
119 138 130 
140 120 130 
130 149 140 
90 83 71 
99 107 90 
90 107 100 
100 83 90 
41 59 46 
54 38 46 
46 30 41 
46 38 30 
65 74 81 
65 59 74 
81 73 65 
65 73 54 
54 46 65 
65 46 59 
109 91 103 
103 118 109 
109 118 127 
127 117 109 
99 91 109 
109 117 99 
70 91 80 
80 90 71 
80 91 99 
99 90 80 
86 91 70 
86 70 62 
62 79 86 
103 91 86 
86 97 103 
86 79 97 
62 53 52 
52 53 37 
182 200 190 
182 191 200 
190 173 182 
173 163 182 
182 163 172 
172 191 182 
82 75 64 
64 72 82 
64 55 72 
96 116 105 
105 87 96 
105 116 123 
95 87 105 
112 98 95 
112 121 98 
95 105 112 
112 105 123 
123 134 112 
134 121 112 
250 246 237 
251 250 241 
241 250 237 
244 248 255 
236 248 244 
214 205 196 
204 221 214 
214 196 204 
223 207 215 
215 207 198 
198 205 215 
126 145 136 
136 118 126 
136 145 155 
127 118 136 
136 155 146 
146 127 136 
192 184 202 
202 209 192 
217 209 202 
202 184 193 
202 193 211 
211 217 202 
63 53 70 
70 80 63 
56 45 63 
45 53 63 
63 71 56 
63 80 71 
58 64 75 
58 75 68 
58 68 50 
50 42 58 
55 64 48 
40 55 48 
48 58 42 
64 58 48 
31 40 48 
48 42 31 
247 253 251 
251 241 247 
247 241 235 
235 244 247 
247 255 253 
247 244 255 
229 237 223 
229 241 237 
235 241 229 
223 215 229 
236 244 230 
230 244 235 
230 221 236 
230 214 221 
222 230 235 
214 230 222 
235 229 222 
222 229 215 
205 214 222 
222 215 205 
