1 
3 
5 
7 
9 
11 
13 
15 
20 
27 
34 
41 
52 
66 
79 
94 
110 
130 
151 
176 
201 
231 
261 
288 
338 
367 
416 
451 
483 
539 
594 
634 
698 
736 
798 
866 
933 
1003 
1041 
1111 
1184 
1256 
1331 
1406 
1482 
1559 
1636 
1713 
1790 
1867 
1944 
2021 
2135 
2212 
2289 
2366 
2443 
2520 
2597 
2673 
2748 
2822 
2891 
2934 
3005 
3076 
3138 
3182 
3246 
3286 
3339 
3384 
3418 
3477 
3513 
3571 
3603 
3644 
3690 
3721 
3772 
3800 
3837 
3868 
3895 
3918 
3940 
3962 
3982 
4001 
4018 
4033 
4043 
4054 
4063 
4069 
4077 
4083 
4085 
4087 
4089 
4091 
4093 
4095 
4096 
4094 
4092 
4090 
4088 
4086 
4084 
4080 
4072 
4067 
4060 
4050 
4040 
4028 
4014 
3997 
3979 
3960 
3938 
3915 
3889 
3853 
3825 
3794 
3747 
3718 
3665 
3632 
3591 
3541 
3495 
3448 
3385 
3341 
3280 
3216 
3148 
3078 
3021 
2968 
2896 
2823 
2750 
2674 
2598 
2521 
2444 
2367 
2290 
2213 
2136 
2058 
1945 
1868 
1791 
1714 
1637 
1560 
1483 
1407 
1332 
1261 
1203 
1147 
1075 
1004 
968 
899 
832 
796 
730 
674 
633 
576 
541 
499 
452 
422 
368 
339 
309 
263 
237 
209 
183 
159 
137 
117 
100 
84 
68 
57 
47 
36 
31 
22 
16 
14 
12 
10 
8 
6 
4 
2 
1 
