1 
2 
5 
7 
8 
11 
16 
24 
30 
42 
54 
70 
85 
102 
129 
147 
178 
211 
242 
268 
301 
337 
375 
413 
451 
481 
508 
546 
584 
622 
655 
683 
718 
753 
789 
809 
839 
867 
888 
913 
929 
945 
961 
975 
985 
996 
1003 
1010 
1015 
1017 
1019 
1021 
1023 
1024 
1022 
1020 
1018 
1016 
1014 
1009 
1002 
994 
986 
979 
967 
953 
932 
916 
892 
872 
840 
820 
788 
752 
716 
679 
641 
603 
565 
527 
489 
449 
411 
374 
336 
299 
264 
229 
210 
179 
159 
132 
114 
95 
77 
62 
48 
38 
28 
22 
15 
10 
9 
6 
4 
3 
1 
