778 750 803 
39 23 18 
209 216 177 
2003 2017 1990 
1237 1288 1263 
14 3 1 
14 18 3 
23 7 5 
5 18 23 
3 18 5 
22 8 10 
2048 2046 2035 
2014 2035 2031 
2031 2035 2046 
1977 2003 1990 
1994 2003 1977 
954 940 910 
1020 995 967 
995 939 967 
1091 1066 1037 
613 588 562 
718 689 743 
1289 1263 1314 
1314 1263 1288 
1237 1263 1209 
152 177 190 
190 177 216 
1477 1451 1425 
1399 1346 1373 
1373 1425 1399 
1399 1425 1451 
2048 2035 2036 
2036 2047 2048 
2044 2031 2046 
2011 2024 2032 
1867 1869 1899 
1843 1869 1828 
1828 1867 1829 
1869 1867 1828 
1765 1783 1742 
1741 1779 1765 
1960 1977 1990 
1946 1977 1960 
2021 2000 2015 
2015 2036 2021 
2021 2036 2035 
2021 2035 2014 
2014 2000 2021 
455 477 427 
467 468 438 
468 521 493 
553 559 592 
592 597 644 
559 597 592 
1676 1700 1652 
1652 1632 1676 
993 954 1021 
940 954 993 
778 803 832 
803 856 832 
886 856 910 
910 940 886 
886 832 856 
886 940 911 
911 940 956 
1022 991 956 
1019 991 1048 
1048 991 1022 
518 493 545 
545 493 521 
808 780 754 
673 699 648 
9 7 20 
20 7 23 
23 40 20 
66 98 82 
384 432 409 
1049 995 1020 
1241 1295 1266 
1239 1266 1293 
1672 1624 1647 
1575 1624 1602 
1602 1624 1648 
1648 1624 1672 
1347 1391 1332 
1332 1293 1347 
1499 1549 1524 
1290 1316 1343 
1394 1339 1369 
1370 1395 1421 
1343 1395 1370 
2014 2031 2008 
1419 1393 1366 
1037 981 1008 
1063 1091 1037 
1037 1008 1063 
1063 1008 1035 
765 711 737 
868 816 841 
842 816 868 
393 442 417 
418 442 393 
393 369 418 
347 369 393 
323 369 347 
633 583 607 
609 583 633 
557 583 609 
557 506 531 
531 583 557 
718 743 770 
770 743 796 
852 824 797 
852 904 879 
879 824 852 
661 634 609 
609 633 661 
661 633 685 
661 685 713 
609 634 584 
584 557 609 
713 742 688 
688 661 713 
634 661 688 
717 743 689 
717 688 742 
1015 1044 1071 
1117 1151 1176 
1090 1151 1117 
944 889 919 
970 917 944 
944 917 889 
949 924 979 
251 237 282 
251 216 209 
209 237 251 
292 251 282 
230 190 216 
16 4 6 
21 16 36 
21 2 4 
4 16 21 
42 22 29 
29 22 10 
56 35 34 
68 49 42 
76 49 68 
65 35 56 
152 190 168 
282 237 271 
438 468 424 
1858 1879 1838 
1400 1399 1451 
1373 1346 1345 
1240 1285 1214 
1238 1292 1240 
1628 1627 1674 
2005 1976 1989 
2024 2011 2002 
1990 2017 2002 
2017 2024 2002 
2032 2037 2018 
2018 2011 2032 
2037 2025 2018 
2018 2025 2005 
2005 1989 2018 
1721 1676 1701 
1700 1676 1721 
1681 1723 1701 
1664 1710 1681 
1681 1710 1723 
1701 1723 1744 
1744 1721 1701 
1783 1765 1806 
1843 1828 1806 
1806 1828 1783 
1719 1765 1742 
1741 1765 1719 
1623 1673 1646 
1812 1794 1771 
1834 1794 1812 
1948 1978 1965 
1965 1978 1994 
1994 1977 1965 
1965 1977 1946 
1871 1892 1853 
1853 1892 1877 
1892 1914 1877 
2015 2000 1988 
844 869 898 
898 872 844 
844 872 818 
405 455 427 
427 477 452 
516 559 553 
511 521 468 
468 467 511 
553 521 511 
511 516 553 
467 516 511 
644 597 645 
1195 1167 1139 
1195 1220 1248 
1197 1167 1222 
1248 1275 1222 
1222 1195 1248 
1167 1195 1222 
1107 1136 1080 
1190 1162 1137 
1137 1162 1109 
1298 1323 1352 
1269 1298 1244 
1323 1298 1269 
1191 1216 1246 
1244 1216 1189 
858 886 911 
832 886 858 
855 909 881 
881 909 935 
936 956 991 
911 956 936 
1022 956 994 
940 993 994 
994 956 940 
1074 1048 1022 
1140 1164 1128 
469 444 419 
469 493 518 
419 444 400 
480 504 527 
527 504 548 
623 673 648 
647 673 623 
647 623 595 
595 623 570 
494 469 518 
444 469 494 
573 521 553 
573 545 521 
726 754 699 
699 673 726 
608 659 628 
298 257 279 
372 327 356 
356 397 372 
137 124 103 
48 74 58 
70 57 85 
153 135 117 
117 85 102 
58 74 88 
136 172 153 
156 172 136 
153 117 136 
136 117 102 
225 245 203 
154 134 170 
82 98 116 
47 66 40 
47 23 39 
47 40 23 
435 409 459 
459 409 432 
386 409 435 
208 249 229 
361 336 384 
384 409 361 
361 386 338 
409 386 361 
1020 967 992 
919 889 866 
814 843 866 
1320 1266 1295 
1347 1293 1320 
1320 1293 1266 
1239 1227 1186 
1133 1158 1186 
1239 1293 1274 
1274 1227 1239 
1274 1332 1319 
1293 1332 1274 
1502 1449 1474 
1849 1840 1875 
1319 1332 1372 
1372 1391 1424 
1372 1332 1391 
1528 1553 1503 
1579 1553 1528 
1475 1450 1501 
1396 1391 1347 
1347 1320 1396 
1474 1448 1500 
1524 1550 1500 
1394 1450 1416 
1439 1396 1416 
1416 1475 1439 
1450 1475 1416 
1472 1499 1447 
1421 1395 1447 
1473 1448 1421 
1421 1447 1473 
1473 1447 1499 
1473 1499 1524 
1524 1500 1473 
1473 1500 1448 
1289 1316 1264 
1316 1290 1264 
1290 1234 1264 
978 996 1024 
970 944 998 
1052 1030 1085 
1085 1108 1052 
1052 998 1030 
1394 1369 1423 
1423 1450 1394 
1317 1290 1343 
1343 1370 1317 
1472 1447 1420 
1420 1447 1395 
1366 1393 1341 
1341 1316 1289 
1289 1314 1341 
1341 1314 1366 
2030 2008 2031 
2030 2044 2042 
2031 2044 2030 
1618 1642 1596 
1640 1614 1663 
1663 1687 1640 
1640 1687 1665 
953 1008 981 
1006 951 977 
1061 1035 1006 
1002 1029 1057 
898 869 923 
923 950 977 
923 951 898 
977 951 923 
816 842 790 
765 737 790 
790 763 816 
737 763 790 
869 842 896 
896 923 869 
950 923 896 
896 842 868 
417 442 464 
461 486 508 
508 482 461 
532 482 508 
301 323 347 
280 258 301 
278 323 301 
301 258 278 
174 156 138 
138 157 174 
800 826 853 
979 924 955 
955 924 900 
1090 1034 1065 
928 955 900 
982 955 928 
900 924 871 
616 643 591 
486 464 513 
685 633 660 
660 633 607 
738 711 765 
738 684 711 
1152 1177 1205 
797 770 823 
823 852 797 
823 770 796 
745 720 692 
745 770 797 
745 692 718 
718 770 745 
797 824 772 
772 745 797 
720 745 772 
747 720 772 
772 799 747 
824 799 772 
588 613 641 
1066 1093 1038 
1012 983 1038 
957 983 929 
929 901 957 
904 931 960 
958 983 1012 
929 983 958 
533 584 558 
557 584 533 
506 557 533 
769 717 742 
743 717 769 
796 743 769 
718 692 664 
692 638 664 
664 638 611 
664 689 718 
664 637 689 
611 637 664 
587 613 562 
587 638 613 
611 638 587 
558 584 610 
610 584 634 
662 717 689 
689 637 662 
688 717 662 
637 610 662 
634 688 662 
662 610 634 
611 587 561 
686 659 635 
635 608 586 
659 608 635 
520 495 472 
520 542 495 
372 397 420 
420 447 472 
420 397 447 
1493 1468 1443 
1443 1468 1417 
853 826 880 
1237 1209 1182 
1182 1209 1154 
1126 1156 1098 
1098 1071 1126 
1015 961 988 
988 1044 1015 
1126 1071 1099 
1099 1071 1044 
1154 1209 1179 
1004 949 979 
979 1034 1004 
919 949 974 
1030 998 974 
974 1004 1030 
949 1004 974 
974 944 919 
974 998 944 
1090 1117 1060 
1060 1034 1090 
1060 1004 1034 
1060 1117 1085 
1085 1030 1060 
1030 1004 1060 
60 77 50 
141 127 108 
50 77 67 
318 292 282 
295 250 275 
275 250 230 
444 494 470 
504 480 457 
25 16 6 
6 8 25 
8 22 25 
25 22 42 
42 49 25 
25 49 36 
36 16 25 
15 14 1 
1 2 15 
2 21 15 
17 34 35 
45 69 56 
56 34 45 
56 69 84 
84 65 56 
51 29 35 
35 65 51 
42 29 51 
51 65 81 
51 68 42 
81 68 51 
96 68 81 
76 68 96 
143 110 133 
133 168 143 
152 168 133 
143 168 181 
197 178 220 
438 424 394 
374 400 354 
419 400 374 
419 374 395 
395 374 349 
395 349 364 
364 394 395 
395 394 424 
427 452 402 
1603 1629 1653 
1629 1603 1582 
1557 1582 1532 
1664 1681 1637 
1769 1725 1747 
1747 1725 1703 
1700 1722 1675 
1675 1629 1652 
1652 1700 1675 
1653 1629 1675 
1702 1677 1653 
1653 1675 1702 
1702 1675 1722 
1066 1091 1119 
1150 1093 1119 
1119 1093 1066 
1728 1705 1750 
1771 1794 1750 
1680 1705 1728 
1251 1223 1276 
1437 1384 1410 
1878 1858 1836 
1753 1708 1730 
1797 1775 1753 
1817 1796 1838 
1837 1797 1817 
1292 1345 1294 
1285 1240 1294 
1294 1240 1292 
1346 1285 1294 
1294 1345 1346 
1452 1495 1427 
1427 1400 1452 
1452 1400 1451 
1580 1628 1617 
1743 1779 1741 
1741 1699 1743 
1699 1698 1743 
1649 1673 1623 
1623 1592 1649 
1649 1592 1617 
1495 1452 1498 
1477 1527 1498 
1498 1451 1477 
1498 1452 1451 
2005 2025 2023 
1986 2002 2011 
1971 1957 1986 
2011 2018 1999 
1999 2018 1989 
1999 1989 1971 
1971 1986 1999 
1999 1986 2011 
1959 1989 1976 
1976 1945 1959 
1971 1989 1959 
1959 1945 1927 
1829 1809 1788 
1788 1828 1829 
1783 1828 1788 
1814 1793 1768 
1768 1789 1814 
1787 1810 1767 
1767 1810 1789 
1767 1744 1787 
1721 1744 1767 
1808 1765 1779 
1808 1806 1765 
1843 1806 1808 
1686 1719 1673 
1673 1649 1686 
1686 1699 1741 
1741 1719 1686 
1696 1646 1673 
1673 1719 1696 
1696 1710 1664 
1664 1646 1696 
1742 1710 1696 
1696 1719 1742 
1513 1564 1539 
1513 1456 1482 
1835 1814 1855 
1793 1814 1835 
1932 1965 1946 
1948 1965 1932 
1932 1914 1948 
1946 1912 1932 
1929 1914 1892 
1948 1914 1929 
1888 1867 1899 
1888 1899 1923 
1892 1871 1908 
1908 1929 1892 
1942 1929 1908 
1923 1942 1908 
1908 1888 1923 
1871 1888 1908 
1896 1877 1914 
1896 1932 1912 
1914 1932 1896 
1855 1877 1896 
2029 2036 2015 
2029 2045 2047 
2047 2036 2029 
2015 1988 2007 
2007 2029 2015 
1974 1988 2000 
1961 1988 1974 
1991 2000 2014 
2014 2008 1991 
1991 1974 2000 
1962 1974 1991 
818 872 845 
845 793 818 
845 820 793 
845 872 899 
383 405 358 
945 918 971 
604 578 629 
629 655 604 
550 578 604 
523 578 550 
1220 1247 1273 
1248 1220 1273 
1166 1195 1139 
1220 1195 1166 
1054 1025 1080 
999 1025 1054 
1191 1246 1219 
1435 1409 1382 
1302 1275 1248 
1327 1355 1302 
1248 1273 1302 
1302 1273 1327 
1136 1107 1161 
1191 1136 1161 
1161 1216 1191 
1161 1189 1216 
1539 1560 1511 
1453 1482 1428 
1482 1456 1428 
964 1017 985 
985 930 964 
964 930 907 
881 935 907 
907 935 964 
873 907 930 
1083 1137 1109 
1215 1162 1190 
1215 1189 1162 
1215 1269 1244 
1244 1189 1215 
1323 1269 1297 
1270 1246 1216 
1270 1216 1244 
1244 1298 1270 
804 858 829 
804 749 778 
778 832 804 
832 858 804 
990 1017 964 
964 935 990 
965 991 1019 
965 936 991 
1019 990 965 
909 936 965 
965 935 909 
965 990 935 
883 858 911 
911 936 883 
829 858 883 
883 936 909 
883 855 829 
909 855 883 
1184 1140 1130 
1164 1140 1187 
1214 1164 1187 
1187 1240 1214 
1238 1240 1187 
1187 1184 1238 
1140 1184 1187 
493 469 443 
468 493 443 
443 424 468 
443 469 419 
419 395 443 
443 395 424 
570 623 598 
598 546 570 
598 623 648 
648 624 598 
496 546 522 
522 548 504 
544 595 570 
544 494 518 
715 749 775 
775 804 829 
749 804 775 
724 750 778 
778 749 724 
724 697 750 
647 595 621 
756 726 701 
701 726 673 
701 673 647 
342 367 387 
387 356 342 
397 356 387 
581 608 628 
581 547 532 
472 447 501 
447 482 501 
501 520 472 
547 520 501 
501 482 532 
532 547 501 
367 391 413 
413 387 367 
439 486 461 
461 413 439 
439 413 391 
439 464 486 
439 391 417 
417 464 439 
417 391 370 
370 393 417 
347 393 370 
238 279 257 
259 279 238 
235 280 259 
235 258 280 
307 356 327 
307 298 342 
342 356 307 
103 86 118 
118 137 103 
124 137 158 
158 151 124 
58 44 33 
33 48 58 
27 48 33 
72 57 44 
72 88 102 
102 85 72 
72 85 57 
72 44 58 
58 88 72 
138 156 120 
156 136 120 
102 88 120 
120 136 102 
98 66 78 
66 47 78 
228 249 208 
166 128 145 
148 128 166 
119 134 154 
138 120 104 
104 88 74 
104 120 88 
74 48 64 
28 20 40 
9 20 28 
28 11 9 
458 432 406 
406 432 384 
478 505 456 
509 460 484 
435 459 484 
484 460 435 
270 293 249 
249 228 270 
249 293 273 
273 229 249 
751 777 723 
805 777 751 
805 830 777 
1007 1024 1051 
978 1024 1007 
542 520 571 
571 520 547 
791 843 814 
716 739 686 
837 806 784 
837 784 814 
814 866 837 
837 866 889 
893 926 870 
893 870 833 
1103 1129 1157 
1183 1129 1133 
1133 1186 1183 
1183 1186 1227 
1183 1227 1211 
1211 1157 1183 
1183 1157 1129 
1133 1129 1096 
966 989 1018 
1018 992 966 
1212 1266 1239 
1239 1186 1212 
1212 1186 1158 
1241 1266 1212 
1672 1647 1691 
1573 1550 1524 
1573 1549 1599 
1524 1549 1573 
1624 1575 1601 
1575 1550 1601 
1601 1647 1624 
1550 1573 1601 
1501 1450 1476 
1450 1423 1476 
1449 1502 1476 
1476 1423 1449 
1501 1476 1526 
1526 1476 1502 
1525 1550 1575 
1525 1502 1474 
1474 1500 1525 
1525 1500 1550 
1922 1906 1940 
1863 1875 1840 
1840 1820 1863 
1863 1820 1844 
1265 1274 1319 
1211 1227 1265 
1227 1274 1265 
1424 1391 1426 
1426 1471 1424 
1391 1396 1426 
1426 1396 1439 
1697 1650 1694 
1694 1650 1671 
1727 1697 1694 
1651 1650 1697 
1671 1650 1625 
1602 1648 1625 
1625 1648 1671 
1600 1625 1650 
1439 1475 1478 
1528 1503 1478 
1478 1426 1439 
1478 1503 1471 
1471 1426 1478 
1474 1449 1422 
1422 1448 1474 
1315 1371 1342 
1397 1370 1421 
1397 1422 1371 
1421 1448 1397 
1448 1422 1397 
1367 1396 1320 
1367 1416 1396 
1394 1416 1367 
1367 1339 1394 
1295 1339 1367 
1367 1320 1295 
1523 1499 1472 
1472 1497 1523 
1523 1497 1548 
1549 1499 1523 
1144 1117 1176 
1085 1117 1144 
1144 1108 1085 
1144 1168 1108 
1023 996 970 
970 998 1023 
998 1052 1023 
1344 1317 1370 
1344 1371 1315 
1370 1397 1344 
1344 1397 1371 
1287 1344 1315 
1317 1344 1287 
1446 1420 1393 
1446 1419 1470 
1393 1419 1446 
1470 1497 1446 
1472 1420 1446 
1446 1497 1472 
1393 1420 1368 
1343 1316 1368 
1368 1395 1343 
1368 1420 1395 
1316 1341 1368 
1368 1341 1393 
1707 1730 1683 
1683 1730 1708 
1753 1775 1731 
1709 1684 1731 
1731 1708 1753 
1731 1684 1708 
1798 1775 1818 
1837 1859 1818 
1818 1797 1837 
1775 1797 1818 
1709 1731 1754 
1754 1731 1775 
1754 1775 1798 
1798 1776 1754 
1709 1754 1732 
1732 1754 1776 
2008 2030 2012 
1415 1388 1442 
1442 1388 1414 
1568 1519 1544 
1544 1519 1492 
1596 1642 1619 
1688 1665 1712 
1665 1687 1712 
1616 1640 1665 
1569 1618 1596 
1642 1618 1666 
1666 1689 1642 
1663 1614 1639 
1614 1591 1639 
1639 1591 1612 
1987 1972 2001 
899 953 927 
927 953 981 
981 957 927 
927 957 901 
951 1006 980 
980 1006 1035 
1035 1008 980 
1008 953 980 
1056 1029 1001 
945 971 1001 
1139 1167 1113 
1084 1057 1029 
1084 1029 1056 
1139 1113 1084 
1084 1113 1057 
789 841 816 
816 763 789 
789 763 736 
920 947 894 
868 841 894 
922 896 868 
868 894 922 
922 894 947 
950 896 922 
156 174 193 
193 172 156 
193 212 172 
233 212 193 
278 258 234 
825 800 853 
1121 1151 1090 
1090 1065 1121 
1121 1179 1151 
1154 1179 1121 
1039 982 1013 
1010 1065 1034 
1010 1034 979 
979 955 1010 
1010 955 982 
982 1039 1010 
1010 1039 1065 
1013 982 959 
982 928 959 
924 949 895 
895 871 924 
843 871 895 
895 949 919 
919 866 895 
895 866 843 
876 928 900 
876 822 851 
900 871 846 
846 876 900 
822 876 846 
851 822 798 
798 825 851 
566 514 538 
566 616 591 
744 719 771 
771 719 746 
746 798 771 
771 798 822 
486 513 536 
536 508 486 
489 464 442 
489 513 464 
539 513 489 
489 515 539 
586 536 563 
563 536 513 
563 513 539 
539 589 563 
466 442 418 
418 441 466 
466 489 442 
515 489 466 
540 566 591 
514 566 540 
565 589 539 
539 515 565 
565 540 591 
515 540 565 
792 738 765 
792 844 818 
712 660 684 
684 738 712 
685 660 712 
850 823 796 
665 641 613 
692 720 665 
665 638 692 
613 638 665 
693 720 747 
693 665 720 
641 665 693 
983 957 1011 
1066 1038 1011 
1011 1038 983 
1037 1066 1011 
1011 981 1037 
1011 957 981 
1014 960 984 
984 960 931 
984 958 1012 
931 958 984 
506 533 483 
458 506 483 
483 432 458 
483 459 432 
562 588 537 
534 561 509 
509 484 534 
585 610 637 
585 637 611 
611 561 585 
561 534 585 
558 610 585 
585 534 558 
535 587 562 
535 561 587 
509 561 535 
530 491 492 
492 491 445 
618 619 572 
433 373 396 
372 420 396 
348 373 330 
348 330 303 
303 304 348 
348 327 372 
348 304 327 
372 396 348 
348 396 373 
412 373 433 
451 420 472 
472 495 451 
433 396 451 
451 396 420 
495 471 451 
451 471 433 
492 471 517 
542 567 517 
495 542 517 
517 471 495 
1417 1468 1444 
1444 1468 1494 
1494 1469 1444 
1444 1469 1418 
1366 1314 1340 
1340 1314 1288 
1288 1313 1340 
1418 1469 1445 
1445 1469 1496 
1470 1419 1445 
1445 1496 1470 
1232 1283 1259 
1365 1340 1313 
1389 1443 1417 
1417 1364 1389 
1415 1443 1389 
961 932 905 
853 880 905 
1013 959 986 
986 959 932 
986 961 1015 
986 932 961 
826 799 854 
854 880 826 
854 824 879 
854 799 824 
1156 1182 1124 
1124 1098 1156 
1124 1182 1154 
1125 1099 1070 
1070 1099 1044 
934 988 961 
961 905 934 
934 905 880 
1236 1179 1209 
1236 1209 1263 
1236 1263 1289 
1289 1264 1236 
1151 1179 1207 
1176 1151 1207 
1207 1234 1176 
1179 1236 1207 
1207 1264 1234 
1207 1236 1264 
114 127 147 
147 127 161 
179 198 161 
141 179 161 
161 127 141 
183 147 161 
161 198 183 
95 108 127 
95 114 83 
127 114 95 
83 67 95 
77 108 95 
95 67 77 
251 292 254 
292 275 254 
216 251 254 
254 230 216 
254 275 230 
426 400 444 
444 470 426 
295 275 316 
316 275 292 
385 362 407 
354 400 382 
400 426 382 
407 362 382 
382 426 407 
430 457 480 
430 480 455 
430 405 383 
455 405 430 
496 522 479 
504 457 479 
479 522 504 
14 15 31 
39 18 31 
18 14 31 
35 29 12 
12 17 35 
12 29 10 
83 69 55 
69 45 55 
55 67 83 
34 17 24 
24 45 34 
81 65 97 
65 84 97 
144 129 164 
113 96 81 
129 96 113 
81 97 113 
199 181 227 
199 220 178 
227 246 199 
246 220 199 
207 168 190 
207 181 168 
190 230 207 
227 181 207 
207 250 227 
230 250 207 
364 349 326 
349 300 326 
325 300 349 
354 318 325 
325 318 282 
325 374 354 
349 374 325 
282 271 325 
271 300 325 
423 402 452 
423 452 475 
475 449 423 
423 449 398 
423 398 376 
376 402 423 
272 290 246 
272 246 227 
227 250 272 
272 315 290 
272 250 295 
295 315 272 
1631 1583 1604 
1605 1632 1652 
1582 1557 1605 
1652 1629 1605 
1629 1582 1605 
1539 1564 1588 
1588 1560 1539 
1613 1588 1564 
1637 1588 1613 
1613 1646 1664 
1664 1637 1613 
1791 1812 1771 
1678 1703 1725 
1724 1703 1677 
1677 1702 1724 
1747 1703 1724 
1724 1770 1747 
1746 1722 1768 
1746 1702 1722 
1746 1724 1702 
1770 1724 1746 
1768 1793 1746 
1793 1770 1746 
1150 1119 1175 
1148 1119 1091 
1201 1175 1148 
1148 1175 1119 
1089 1063 1035 
1089 1115 1145 
1089 1035 1061 
1061 1115 1089 
1145 1115 1171 
1334 1281 1308 
1490 1542 1516 
1465 1441 1413 
1490 1516 1465 
1331 1279 1305 
1307 1279 1331 
1706 1680 1728 
1748 1791 1771 
1725 1769 1748 
1769 1791 1748 
1657 1679 1705 
1657 1680 1634 
1705 1680 1657 
1657 1633 1679 
1250 1276 1223 
1250 1223 1197 
1197 1222 1250 
1250 1222 1275 
1538 1587 1562 
1561 1587 1538 
1561 1538 1512 
1512 1538 1488 
1460 1409 1435 
1897 1858 1878 
1879 1858 1897 
1834 1873 1856 
1878 1836 1856 
1773 1729 1751 
1751 1706 1728 
1729 1706 1751 
1773 1751 1795 
1816 1858 1838 
1816 1836 1858 
1838 1796 1816 
1816 1795 1836 
1816 1796 1773 
1773 1795 1816 
1753 1730 1774 
1796 1817 1774 
1774 1797 1753 
1774 1817 1797 
1839 1859 1880 
1798 1818 1839 
1839 1818 1859 
1838 1879 1857 
1857 1817 1838 
1837 1817 1857 
1876 1859 1837 
1837 1857 1876 
1880 1859 1895 
1895 1916 1880 
1859 1876 1895 
1895 1876 1911 
1852 1873 1834 
1834 1812 1852 
1941 1957 1971 
1927 1907 1941 
1941 1959 1927 
1971 1959 1941 
1627 1628 1578 
1628 1580 1578 
1578 1577 1627 
1617 1592 1554 
1554 1580 1617 
1592 1530 1554 
1554 1530 1504 
1661 1698 1699 
1617 1628 1661 
1661 1628 1674 
1674 1698 1661 
1661 1649 1617 
1699 1686 1661 
1661 1686 1649 
1536 1504 1495 
1536 1578 1580 
1580 1554 1536 
1536 1554 1504 
1997 1976 2005 
2005 2023 1997 
2028 2023 2041 
1990 2002 1973 
2002 1986 1973 
1973 1960 1990 
1973 1943 1960 
1973 1986 1957 
1957 1943 1973 
1878 1856 1894 
1894 1856 1873 
1723 1710 1749 
1749 1710 1742 
1742 1783 1749 
1783 1788 1749 
1787 1809 1830 
1830 1810 1787 
1830 1871 1853 
1853 1810 1830 
1833 1810 1853 
1855 1814 1833 
1789 1810 1833 
1833 1814 1789 
1833 1877 1855 
1853 1877 1833 
1745 1789 1768 
1745 1767 1789 
1768 1722 1745 
1745 1722 1700 
1700 1721 1745 
1721 1767 1745 
1564 1513 1541 
1541 1513 1482 
1504 1530 1479 
1453 1434 1479 
1960 1943 1928 
1928 1912 1946 
1946 1960 1928 
1925 1943 1957 
1957 1941 1925 
1925 1941 1907 
1813 1770 1793 
1793 1835 1813 
1792 1813 1832 
1770 1813 1792 
1792 1769 1747 
1747 1770 1792 
1874 1835 1855 
1855 1896 1874 
1874 1896 1912 
1963 1978 1948 
1948 1929 1963 
1963 1929 1942 
2045 2029 2034 
1979 1988 1961 
1979 2007 1988 
1944 1974 1962 
1944 1911 1930 
1930 1961 1944 
1961 1974 1944 
1880 1916 1898 
1898 1916 1935 
793 820 767 
767 742 713 
794 769 742 
742 767 794 
794 767 820 
380 405 427 
380 358 405 
427 402 380 
1053 1107 1080 
1080 1025 1053 
1026 1081 1053 
1053 1081 1107 
477 455 502 
502 480 527 
455 480 502 
675 624 648 
648 699 675 
867 894 841 
920 894 867 
705 733 760 
760 735 705 
787 735 760 
711 684 658 
529 505 478 
655 629 681 
705 735 681 
1301 1273 1247 
1326 1354 1301 
1301 1354 1327 
1327 1273 1301 
1192 1166 1138 
1192 1219 1247 
1192 1247 1220 
1220 1166 1192 
1080 1136 1110 
1110 1054 1080 
1082 1110 1138 
1054 1110 1082 
1027 971 999 
999 1054 1027 
1054 1082 1027 
1027 1001 971 
1056 1001 1027 
1027 1082 1056 
1272 1219 1246 
1247 1219 1272 
1326 1301 1272 
1272 1301 1247 
1303 1250 1275 
1276 1250 1303 
1107 1081 1135 
1135 1161 1107 
1189 1161 1135 
1135 1081 1109 
1109 1162 1135 
1162 1189 1135 
1534 1511 1560 
1484 1511 1534 
1352 1323 1377 
1458 1511 1484 
1406 1434 1453 
1406 1378 1348 
1453 1428 1406 
1428 1378 1406 
1427 1495 1463 
1495 1504 1463 
1504 1479 1463 
1463 1479 1434 
1374 1400 1427 
1346 1399 1360 
1399 1400 1360 
1400 1374 1360 
1360 1374 1335 
1214 1285 1256 
808 754 781 
781 726 756 
754 726 781 
881 907 848 
907 873 848 
952 985 1009 
930 985 952 
916 861 891 
946 891 921 
946 972 916 
916 891 946 
808 781 839 
1026 1053 997 
997 1053 1025 
1058 1083 1028 
1028 1000 972 
1323 1297 1350 
1350 1377 1323 
1403 1377 1350 
1350 1376 1403 
1269 1215 1243 
1243 1297 1269 
1243 1215 1190 
1325 1298 1352 
1325 1270 1298 
1352 1379 1325 
652 636 687 
1128 1074 1100 
1100 1140 1128 
1130 1140 1100 
1100 1076 1130 
651 625 677 
601 625 651 
651 626 601 
601 626 577 
548 522 574 
624 600 574 
574 600 548 
574 598 624 
546 598 574 
574 522 546 
519 470 494 
494 544 519 
519 544 570 
496 470 519 
519 546 496 
570 546 519 
696 749 715 
696 724 749 
644 645 696 
696 645 697 
697 724 696 
595 544 568 
568 621 595 
518 545 568 
568 544 518 
617 592 644 
617 636 573 
553 592 617 
617 573 553 
652 621 596 
596 636 652 
621 568 596 
596 568 545 
545 573 596 
573 636 596 
756 701 731 
447 397 434 
397 387 434 
434 482 447 
387 413 434 
461 482 434 
434 413 461 
608 581 560 
508 536 560 
532 508 560 
560 581 532 
586 608 560 
560 536 586 
346 391 367 
346 370 391 
171 135 153 
217 238 257 
257 218 217 
196 238 217 
155 118 135 
137 118 155 
135 171 155 
101 118 86 
101 86 70 
70 85 101 
85 117 101 
101 117 135 
135 118 101 
167 147 183 
225 203 186 
149 167 186 
184 201 164 
182 201 222 
164 201 182 
182 144 164 
162 144 182 
308 285 329 
222 201 244 
286 308 331 
332 287 309 
309 353 332 
331 353 309 
309 286 331 
288 311 267 
350 328 376 
376 398 350 
329 285 305 
305 350 329 
328 350 305 
46 21 36 
94 78 63 
63 80 94 
63 47 39 
63 78 47 
94 80 111 
111 128 94 
145 128 111 
94 128 112 
98 78 112 
112 78 94 
112 128 148 
247 268 226 
247 223 267 
267 311 289 
289 247 267 
268 247 289 
226 268 248 
248 205 226 
228 205 248 
248 270 228 
248 268 291 
291 270 248 
189 169 208 
208 229 189 
210 170 189 
189 229 210 
148 169 131 
131 112 148 
131 116 98 
98 112 131 
148 166 188 
188 169 148 
166 205 188 
208 169 188 
188 228 208 
188 205 228 
139 119 154 
134 119 100 
100 116 134 
82 116 100 
100 71 82 
38 48 27 
38 64 48 
52 28 40 
40 66 52 
52 66 82 
82 71 52 
343 319 365 
278 234 256 
256 212 233 
256 234 212 
369 323 345 
379 355 403 
481 456 505 
481 506 458 
531 506 481 
481 505 531 
429 406 381 
458 406 429 
429 481 458 
456 481 429 
507 484 459 
459 483 507 
507 483 533 
507 533 558 
558 534 507 
507 534 484 
410 386 435 
435 460 410 
410 460 436 
436 388 410 
338 386 363 
386 410 363 
363 410 388 
314 270 291 
293 270 314 
291 336 314 
336 361 314 
338 293 314 
314 361 338 
317 293 338 
317 273 293 
338 363 317 
210 229 252 
229 273 252 
913 939 884 
913 967 939 
966 992 938 
938 912 966 
885 912 938 
938 913 885 
938 992 967 
967 913 938 
963 1007 989 
963 926 978 
978 1007 963 
599 571 547 
599 581 628 
547 581 599 
784 730 761 
814 784 761 
761 791 814 
739 791 761 
784 806 753 
753 730 784 
649 599 628 
809 849 783 
833 870 809 
870 849 809 
752 809 783 
882 912 857 
857 885 831 
857 912 885 
768 791 739 
739 716 768 
768 716 744 
806 837 860 
917 893 860 
889 917 860 
860 837 889 
833 806 860 
860 893 833 
926 893 948 
948 996 978 
978 926 948 
948 893 917 
970 996 948 
948 917 970 
1075 1096 1129 
1075 1049 1020 
1103 1049 1075 
1075 1129 1103 
1020 992 1046 
1046 1075 1020 
1096 1075 1046 
992 1018 1046 
1078 1131 1106 
1106 1131 1158 
1106 1158 1133 
1133 1096 1106 
1036 1018 989 
1051 1078 1036 
1036 1007 1051 
989 1007 1036 
1785 1740 1762 
1848 1868 1823 
1823 1868 1844 
1647 1601 1622 
1622 1601 1573 
1622 1573 1599 
1599 1645 1622 
1551 1526 1502 
1551 1575 1602 
1551 1525 1575 
1502 1525 1551 
1714 1691 1740 
1672 1691 1714 
1763 1740 1785 
1763 1714 1740 
1734 1714 1763 
1956 1987 1975 
1972 1987 1956 
1939 1972 1956 
1848 1824 1864 
1864 1824 1847 
1875 1863 1903 
1720 1694 1671 
1727 1694 1720 
1720 1764 1727 
1615 1651 1626 
1650 1651 1615 
1615 1600 1650 
1517 1475 1501 
1528 1478 1517 
1517 1478 1475 
1574 1551 1602 
1526 1551 1574 
1602 1625 1574 
1625 1600 1574 
1449 1423 1398 
1398 1422 1449 
1398 1423 1369 
1371 1422 1398 
1369 1342 1398 
1398 1342 1371 
1548 1497 1522 
1470 1496 1522 
1522 1497 1470 
1599 1549 1572 
1549 1523 1572 
1572 1523 1548 
1204 1144 1176 
1168 1144 1204 
1176 1234 1204 
1079 1052 1108 
1079 1023 1052 
1638 1612 1590 
1709 1732 1685 
1663 1639 1685 
1711 1687 1663 
1663 1685 1711 
1711 1685 1732 
2016 2033 2026 
2013 2033 2016 
2027 2030 2042 
2027 2012 2030 
2042 2040 2027 
2027 2006 2012 
2040 2022 2027 
2022 2006 2027 
1962 1991 1980 
1980 1991 2008 
1981 1964 1992 
1992 2006 1981 
2012 2006 1992 
1964 1980 1992 
2008 2012 1992 
1992 1980 2008 
1962 1980 1949 
1949 1980 1964 
1935 1916 1949 
1949 1964 1935 
1917 1898 1935 
1881 1898 1917 
1951 1964 1981 
1937 1917 1951 
1935 1964 1951 
1951 1917 1935 
1492 1442 1466 
1414 1441 1466 
1466 1442 1414 
1492 1519 1467 
1467 1443 1415 
1493 1443 1467 
1467 1519 1493 
1415 1442 1467 
1467 1442 1492 
1521 1469 1494 
1496 1469 1521 
1642 1689 1667 
1643 1619 1667 
1667 1619 1642 
1713 1666 1688 
1689 1666 1713 
1641 1616 1665 
1641 1666 1618 
1641 1665 1688 
1688 1666 1641 
1614 1640 1593 
1640 1616 1593 
1593 1616 1568 
1568 1544 1593 
1494 1468 1520 
1520 1468 1493 
1618 1569 1594 
1594 1641 1618 
1616 1641 1594 
1568 1616 1594 
1662 1684 1709 
1709 1685 1662 
1662 1685 1639 
1662 1639 1612 
1612 1638 1662 
1662 1638 1684 
899 927 874 
874 845 899 
820 845 874 
874 927 901 
951 980 925 
899 872 925 
925 953 899 
925 980 953 
898 951 925 
925 872 898 
973 1001 1029 
973 947 920 
973 920 945 
945 1001 973 
973 1029 1002 
1002 947 973 
1142 1167 1197 
1142 1113 1167 
1111 1166 1139 
1139 1084 1111 
1111 1084 1056 
1138 1166 1111 
1056 1082 1111 
1111 1082 1138 
1061 1006 1033 
1033 1006 977 
1002 1057 1031 
851 825 878 
878 825 853 
853 905 878 
878 905 932 
800 825 773 
773 798 746 
825 798 773 
1094 1121 1065 
1065 1039 1094 
1154 1121 1094 
1094 1124 1154 
590 566 538 
616 566 590 
826 800 774 
747 799 774 
774 799 826 
746 719 694 
694 666 643 
719 666 694 
515 466 490 
490 540 515 
490 466 441 
514 540 490 
869 844 817 
844 792 817 
817 842 869 
817 792 765 
765 790 817 
817 790 842 
741 767 713 
793 767 741 
713 685 741 
685 712 741 
738 792 766 
766 712 738 
766 741 712 
766 792 818 
818 793 766 
793 741 766 
1120 1093 1150 
1150 1177 1120 
1177 1152 1120 
1152 1095 1120 
1069 1043 1014 
823 850 877 
852 823 877 
904 852 877 
877 931 904 
875 901 929 
641 693 667 
1014 984 1041 
1041 1069 1014 
1095 1069 1041 
1041 984 1012 
564 537 588 
564 590 538 
485 462 436 
436 460 485 
485 460 509 
509 535 485 
436 462 411 
365 388 411 
411 388 436 
437 462 487 
437 411 462 
344 297 320 
321 297 344 
463 437 487 
414 437 463 
510 535 562 
487 462 510 
462 485 510 
510 485 535 
562 537 510 
510 537 487 
491 530 541 
593 620 656 
567 620 593 
433 471 446 
446 412 433 
446 471 492 
415 412 446 
446 445 415 
492 445 446 
330 373 371 
373 412 371 
371 412 415 
1366 1340 1392 
1418 1445 1392 
1392 1365 1418 
1340 1365 1392 
1392 1419 1366 
1392 1445 1419 
1205 1232 1178 
1178 1152 1205 
1206 1232 1259 
1153 1178 1206 
1206 1178 1232 
1338 1365 1313 
1338 1312 1364 
1390 1444 1418 
1418 1365 1390 
1417 1444 1390 
1365 1338 1390 
1390 1364 1417 
1390 1338 1364 
1181 1156 1126 
1237 1182 1210 
1210 1182 1156 
1156 1181 1210 
1210 1181 1235 
1284 1312 1260 
1337 1389 1364 
1364 1312 1337 
1312 1284 1337 
1042 986 1015 
1015 1071 1042 
1071 1098 1042 
1013 986 1042 
1043 1070 1016 
1044 988 1016 
1016 1070 1044 
880 854 906 
906 934 880 
906 854 879 
99 84 69 
99 69 83 
83 114 99 
295 316 339 
339 316 362 
362 385 339 
339 315 295 
292 318 340 
340 316 292 
362 316 340 
340 382 362 
340 318 354 
354 382 340 
457 430 408 
408 430 383 
496 479 454 
454 470 496 
407 426 454 
454 426 470 
431 479 457 
457 408 431 
431 408 385 
431 385 407 
407 454 431 
431 454 479 
50 67 41 
67 55 41 
30 55 45 
45 24 30 
30 41 55 
130 113 97 
267 223 243 
243 288 267 
202 247 226 
223 247 202 
123 110 143 
123 90 110 
178 140 160 
160 199 178 
181 199 160 
143 181 160 
160 123 143 
140 123 160 
159 140 178 
159 179 141 
197 179 159 
159 178 197 
140 159 122 
141 108 122 
122 159 141 
312 290 337 
290 315 337 
337 358 312 
383 358 337 
1508 1557 1532 
1508 1455 1484 
1484 1534 1508 
1508 1534 1557 
1404 1379 1352 
1352 1377 1404 
1404 1430 1379 
1455 1430 1404 
1435 1382 1408 
1408 1382 1355 
1535 1559 1510 
1677 1703 1654 
1631 1604 1654 
1654 1678 1631 
1703 1678 1654 
1653 1677 1630 
1630 1603 1653 
1677 1654 1630 
1630 1654 1604 
1608 1588 1637 
1560 1588 1608 
1812 1791 1831 
1831 1852 1812 
1704 1678 1725 
1725 1748 1704 
1279 1307 1253 
1118 1148 1091 
1091 1063 1118 
1063 1089 1118 
1118 1089 1145 
1201 1148 1173 
1173 1118 1145 
1148 1118 1173 
1198 1223 1251 
1413 1386 1440 
1440 1465 1413 
1490 1465 1440 
1308 1281 1254 
1257 1232 1205 
1283 1232 1257 
1387 1441 1414 
1413 1441 1387 
1361 1334 1308 
1361 1386 1413 
1413 1387 1361 
1361 1387 1334 
1336 1283 1309 
1283 1257 1309 
1281 1334 1309 
1309 1257 1281 
1565 1542 1590 
1565 1516 1542 
1543 1516 1565 
1590 1612 1565 
1565 1591 1543 
1612 1591 1565 
1515 1542 1490 
1437 1488 1462 
1330 1305 1278 
1333 1361 1308 
1386 1361 1333 
1682 1729 1707 
1682 1706 1729 
1606 1583 1631 
1607 1586 1559 
1633 1657 1607 
1634 1586 1607 
1607 1657 1634 
1705 1679 1726 
1726 1748 1771 
1679 1704 1726 
1726 1704 1748 
1771 1750 1726 
1726 1750 1705 
1510 1559 1537 
1559 1586 1537 
1537 1586 1561 
1561 1512 1537 
1487 1460 1510 
1510 1537 1487 
1487 1537 1512 
1913 1897 1933 
1879 1897 1913 
1834 1856 1815 
1815 1856 1836 
1836 1795 1815 
1815 1794 1834 
1752 1774 1730 
1752 1730 1707 
1773 1796 1752 
1796 1774 1752 
1752 1729 1773 
1707 1729 1752 
1841 1799 1819 
1819 1799 1776 
1819 1776 1798 
1798 1839 1819 
1893 1857 1879 
1930 1911 1893 
1911 1876 1893 
1893 1876 1857 
1893 1913 1930 
1879 1913 1893 
1916 1895 1931 
1962 1949 1931 
1931 1949 1916 
1931 1944 1962 
1931 1895 1911 
1911 1944 1931 
1873 1852 1890 
1890 1907 1927 
1578 1536 1529 
1577 1578 1529 
1495 1498 1529 
1529 1536 1495 
1529 1527 1577 
1529 1498 1527 
1976 1997 1967 
1967 1945 1976 
1950 1934 1967 
1967 1934 1945 
2009 2023 2028 
2009 1997 2023 
2039 2023 2025 
2039 2041 2023 
2039 2025 2037 
1915 1897 1878 
1878 1894 1915 
1933 1897 1915 
1915 1894 1934 
1950 1933 1915 
1915 1934 1950 
1945 1934 1910 
1934 1894 1910 
1927 1945 1910 
1910 1894 1873 
1910 1890 1927 
1873 1890 1910 
1723 1749 1766 
1766 1749 1788 
1766 1788 1809 
1766 1744 1723 
1766 1809 1787 
1787 1744 1766 
1850 1809 1829 
1850 1830 1809 
1829 1867 1850 
1867 1888 1850 
1850 1888 1871 
1871 1830 1850 
1505 1541 1482 
1505 1482 1453 
1453 1479 1505 
1505 1479 1530 
1595 1613 1564 
1564 1541 1595 
1623 1646 1595 
1646 1613 1595 
1566 1530 1592 
1566 1595 1541 
1566 1505 1530 
1541 1505 1566 
1566 1592 1623 
1623 1595 1566 
1909 1928 1943 
1943 1925 1909 
1811 1832 1851 
1811 1792 1832 
1769 1792 1811 
1811 1791 1769 
1851 1831 1811 
1811 1831 1791 
1835 1874 1854 
1832 1813 1854 
1854 1813 1835 
2028 2041 2043 
2043 2034 2028 
2045 2034 2043 
1947 1979 1961 
1947 1913 1933 
1947 1961 1930 
1930 1913 1947 
1880 1898 1860 
1841 1819 1860 
1881 1841 1860 
1860 1898 1881 
1860 1839 1880 
1860 1819 1839 
376 328 352 
352 402 376 
352 380 402 
477 502 526 
577 551 526 
500 452 477 
475 452 500 
477 526 500 
500 526 551 
497 449 475 
603 629 578 
679 626 651 
602 551 577 
577 626 602 
699 754 727 
727 675 699 
702 675 727 
727 754 780 
861 834 807 
887 861 916 
887 834 861 
655 681 707 
707 681 735 
892 918 945 
867 840 892 
892 865 918 
840 865 892 
945 920 892 
920 867 892 
815 840 867 
841 789 815 
815 867 841 
787 840 815 
604 655 630 
503 529 478 
503 453 476 
478 453 503 
531 505 556 
505 529 556 
529 582 556 
556 583 531 
607 583 556 
556 582 607 
351 308 329 
331 308 351 
398 449 421 
476 450 499 
525 554 499 
1138 1110 1163 
1163 1192 1138 
1219 1192 1163 
1191 1219 1163 
1163 1136 1191 
1163 1110 1136 
1328 1303 1275 
1355 1382 1328 
1275 1302 1328 
1328 1302 1355 
1409 1383 1356 
1356 1382 1409 
1356 1328 1382 
1303 1328 1356 
1584 1534 1560 
1584 1608 1632 
1560 1608 1584 
1632 1605 1584 
1584 1605 1557 
1557 1534 1584 
1403 1376 1429 
1429 1458 1403 
1402 1428 1456 
1456 1429 1402 
1402 1429 1376 
1402 1376 1351 
1351 1378 1402 
1402 1378 1428 
1351 1376 1322 
1322 1350 1297 
1376 1350 1322 
1511 1458 1486 
1456 1513 1486 
1486 1429 1456 
1458 1429 1486 
1486 1513 1539 
1539 1511 1486 
1375 1406 1348 
1434 1406 1375 
1318 1285 1346 
1346 1360 1318 
1318 1360 1335 
1318 1256 1285 
1321 1378 1351 
1348 1378 1321 
1112 1083 1058 
1137 1083 1112 
1165 1112 1141 
1190 1137 1165 
1137 1112 1165 
1087 1112 1058 
1141 1112 1087 
829 855 801 
801 775 829 
756 731 788 
788 731 764 
976 952 1009 
921 952 976 
976 946 921 
897 873 930 
930 952 897 
897 952 921 
897 839 873 
835 780 808 
835 807 780 
835 891 861 
861 807 835 
921 891 864 
864 897 921 
839 897 864 
808 839 864 
864 835 808 
891 835 864 
1026 997 968 
968 1000 1026 
969 1025 999 
969 997 1025 
972 946 1003 
1003 1028 972 
1058 1028 1003 
946 976 1003 
1000 1028 1055 
1109 1081 1055 
1055 1083 1109 
1055 1028 1083 
1055 1081 1026 
1026 1000 1055 
1194 1165 1141 
1353 1325 1379 
1246 1270 1300 
1270 1325 1300 
1325 1353 1300 
1300 1272 1246 
1326 1272 1300 
1300 1353 1326 
740 801 764 
775 801 740 
715 775 740 
740 687 715 
1047 1100 1074 
1022 994 1047 
1047 1074 1022 
1047 994 993 
1047 993 1021 
1021 1076 1047 
1076 1100 1047 
624 675 650 
650 600 624 
650 675 702 
625 600 650 
702 677 650 
650 677 625 
575 600 625 
625 601 575 
527 548 575 
548 600 575 
552 502 527 
527 575 552 
552 575 601 
552 601 577 
577 526 552 
552 526 502 
669 617 644 
644 696 669 
669 696 715 
715 687 669 
669 687 636 
636 617 669 
676 731 701 
676 701 647 
647 621 676 
676 621 652 
652 687 708 
708 676 652 
731 676 708 
764 731 708 
708 740 764 
687 740 708 
322 346 367 
298 279 322 
342 298 322 
322 367 342 
370 346 324 
347 370 324 
324 301 347 
280 301 324 
212 234 192 
172 212 192 
153 172 192 
192 171 153 
176 151 187 
187 218 176 
187 217 218 
196 217 187 
187 158 196 
151 158 187 
327 304 281 
281 307 327 
269 257 298 
298 307 269 
269 218 257 
269 240 218 
307 281 269 
269 281 240 
176 218 206 
218 240 206 
137 155 175 
196 158 175 
175 158 137 
204 186 167 
204 167 183 
204 242 225 
225 186 204 
200 182 222 
222 243 200 
200 243 223 
162 182 200 
422 450 401 
224 244 201 
224 203 245 
224 184 203 
201 184 224 
287 244 265 
265 309 287 
286 309 265 
245 286 265 
265 224 245 
244 224 265 
285 308 264 
308 286 264 
264 286 245 
264 245 225 
225 242 264 
242 285 264 
311 288 334 
357 311 334 
334 379 357 
355 379 334 
310 287 332 
310 334 288 
332 355 310 
355 334 310 
261 285 242 
261 305 285 
219 179 197 
219 198 179 
263 220 246 
246 290 263 
263 290 312 
61 46 36 
61 49 76 
36 49 61 
37 15 21 
21 46 37 
37 31 15 
46 62 37 
76 96 109 
109 96 129 
129 144 109 
291 268 313 
268 289 313 
313 336 291 
150 131 169 
169 189 150 
134 116 150 
116 131 150 
150 170 134 
150 189 170 
119 139 106 
87 100 119 
87 106 79 
119 106 87 
79 59 87 
71 100 87 
87 59 71 
19 38 27 
13 32 19 
32 38 19 
54 59 79 
79 64 54 
64 38 54 
54 38 32 
32 59 54 
43 59 32 
28 52 43 
43 52 71 
71 59 43 
320 343 366 
366 344 320 
319 343 296 
296 343 320 
154 170 191 
191 170 210 
195 174 157 
278 256 299 
321 345 299 
299 323 278 
299 345 323 
277 297 321 
321 299 277 
277 299 256 
277 256 233 
369 345 392 
392 441 418 
418 369 392 
478 456 428 
428 453 478 
403 453 428 
428 379 403 
341 317 363 
341 363 388 
365 319 341 
341 388 365 
253 211 231 
211 191 231 
210 252 231 
231 191 210 
830 805 859 
884 830 859 
859 913 884 
885 913 859 
831 885 859 
859 805 831 
619 618 670 
670 671 619 
937 963 989 
937 912 882 
937 989 966 
966 912 937 
926 963 908 
882 849 908 
908 937 882 
963 937 908 
870 926 908 
908 849 870 
709 761 730 
709 659 686 
686 739 709 
739 761 709 
678 649 628 
628 659 678 
659 709 678 
678 709 730 
571 599 622 
599 649 622 
725 753 779 
779 752 725 
809 752 779 
833 809 779 
779 806 833 
779 753 806 
672 622 649 
656 620 674 
783 849 828 
828 758 783 
828 849 882 
882 857 828 
758 828 802 
802 857 831 
802 828 857 
819 846 871 
819 871 843 
843 791 819 
791 768 819 
1064 1106 1096 
1096 1046 1064 
1064 1046 1018 
1018 1036 1064 
1078 1106 1064 
1064 1036 1078 
1740 1691 1718 
1718 1762 1740 
1778 1823 1800 
1800 1762 1778 
1844 1820 1800 
1800 1823 1844 
1800 1820 1785 
1785 1762 1800 
1807 1763 1785 
1785 1820 1807 
1807 1820 1840 
1849 1827 1807 
1807 1840 1849 
1734 1763 1786 
1763 1807 1786 
1827 1790 1786 
1786 1807 1827 
1803 1823 1778 
1848 1823 1803 
1803 1824 1848 
1847 1824 1805 
1952 1956 1975 
1926 1956 1952 
1975 1958 1952 
1885 1864 1847 
1887 1868 1848 
1848 1864 1887 
1906 1868 1887 
1886 1903 1863 
1886 1868 1906 
1886 1906 1922 
1922 1903 1886 
1844 1868 1886 
1886 1863 1844 
1695 1720 1671 
1734 1720 1695 
1695 1648 1672 
1671 1648 1695 
1672 1714 1695 
1695 1714 1734 
1626 1579 1576 
1576 1615 1626 
1576 1579 1528 
1528 1517 1576 
1600 1615 1576 
1548 1522 1571 
1261 1204 1234 
1261 1234 1290 
1290 1317 1261 
1317 1287 1261 
1168 1204 1230 
1230 1261 1287 
1204 1261 1230 
1315 1342 1282 
1241 1212 1185 
1131 1159 1185 
1185 1212 1158 
1158 1131 1185 
1051 1024 1077 
1108 1168 1134 
1134 1079 1108 
1611 1638 1590 
1611 1589 1636 
1708 1684 1660 
1684 1638 1660 
1660 1683 1708 
1638 1611 1660 
1636 1683 1660 
1660 1611 1636 
1756 1799 1777 
1776 1799 1756 
1756 1732 1776 
1756 1711 1732 
1733 1712 1687 
1687 1711 1733 
1711 1756 1733 
1733 1757 1712 
1777 1757 1733 
1733 1756 1777 
1969 1951 1981 
1937 1951 1969 
2013 2022 2038 
2038 2033 2013 
2038 2022 2040 
1995 1984 2013 
2013 2016 1995 
1968 1984 1995 
2013 1984 1998 
1998 2022 2013 
1998 2006 2022 
1984 1969 1998 
1981 2006 1998 
1998 1969 1981 
2001 1972 1985 
1985 2010 2001 
1953 1970 1938 
1492 1466 1518 
1518 1544 1492 
1491 1516 1543 
1543 1518 1491 
1491 1518 1466 
1491 1466 1441 
1441 1465 1491 
1491 1465 1516 
1546 1569 1596 
1546 1521 1494 
1494 1520 1546 
1546 1520 1569 
1643 1667 1692 
1737 1713 1759 
1689 1713 1737 
1759 1713 1735 
1712 1757 1735 
1688 1712 1735 
1735 1713 1688 
1567 1593 1544 
1544 1518 1567 
1567 1591 1614 
1614 1593 1567 
1543 1591 1567 
1567 1518 1543 
1569 1520 1545 
1568 1594 1545 
1545 1594 1569 
1545 1520 1493 
1545 1519 1568 
1493 1519 1545 
847 794 820 
820 874 847 
847 874 901 
901 875 847 
1197 1223 1169 
1169 1142 1197 
1223 1198 1169 
1088 1115 1061 
1061 1033 1088 
1088 1033 1059 
1005 1031 1059 
977 950 1005 
1005 1033 977 
1059 1033 1005 
1002 1031 975 
975 947 1002 
975 922 947 
950 922 975 
975 1005 950 
1031 1005 975 
1059 1031 1086 
1113 1142 1086 
1057 1113 1086 
1086 1031 1057 
932 959 903 
903 878 932 
851 878 903 
903 959 928 
903 876 851 
928 876 903 
1124 1094 1068 
1013 1042 1068 
1068 1039 1013 
1068 1094 1039 
1098 1124 1068 
1068 1042 1098 
748 774 800 
800 773 748 
695 748 722 
722 748 773 
722 773 746 
746 694 722 
666 640 615 
615 565 591 
589 565 615 
615 640 589 
591 643 615 
643 666 615 
744 716 690 
690 640 666 
690 719 744 
690 666 719 
612 563 589 
589 640 612 
612 635 586 
586 563 612 
1093 1120 1067 
1012 1038 1067 
1067 1038 1093 
1067 1041 1012 
1067 1120 1095 
1095 1041 1067 
1043 1069 1097 
1097 1070 1043 
1097 1153 1125 
1125 1070 1097 
902 877 850 
929 958 902 
902 958 931 
931 877 902 
902 875 929 
850 875 902 
642 667 695 
616 590 642 
695 667 721 
721 748 695 
774 748 721 
747 774 721 
721 693 747 
721 667 693 
590 564 614 
614 642 590 
667 642 614 
641 667 614 
588 641 614 
614 564 588 
512 564 538 
537 564 512 
487 537 512 
512 463 487 
569 541 530 
569 618 572 
572 541 569 
543 530 492 
492 517 543 
543 569 530 
593 569 543 
543 517 567 
567 593 543 
1126 1099 1155 
1155 1181 1126 
1155 1099 1125 
1237 1210 1262 
1262 1288 1237 
1262 1313 1288 
1262 1210 1235 
1310 1337 1284 
1310 1284 1259 
1310 1283 1336 
1259 1283 1310 
1415 1389 1363 
1389 1337 1363 
1363 1388 1415 
1337 1310 1363 
1336 1388 1363 
1363 1310 1336 
1043 1016 987 
987 960 1014 
1014 1043 987 
962 1016 988 
988 934 962 
934 906 962 
962 987 1016 
84 99 115 
149 130 115 
115 97 84 
115 130 97 
315 339 360 
383 337 360 
360 337 315 
360 408 383 
360 339 385 
385 408 360 
165 130 149 
203 184 165 
165 186 203 
149 186 165 
288 243 266 
287 310 266 
266 310 288 
266 244 287 
222 244 266 
266 243 222 
185 205 166 
185 166 145 
226 205 185 
185 202 226 
73 90 105 
90 123 105 
105 123 140 
140 122 105 
1431 1404 1377 
1431 1458 1484 
1484 1455 1431 
1455 1404 1431 
1431 1377 1403 
1403 1458 1431 
1583 1606 1558 
1480 1506 1531 
1656 1608 1637 
1656 1681 1701 
1656 1637 1681 
1632 1608 1656 
1701 1676 1656 
1656 1676 1632 
1852 1831 1870 
1907 1890 1870 
1870 1890 1852 
1870 1831 1851 
1678 1704 1655 
1633 1606 1655 
1679 1633 1655 
1655 1704 1679 
1631 1678 1655 
1655 1606 1631 
1145 1171 1200 
1200 1173 1145 
1412 1440 1386 
1228 1175 1201 
1201 1253 1228 
1231 1254 1281 
1231 1257 1205 
1281 1257 1231 
1205 1177 1231 
1336 1309 1362 
1362 1387 1414 
1334 1387 1362 
1362 1309 1334 
1362 1388 1336 
1414 1388 1362 
1542 1515 1563 
1589 1611 1563 
1590 1542 1563 
1563 1611 1590 
1562 1589 1540 
1540 1515 1489 
1589 1563 1540 
1540 1563 1515 
1489 1462 1514 
1514 1538 1562 
1488 1538 1514 
1514 1462 1488 
1562 1540 1514 
1514 1540 1489 
1411 1384 1437 
1437 1462 1411 
1329 1356 1383 
1276 1303 1329 
1303 1356 1329 
1357 1383 1410 
1357 1410 1384 
1384 1330 1357 
1357 1329 1383 
1307 1333 1280 
1254 1228 1280 
1308 1254 1280 
1280 1333 1308 
1280 1253 1307 
1280 1228 1253 
1636 1589 1610 
1562 1587 1610 
1610 1589 1562 
1659 1682 1707 
1659 1683 1636 
1707 1683 1659 
1636 1610 1659 
1609 1587 1561 
1609 1586 1634 
1561 1586 1609 
1680 1706 1658 
1706 1682 1658 
1634 1680 1658 
1658 1609 1634 
1585 1606 1633 
1585 1607 1559 
1633 1607 1585 
1559 1535 1585 
1535 1558 1585 
1585 1558 1606 
1437 1410 1461 
1461 1487 1512 
1461 1488 1437 
1461 1512 1488 
1460 1487 1436 
1410 1383 1436 
1436 1461 1410 
1487 1461 1436 
1409 1460 1436 
1436 1383 1409 
1794 1815 1772 
1772 1815 1795 
1772 1795 1751 
1772 1751 1728 
1728 1750 1772 
1772 1750 1794 
2028 2034 2019 
2019 2009 2028 
2029 2007 2019 
2019 2034 2029 
1983 1967 1997 
1997 2009 1983 
1950 1967 1983 
1889 1909 1925 
1889 1870 1851 
1889 1925 1907 
1907 1870 1889 
1832 1854 1872 
1909 1889 1872 
1851 1832 1872 
1872 1889 1851 
1891 1854 1874 
1928 1909 1891 
1909 1872 1891 
1891 1872 1854 
1912 1928 1891 
1891 1874 1912 
1979 1947 1966 
1950 1983 1966 
1966 1933 1950 
1966 1947 1933 
284 263 312 
524 500 551 
475 500 524 
524 497 475 
629 603 654 
705 681 654 
654 681 629 
704 679 732 
627 654 603 
626 679 653 
653 602 626 
653 679 704 
653 627 602 
780 807 755 
755 727 780 
702 727 755 
862 887 914 
834 887 862 
786 760 733 
914 887 942 
942 968 914 
1000 968 942 
942 887 916 
916 972 942 
972 1000 942 
762 735 787 
762 707 735 
736 707 762 
787 815 762 
762 789 736 
762 815 789 
525 550 579 
579 554 525 
579 550 604 
605 554 579 
604 630 579 
579 630 605 
655 707 682 
682 630 655 
682 707 736 
631 605 657 
605 630 657 
630 682 657 
607 582 632 
632 658 684 
632 660 607 
684 660 632 
555 582 529 
529 503 555 
377 353 331 
331 351 377 
377 351 399 
377 401 353 
377 399 422 
422 401 377 
375 350 398 
399 351 375 
329 350 375 
375 351 329 
398 421 375 
375 421 399 
473 421 449 
473 497 523 
449 497 473 
1351 1322 1296 
1296 1321 1351 
1271 1321 1296 
1335 1374 1349 
764 801 827 
827 788 764 
848 788 827 
881 848 827 
827 855 881 
827 801 855 
813 781 756 
756 788 813 
813 839 781 
813 788 848 
813 848 873 
873 839 813 
1032 1087 1058 
1058 1003 1032 
1032 1003 976 
1032 976 1009 
302 324 346 
302 279 259 
259 280 302 
280 324 302 
302 322 279 
346 322 302 
171 192 214 
214 192 234 
258 235 214 
214 234 258 
240 281 236 
236 206 240 
196 175 215 
215 238 196 
259 238 215 
215 235 259 
162 200 180 
180 142 162 
223 202 180 
180 200 223 
425 401 450 
425 453 403 
425 450 476 
476 453 425 
403 355 378 
378 425 403 
401 425 378 
353 401 378 
332 353 378 
378 355 332 
198 219 241 
241 219 260 
328 305 283 
305 261 283 
283 241 260 
261 241 283 
242 204 221 
221 261 242 
221 241 261 
221 204 183 
183 198 221 
198 241 221 
260 219 239 
239 284 260 
263 284 239 
220 263 239 
197 220 239 
239 219 197 
92 61 76 
76 109 92 
53 62 80 
80 63 53 
31 37 53 
53 37 62 
39 31 53 
53 63 39 
80 62 93 
93 111 80 
107 142 126 
126 93 107 
111 93 126 
145 111 126 
125 142 107 
107 92 125 
125 92 109 
125 109 144 
125 144 162 
162 142 125 
336 313 359 
384 336 359 
359 406 384 
381 406 359 
335 289 311 
335 313 289 
335 311 357 
335 359 313 
357 381 335 
381 359 335 
91 64 79 
79 106 91 
91 104 74 
74 64 91 
11 28 26 
28 43 26 
13 11 26 
26 32 13 
26 43 32 
389 437 414 
414 366 389 
411 437 389 
389 366 343 
389 343 365 
365 411 389 
173 139 154 
154 191 173 
173 191 211 
157 139 173 
173 195 157 
211 195 173 
174 195 213 
233 193 213 
213 193 174 
368 392 345 
368 345 321 
321 344 368 
456 429 404 
404 428 456 
404 429 381 
379 428 404 
404 381 357 
357 379 404 
317 341 294 
273 317 294 
294 252 273 
294 341 319 
639 670 618 
639 593 656 
618 569 639 
639 569 593 
776 802 831 
776 805 751 
831 805 776 
758 802 734 
802 776 734 
730 753 700 
700 678 730 
700 753 725 
649 678 700 
725 672 700 
700 672 649 
571 622 594 
542 571 594 
594 567 542 
594 620 567 
783 758 728 
728 752 783 
846 819 795 
744 771 795 
795 768 744 
795 819 768 
822 846 795 
795 771 822 
1669 1718 1691 
1669 1622 1645 
1669 1691 1647 
1647 1622 1669 
1778 1762 1738 
1762 1718 1738 
1598 1572 1548 
1548 1571 1598 
1755 1786 1790 
1734 1786 1755 
1790 1764 1755 
1755 1720 1734 
1764 1720 1755 
1824 1803 1781 
1781 1805 1824 
1924 1952 1958 
1924 1940 1906 
1924 1958 1940 
1926 1952 1924 
1906 1887 1924 
1920 1885 1905 
1920 1905 1939 
1939 1956 1920 
1920 1956 1926 
1864 1885 1900 
1900 1887 1864 
1900 1920 1926 
1885 1920 1900 
1926 1924 1900 
1900 1924 1887 
1600 1576 1552 
1552 1576 1517 
1552 1517 1501 
1501 1526 1552 
1526 1574 1552 
1552 1574 1600 
1644 1598 1620 
1620 1598 1571 
1547 1571 1522 
1547 1522 1496 
1496 1521 1547 
1168 1230 1196 
1196 1134 1168 
1255 1282 1218 
1218 1196 1255 
1255 1196 1230 
1255 1230 1287 
1255 1287 1315 
1315 1282 1255 
1311 1282 1342 
1311 1369 1339 
1311 1342 1369 
1051 1077 1104 
1104 1159 1131 
1104 1078 1051 
1104 1131 1078 
996 1023 1050 
1023 1079 1050 
1050 1024 996 
1050 1077 1024 
1160 1218 1188 
1160 1196 1218 
1134 1196 1160 
1937 1969 1954 
1954 1919 1937 
1954 1984 1968 
1954 1969 1984 
1902 1919 1936 
1968 1953 1936 
1936 1954 1968 
1919 1954 1936 
1777 1799 1821 
1821 1799 1841 
1882 1919 1902 
1970 1985 1955 
1938 1970 1955 
1955 1972 1939 
1955 1985 1972 
1970 1953 1982 
1968 1995 1982 
1982 1953 1968 
1643 1692 1668 
1668 1620 1643 
1690 1644 1668 
1644 1620 1668 
1689 1737 1717 
1717 1667 1689 
1717 1692 1667 
1717 1737 1761 
821 847 875 
796 769 821 
769 794 821 
794 847 821 
821 850 796 
821 875 850 
1142 1169 1114 
1059 1086 1114 
1114 1086 1142 
1114 1088 1059 
1143 1169 1198 
1115 1088 1143 
1143 1114 1169 
1088 1114 1143 
1143 1171 1115 
1143 1198 1171 
668 722 694 
643 616 668 
668 694 643 
695 722 668 
616 642 668 
668 642 695 
663 612 640 
663 690 716 
640 690 663 
663 716 686 
686 635 663 
635 612 663 
1123 1097 1069 
1152 1178 1123 
1123 1178 1153 
1153 1097 1123 
1123 1095 1152 
1123 1069 1095 
488 512 538 
463 512 488 
538 514 488 
1181 1155 1208 
1260 1235 1208 
1235 1181 1208 
1286 1262 1235 
1286 1235 1260 
1260 1312 1286 
1312 1338 1286 
1286 1338 1313 
1313 1262 1286 
933 906 879 
960 987 933 
933 962 906 
987 962 933 
879 904 933 
904 960 933 
132 115 99 
147 167 132 
132 167 149 
149 115 132 
132 114 147 
132 99 114 
130 165 146 
113 130 146 
146 184 164 
146 165 184 
164 129 146 
129 113 146 
89 105 122 
89 108 77 
89 122 108 
77 60 89 
89 60 73 
73 105 89 
1485 1460 1435 
1510 1460 1485 
1485 1535 1510 
1327 1354 1381 
1381 1355 1327 
1381 1408 1355 
1480 1457 1432 
1556 1604 1583 
1532 1506 1481 
1481 1430 1455 
1481 1508 1532 
1455 1508 1481 
1532 1582 1555 
1555 1506 1532 
1555 1582 1603 
1555 1531 1506 
1507 1457 1480 
1480 1531 1507 
1531 1556 1507 
1224 1200 1171 
1224 1198 1251 
1171 1198 1224 
1251 1278 1224 
1173 1200 1225 
1201 1173 1225 
1225 1253 1201 
1279 1253 1225 
1440 1412 1464 
1489 1515 1464 
1490 1440 1464 
1464 1515 1490 
1359 1307 1331 
1359 1333 1307 
1386 1333 1359 
1359 1412 1386 
1203 1228 1254 
1203 1231 1177 
1254 1231 1203 
1203 1177 1150 
1150 1175 1203 
1175 1228 1203 
1384 1411 1358 
1331 1305 1358 
1358 1330 1384 
1305 1330 1358 
1438 1411 1462 
1438 1462 1489 
1489 1464 1438 
1438 1464 1412 
1329 1357 1304 
1304 1278 1251 
1304 1330 1278 
1304 1357 1330 
1251 1276 1304 
1276 1329 1304 
1635 1658 1682 
1682 1659 1635 
1635 1659 1610 
1635 1610 1587 
1587 1609 1635 
1609 1658 1635 
2009 2019 1993 
1993 1983 2009 
1993 1966 1983 
1979 1966 1993 
2007 1979 1993 
1993 2019 2007 
333 284 312 
312 358 333 
358 380 333 
380 352 333 
549 603 578 
549 578 523 
523 497 549 
497 524 549 
704 732 759 
759 733 704 
759 786 733 
811 786 759 
654 627 680 
680 733 705 
705 654 680 
704 733 680 
680 653 704 
627 653 680 
782 807 834 
782 755 807 
811 759 785 
785 759 732 
760 786 812 
787 760 812 
812 840 787 
812 865 840 
736 763 710 
710 763 737 
710 682 736 
710 657 682 
683 658 631 
631 657 683 
657 710 683 
683 710 737 
683 737 711 
711 658 683 
528 555 503 
528 499 554 
528 503 476 
476 499 528 
582 555 606 
606 632 582 
631 658 606 
658 632 606 
580 554 605 
580 606 555 
580 528 554 
555 528 580 
580 605 631 
631 606 580 
421 473 448 
422 399 448 
399 421 448 
1271 1296 1245 
1221 1271 1245 
1245 1194 1221 
1401 1374 1427 
1401 1349 1374 
1375 1349 1401 
1434 1375 1401 
1427 1463 1401 
1401 1463 1434 
1221 1194 1170 
1170 1194 1141 
1062 1032 1009 
1087 1032 1062 
1045 990 1019 
1017 990 1045 
1102 1074 1128 
1048 1074 1102 
1193 1164 1214 
1214 1256 1193 
1221 1170 1199 
1199 1170 1147 
1348 1321 1299 
1299 1321 1271 
1335 1349 1306 
914 968 941 
941 968 997 
997 969 941 
969 915 941 
888 941 915 
888 862 914 
914 941 888 
838 786 811 
865 812 838 
838 812 786 
262 281 304 
262 236 281 
262 304 303 
194 215 175 
171 214 194 
194 214 235 
235 215 194 
194 155 171 
194 175 155 
202 185 163 
163 180 202 
163 185 145 
142 180 163 
145 126 163 
163 126 142 
61 92 75 
46 61 75 
75 62 46 
75 93 62 
75 92 107 
107 93 75 
121 91 106 
121 139 157 
121 106 139 
121 157 138 
138 104 121 
104 91 121 
232 213 195 
232 211 253 
232 195 211 
390 368 344 
390 366 414 
344 366 390 
441 392 416 
392 368 416 
368 390 416 
274 231 252 
252 294 274 
253 231 274 
274 294 319 
319 296 274 
274 296 253 
758 734 706 
706 728 758 
656 674 706 
674 728 706 
670 639 691 
691 706 734 
691 639 656 
656 706 691 
671 670 714 
714 776 751 
714 734 776 
670 691 714 
714 691 734 
751 723 714 
723 671 714 
646 594 622 
622 672 646 
646 674 620 
620 594 646 
752 728 698 
725 752 698 
698 672 725 
698 728 674 
698 646 672 
674 646 698 
1693 1738 1718 
1693 1669 1645 
1718 1669 1693 
1572 1598 1621 
1621 1598 1644 
1621 1645 1599 
1599 1572 1621 
1784 1805 1760 
1805 1781 1760 
1781 1736 1760 
1571 1547 1597 
1597 1620 1571 
1597 1619 1643 
1643 1620 1597 
1213 1159 1188 
1241 1185 1213 
1213 1185 1159 
1218 1282 1242 
1282 1311 1242 
1188 1218 1242 
1242 1213 1188 
1132 1160 1188 
1188 1159 1132 
1159 1104 1132 
1132 1104 1077 
1921 1904 1938 
1938 1955 1921 
1939 1905 1921 
1921 1955 1939 
1918 1936 1953 
1918 1953 1938 
1938 1904 1918 
1918 1904 1883 
1918 1883 1902 
1902 1936 1918 
1884 1921 1905 
1904 1921 1884 
1861 1882 1842 
1842 1821 1861 
1861 1841 1881 
1861 1821 1841 
1919 1882 1901 
1901 1917 1937 
1937 1919 1901 
1882 1861 1901 
1881 1917 1901 
1901 1861 1881 
1970 1982 1996 
1996 1985 1970 
2010 1985 1996 
1996 2020 2010 
1180 1208 1155 
1180 1155 1125 
1125 1153 1180 
1153 1206 1180 
1407 1381 1354 
1407 1432 1457 
1408 1381 1433 
1433 1407 1457 
1381 1407 1433 
1326 1353 1380 
1380 1354 1326 
1380 1407 1354 
1432 1407 1380 
1379 1430 1405 
1405 1353 1379 
1405 1380 1353 
1432 1380 1405 
1454 1506 1480 
1480 1432 1454 
1432 1405 1454 
1454 1481 1506 
1430 1481 1454 
1454 1405 1430 
1581 1556 1531 
1603 1630 1581 
1581 1630 1604 
1604 1556 1581 
1581 1555 1603 
1531 1555 1581 
1252 1225 1200 
1252 1224 1278 
1200 1224 1252 
1278 1305 1252 
1252 1305 1279 
1279 1225 1252 
1411 1438 1385 
1385 1359 1331 
1412 1359 1385 
1385 1438 1412 
1331 1358 1385 
1385 1358 1411 
284 333 306 
260 284 306 
306 283 260 
328 283 306 
306 352 328 
306 333 352 
603 549 576 
576 627 603 
576 524 551 
576 549 524 
551 602 576 
602 627 576 
834 862 810 
810 782 834 
651 677 703 
703 679 651 
703 732 679 
755 782 729 
729 677 702 
702 755 729 
729 703 677 
498 448 473 
498 473 523 
523 550 498 
498 550 525 
1165 1194 1217 
1194 1245 1217 
1217 1243 1190 
1190 1165 1217 
1147 1170 1116 
1116 1170 1141 
1141 1087 1116 
1087 1062 1116 
1009 985 1040 
1040 1062 1009 
1040 985 1017 
1073 1045 1019 
1019 1048 1073 
1048 1102 1073 
1073 1102 1127 
1017 1045 1072 
1072 1040 1017 
1127 1102 1146 
1164 1193 1146 
1128 1164 1146 
1146 1102 1128 
1202 1149 1172 
1172 1149 1127 
1127 1146 1172 
1172 1146 1193 
1324 1299 1277 
1324 1349 1375 
1324 1375 1348 
1348 1299 1324 
1324 1306 1349 
1277 1306 1324 
1335 1306 1291 
1291 1318 1335 
1256 1318 1291 
863 888 915 
863 838 811 
862 888 836 
836 810 862 
785 810 836 
811 785 836 
836 863 811 
888 863 836 
918 865 890 
865 838 890 
890 863 915 
838 863 890 
213 232 255 
233 213 255 
255 277 233 
297 277 255 
440 416 390 
463 488 440 
414 463 440 
440 390 414 
441 416 465 
465 490 441 
514 490 465 
465 488 514 
465 440 488 
416 440 465 
1738 1693 1716 
1690 1736 1716 
1758 1736 1781 
1758 1803 1778 
1758 1781 1803 
1758 1716 1736 
1778 1738 1758 
1738 1716 1758 
1715 1760 1736 
1715 1668 1692 
1690 1668 1715 
1715 1736 1690 
1570 1597 1547 
1570 1547 1521 
1596 1619 1570 
1619 1597 1570 
1570 1546 1596 
1521 1546 1570 
1267 1242 1311 
1267 1339 1295 
1267 1311 1339 
1213 1242 1267 
1267 1295 1241 
1241 1213 1267 
1160 1132 1105 
1105 1050 1079 
1077 1050 1105 
1105 1132 1077 
1079 1134 1105 
1134 1160 1105 
1826 1805 1784 
1847 1805 1826 
1842 1882 1862 
1862 1822 1842 
1902 1883 1862 
1862 1882 1902 
1801 1821 1842 
1842 1822 1801 
1801 1757 1777 
1777 1821 1801 
2004 1996 1982 
2004 2016 2026 
2026 2020 2004 
2020 1996 2004 
2004 1995 2016 
2004 1982 1995 
1208 1180 1233 
1233 1284 1260 
1260 1208 1233 
1259 1284 1233 
1233 1206 1259 
1233 1180 1206 
1457 1507 1483 
1483 1433 1457 
782 810 757 
757 729 782 
703 729 757 
732 703 757 
757 785 732 
757 810 785 
448 498 474 
474 450 422 
422 448 474 
474 499 450 
525 499 474 
474 498 525 
1268 1245 1296 
1268 1217 1245 
1268 1296 1322 
1243 1217 1268 
1297 1243 1268 
1268 1322 1297 
1101 1073 1127 
1127 1149 1101 
1045 1073 1101 
1101 1149 1122 
1101 1072 1045 
1122 1072 1101 
1040 1072 1092 
1147 1116 1092 
1092 1122 1147 
1092 1072 1122 
1092 1116 1062 
1062 1040 1092 
1202 1172 1229 
1256 1291 1229 
1229 1193 1256 
1229 1172 1193 
1258 1306 1277 
1277 1226 1258 
1258 1226 1202 
1202 1229 1258 
1258 1291 1306 
1258 1229 1291 
1202 1226 1174 
1174 1149 1202 
1122 1149 1174 
1174 1226 1199 
1147 1122 1174 
1174 1199 1147 
1199 1226 1249 
1221 1199 1249 
1277 1299 1249 
1249 1226 1277 
1249 1271 1221 
1249 1299 1271 
918 890 943 
943 971 918 
999 971 943 
943 969 999 
943 915 969 
943 890 915 
276 255 232 
276 296 320 
320 297 276 
297 255 276 
253 296 276 
276 232 253 
1690 1716 1670 
1670 1716 1693 
1670 1644 1690 
1670 1621 1644 
1670 1693 1645 
1645 1621 1670 
1760 1715 1739 
1739 1717 1761 
1692 1717 1739 
1739 1715 1692 
1739 1761 1784 
1784 1760 1739 
1847 1826 1866 
1866 1885 1847 
1905 1885 1866 
1866 1884 1905 
1884 1866 1846 
1846 1866 1826 
1802 1825 1782 
1759 1802 1782 
1782 1737 1759 
1761 1737 1782 
1804 1826 1784 
1804 1782 1825 
1804 1846 1826 
1825 1846 1804 
1784 1761 1804 
1761 1782 1804 
1822 1862 1845 
1802 1822 1845 
1845 1825 1802 
1845 1862 1883 
1780 1822 1802 
1780 1801 1822 
1780 1802 1759 
1757 1801 1780 
1759 1735 1780 
1780 1735 1757 
1509 1558 1535 
1535 1485 1509 
1533 1507 1556 
1533 1483 1507 
1533 1556 1583 
1533 1509 1483 
1583 1558 1533 
1558 1509 1533 
1408 1433 1459 
1433 1483 1459 
1483 1509 1459 
1435 1408 1459 
1459 1485 1435 
1459 1509 1485 
1884 1846 1865 
1883 1904 1865 
1904 1884 1865 
1865 1845 1883 
1865 1846 1825 
1825 1845 1865 
