927 953 932 
1013 1023 1024 
754 788 752 
507 469 488 
489 507 527 
469 507 489 
120 114 95 
2 14 1 
14 2 12 
12 2 5 
403 388 367 
859 828 847 
530 548 568 
530 512 492 
492 510 530 
530 510 548 
868 883 900 
889 920 904 
903 920 889 
20 13 29 
44 32 25 
10 9 25 
25 32 10 
55 44 34 
44 25 34 
204 233 214 
927 932 907 
907 916 887 
932 916 907 
1022 1020 1012 
1012 1020 1005 
1005 1020 1018 
998 1013 1008 
1008 1022 1012 
1008 1013 1024 
1024 1022 1008 
1006 1013 998 
1023 1013 1006 
979 967 957 
831 850 815 
790 788 754 
841 814 826 
841 861 872 
826 861 841 
788 790 820 
820 790 814 
887 861 873 
873 907 887 
289 256 278 
469 489 449 
754 752 717 
717 752 716 
526 507 488 
114 120 143 
141 120 108 
108 127 141 
108 120 95 
130 162 145 
33 53 39 
736 720 700 
831 815 797 
342 360 377 
377 360 395 
549 530 568 
512 530 549 
97 71 81 
138 111 125 
111 97 125 
388 403 424 
479 498 518 
461 440 479 
498 479 460 
460 479 440 
184 198 169 
169 198 185 
186 200 167 
218 200 186 
236 200 218 
322 341 359 
359 341 378 
342 377 358 
358 377 396 
396 378 358 
358 378 341 
232 250 216 
216 198 232 
185 198 216 
367 388 351 
144 128 112 
160 128 144 
312 275 290 
293 275 312 
422 440 461 
189 203 222 
170 203 189 
105 136 121 
119 136 105 
39 53 63 
584 622 587 
546 584 550 
550 584 587 
548 510 529 
568 548 586 
585 604 623 
623 604 642 
177 147 178 
178 212 177 
161 147 177 
883 888 913 
913 900 883 
929 900 913 
935 920 903 
935 945 961 
868 900 879 
879 900 903 
879 847 868 
859 847 879 
879 889 859 
903 889 879 
903 900 918 
918 900 929 
918 929 945 
918 935 903 
945 935 918 
859 889 874 
874 889 904 
758 720 736 
792 774 758 
890 874 904 
856 874 890 
904 920 936 
19 13 3 
19 3 1 
1 14 19 
19 33 39 
14 33 19 
39 29 19 
19 29 13 
51 63 76 
51 29 39 
39 63 51 
4 13 20 
20 6 4 
3 13 4 
31 32 49 
18 25 9 
18 34 25 
9 6 18 
18 6 20 
20 34 18 
233 204 223 
223 256 233 
289 326 303 
303 326 345 
233 256 267 
267 303 283 
267 256 289 
289 303 267 
332 368 352 
308 348 332 
332 348 368 
411 393 431 
431 449 411 
469 449 431 
352 368 392 
374 393 411 
355 374 336 
393 374 355 
887 916 892 
872 861 892 
892 861 887 
1007 1005 1018 
1012 1005 995 
995 1008 1012 
870 853 837 
884 853 870 
980 1002 994 
943 957 967 
943 953 927 
943 967 953 
927 914 943 
871 838 854 
799 815 832 
832 815 850 
779 815 799 
799 764 779 
779 797 815 
763 797 779 
971 960 947 
947 960 938 
800 833 819 
851 881 866 
866 833 851 
840 841 872 
814 841 840 
840 820 814 
901 914 884 
884 870 901 
901 870 886 
901 886 917 
849 861 826 
849 873 861 
826 818 849 
849 818 834 
907 873 898 
884 914 898 
927 907 898 
898 914 927 
244 278 256 
244 223 207 
256 223 244 
320 348 308 
320 303 345 
308 283 320 
283 303 320 
368 348 386 
350 326 313 
289 278 313 
313 326 289 
345 384 364 
364 320 345 
348 320 364 
364 384 405 
405 386 364 
364 386 348 
698 717 691 
691 662 698 
691 717 716 
716 679 691 
678 698 648 
698 662 648 
507 526 545 
545 565 527 
527 507 545 
506 526 488 
541 526 506 
114 143 132 
159 132 163 
163 132 143 
156 120 141 
156 143 120 
156 163 143 
116 145 127 
101 130 116 
130 145 116 
77 108 95 
108 77 86 
175 145 162 
17 5 7 
17 12 5 
14 12 26 
26 33 14 
12 17 26 
26 17 35 
83 98 112 
112 128 99 
87 72 99 
99 83 112 
72 83 99 
115 130 101 
101 87 115 
87 99 115 
115 99 128 
28 50 38 
74 87 101 
793 828 807 
682 721 701 
701 721 737 
777 797 763 
414 377 395 
396 377 414 
454 435 414 
414 435 396 
286 250 270 
270 250 232 
305 322 286 
341 322 305 
286 270 305 
305 270 285 
323 360 342 
306 323 342 
287 323 306 
306 285 269 
269 287 306 
645 628 607 
607 627 645 
645 627 665 
645 665 682 
607 628 590 
588 627 607 
588 549 568 
572 554 534 
593 554 572 
684 700 720 
647 667 684 
667 700 684 
103 118 91 
81 66 91 
133 118 103 
150 166 133 
117 133 103 
150 133 117 
131 161 164 
27 11 16 
16 36 27 
24 36 16 
84 97 111 
71 97 84 
81 71 58 
58 66 81 
249 231 269 
249 270 232 
269 285 249 
285 270 249 
152 165 184 
152 169 138 
184 169 152 
138 125 152 
135 165 152 
152 125 135 
107 118 135 
135 125 107 
107 125 97 
107 97 81 
81 91 107 
107 91 118 
123 111 138 
274 240 255 
284 255 265 
284 274 255 
302 284 265 
319 284 302 
442 462 424 
442 424 403 
442 422 461 
403 422 442 
521 503 482 
521 543 503 
482 462 500 
500 521 482 
540 521 500 
359 380 343 
343 322 359 
324 343 363 
363 343 380 
271 250 286 
438 460 420 
420 460 440 
215 198 184 
232 198 215 
215 249 232 
231 249 215 
254 236 273 
273 290 254 
254 290 275 
218 186 199 
185 216 199 
199 168 185 
186 168 199 
295 330 315 
224 259 243 
224 243 206 
328 349 312 
312 290 328 
312 349 329 
329 293 312 
329 349 367 
367 351 329 
275 293 257 
385 403 367 
385 422 403 
367 349 385 
187 203 170 
167 200 187 
200 236 221 
221 187 200 
203 187 221 
236 254 221 
170 189 154 
121 136 154 
154 136 170 
205 189 222 
98 80 110 
76 105 92 
92 110 80 
92 105 121 
121 110 92 
79 69 93 
79 63 53 
53 69 79 
587 604 566 
566 550 587 
528 550 566 
566 547 528 
566 604 585 
585 547 566 
624 604 587 
624 622 655 
587 622 624 
642 604 624 
508 546 511 
546 550 511 
511 550 528 
511 481 508 
491 529 510 
567 586 548 
548 529 567 
567 547 585 
529 547 567 
839 810 809 
839 867 835 
835 810 839 
811 847 828 
828 793 811 
778 798 762 
739 726 762 
212 178 211 
242 246 211 
211 246 212 
142 131 164 
843 828 859 
859 874 843 
807 828 843 
843 874 856 
772 758 736 
736 757 772 
772 757 791 
792 758 772 
856 842 825 
825 791 807 
807 843 825 
825 843 856 
856 890 875 
875 842 856 
827 812 794 
891 906 876 
906 893 876 
794 774 808 
808 827 794 
844 827 808 
808 774 792 
948 936 963 
1003 983 996 
934 946 958 
981 978 958 
65 51 76 
65 80 55 
76 92 65 
65 92 80 
49 72 61 
61 74 50 
61 72 87 
87 74 61 
22 31 41 
41 28 22 
50 28 41 
41 61 50 
41 31 49 
49 61 41 
10 32 15 
32 31 15 
15 31 22 
264 229 262 
298 262 281 
298 299 264 
264 262 298 
308 332 294 
266 283 308 
308 294 266 
230 262 229 
281 262 230 
412 431 393 
1016 1007 1018 
1005 1007 991 
993 1011 1006 
993 973 987 
877 894 862 
830 862 848 
837 804 823 
823 804 787 
915 899 928 
912 938 928 
928 899 912 
886 871 902 
917 886 902 
885 899 915 
915 902 885 
885 902 871 
885 871 854 
838 871 855 
837 823 855 
855 823 838 
855 870 837 
886 870 855 
855 871 886 
865 832 850 
851 832 865 
865 881 851 
896 881 865 
911 925 896 
923 938 912 
923 947 938 
799 832 817 
817 832 851 
851 833 817 
833 800 817 
852 836 819 
819 833 852 
833 866 852 
884 898 863 
863 898 873 
863 853 884 
834 853 863 
863 849 834 
873 849 863 
296 313 278 
426 404 387 
366 404 384 
366 384 345 
366 350 387 
387 404 366 
366 326 350 
345 326 366 
711 692 673 
678 648 632 
733 711 694 
694 711 673 
787 804 771 
715 735 697 
671 709 690 
674 693 712 
674 637 654 
654 693 674 
214 228 195 
173 156 141 
101 116 88 
88 74 101 
73 48 60 
50 74 60 
38 50 60 
60 48 38 
60 88 73 
74 88 60 
62 86 77 
62 48 73 
73 86 62 
47 37 27 
47 58 71 
27 36 47 
36 58 47 
35 17 23 
23 17 7 
53 33 46 
33 26 46 
46 69 53 
46 26 35 
49 32 56 
56 32 44 
56 72 49 
56 83 72 
739 721 703 
685 726 703 
703 726 739 
703 721 682 
682 665 703 
703 665 685 
773 793 807 
807 791 773 
773 757 737 
791 757 773 
759 721 739 
737 721 759 
759 773 737 
793 773 759 
736 700 719 
719 757 736 
737 757 719 
719 701 737 
701 719 681 
681 700 667 
681 719 700 
795 812 830 
797 777 813 
830 848 813 
813 795 830 
777 795 813 
831 797 813 
813 848 831 
743 777 763 
454 414 433 
433 414 395 
471 493 513 
549 588 569 
569 588 607 
569 590 551 
607 590 569 
512 549 531 
531 493 512 
549 569 531 
531 513 493 
551 513 531 
531 569 551 
346 325 361 
455 493 471 
534 496 515 
515 495 533 
534 554 516 
516 496 534 
251 287 269 
269 231 251 
231 217 251 
188 166 150 
150 171 188 
321 305 285 
285 306 321 
321 358 341 
341 305 321 
342 358 321 
321 306 342 
551 590 570 
536 498 517 
517 555 536 
518 498 536 
536 557 518 
730 690 709 
730 764 746 
42 54 64 
30 42 52 
52 42 64 
103 91 75 
75 91 66 
75 52 64 
66 52 75 
148 133 166 
148 165 135 
135 118 148 
118 133 148 
148 166 183 
183 165 148 
150 117 139 
139 171 150 
124 139 104 
104 139 117 
147 161 129 
161 131 129 
129 131 102 
71 84 59 
59 47 71 
37 47 59 
59 84 67 
138 169 153 
153 123 138 
137 123 153 
153 168 137 
153 169 185 
185 168 153 
109 123 137 
94 84 111 
111 123 94 
123 109 94 
67 84 94 
149 136 119 
119 134 149 
149 134 167 
170 136 149 
167 187 149 
149 187 170 
375 371 337 
337 371 335 
263 268 300 
263 246 242 
242 268 263 
255 240 225 
376 361 340 
340 361 325 
401 382 425 
436 455 417 
451 432 413 
319 302 338 
357 382 338 
501 483 463 
522 483 501 
370 351 388 
330 351 370 
652 634 671 
671 690 652 
518 557 537 
557 577 537 
462 442 480 
480 500 462 
480 442 461 
322 343 307 
286 322 307 
324 288 307 
307 343 324 
307 271 286 
288 271 307 
400 363 380 
380 418 400 
383 363 400 
400 418 438 
400 420 383 
438 420 400 
416 435 456 
416 378 396 
396 435 416 
250 271 234 
234 216 250 
218 199 234 
234 199 216 
197 217 231 
231 215 197 
197 215 184 
183 217 197 
197 165 183 
184 165 197 
137 168 151 
167 134 151 
151 186 167 
151 168 186 
160 176 146 
146 128 160 
146 115 128 
130 115 146 
146 162 130 
146 176 162 
295 315 279 
279 259 295 
279 243 259 
279 315 297 
193 176 160 
349 328 365 
365 385 349 
310 328 290 
310 290 273 
273 288 310 
310 288 324 
314 329 351 
314 330 295 
314 351 330 
293 329 314 
277 257 293 
293 314 277 
295 259 277 
277 314 295 
238 221 254 
238 254 275 
222 203 238 
203 221 238 
238 257 222 
275 257 238 
160 144 174 
174 193 160 
206 193 174 
172 154 189 
189 205 172 
106 79 93 
106 134 119 
642 624 661 
661 624 655 
642 661 680 
680 661 699 
789 809 783 
783 809 810 
699 718 723 
723 680 699 
706 680 723 
475 491 510 
475 510 492 
492 457 475 
490 511 528 
509 547 529 
529 491 509 
528 547 509 
509 490 528 
586 567 605 
605 626 586 
585 623 605 
605 567 585 
644 626 664 
665 627 644 
644 664 685 
685 665 644 
627 588 606 
606 644 627 
626 644 606 
606 588 568 
568 586 606 
586 626 606 
845 883 868 
182 171 157 
164 182 157 
157 142 164 
171 139 157 
124 142 157 
157 139 124 
102 131 113 
131 142 113 
113 142 124 
113 85 102 
806 772 791 
791 825 806 
806 825 842 
792 772 806 
946 933 959 
959 933 948 
891 875 905 
905 875 890 
921 936 948 
948 933 921 
904 936 921 
933 905 921 
921 890 904 
921 905 890 
842 875 857 
857 875 891 
891 876 857 
857 876 844 
812 827 846 
830 812 846 
877 862 846 
846 862 830 
860 893 877 
860 876 893 
877 846 860 
860 846 827 
860 827 844 
844 876 860 
985 963 975 
949 963 936 
920 935 949 
949 936 920 
949 935 961 
961 975 949 
949 975 963 
972 996 983 
948 963 972 
972 963 985 
985 996 972 
972 959 948 
983 959 972 
1015 1000 1010 
992 1000 981 
1010 1000 992 
992 1003 1010 
992 983 1003 
987 978 999 
999 1015 1017 
1000 1015 999 
981 1000 999 
999 978 981 
987 973 964 
964 978 987 
51 65 40 
29 51 40 
55 34 40 
40 65 55 
20 29 40 
40 34 20 
317 332 352 
317 298 281 
281 294 317 
317 294 332 
334 317 352 
298 317 334 
299 298 334 
336 299 334 
334 355 336 
248 228 214 
248 266 228 
214 233 248 
283 266 248 
233 267 248 
248 267 283 
210 230 229 
281 230 247 
228 266 247 
247 294 281 
247 266 294 
392 412 373 
352 392 373 
393 355 373 
373 412 393 
373 334 352 
355 334 373 
431 412 450 
488 469 450 
469 431 450 
971 947 962 
984 995 1005 
1005 991 984 
984 991 971 
971 962 984 
982 960 971 
971 991 982 
988 965 973 
973 993 988 
988 1006 998 
988 993 1006 
926 911 895 
954 926 940 
940 965 954 
1011 1019 1021 
1023 1006 1021 
1006 1011 1021 
821 853 834 
837 853 821 
821 804 837 
994 986 969 
969 980 994 
957 944 969 
979 957 969 
969 986 979 
931 943 914 
917 944 931 
957 943 931 
931 944 957 
931 901 917 
914 901 931 
930 944 917 
917 902 930 
930 902 915 
915 928 942 
942 930 915 
941 911 926 
926 954 941 
941 951 925 
925 911 941 
882 852 866 
912 899 882 
897 866 881 
897 882 866 
897 923 912 
912 882 897 
896 925 910 
910 881 896 
910 897 881 
923 897 910 
799 817 780 
780 765 746 
800 765 780 
780 817 800 
746 764 780 
780 764 799 
785 768 802 
819 836 802 
781 800 819 
819 802 781 
781 802 768 
781 768 747 
747 765 781 
781 765 800 
747 768 732 
732 712 747 
749 768 785 
785 770 749 
713 732 749 
749 732 768 
854 838 822 
822 836 854 
785 802 822 
822 802 836 
350 313 331 
313 296 331 
486 447 466 
410 392 368 
368 386 410 
463 426 445 
404 426 443 
483 466 443 
463 483 443 
443 426 463 
616 641 603 
653 641 616 
679 641 653 
662 691 653 
653 691 679 
583 589 616 
616 603 583 
565 545 583 
583 603 565 
625 648 662 
662 653 625 
616 589 625 
625 653 616 
733 769 748 
748 711 733 
520 505 486 
538 505 520 
556 538 575 
600 620 638 
638 618 600 
656 618 638 
638 675 656 
673 636 656 
656 636 618 
656 694 673 
675 694 656 
657 692 678 
678 632 657 
673 692 657 
657 636 673 
657 614 636 
632 614 657 
621 660 640 
677 660 696 
677 715 697 
696 715 677 
677 640 660 
733 694 714 
697 735 714 
714 675 697 
714 694 675 
786 771 804 
804 821 786 
735 715 751 
751 771 735 
751 770 787 
787 771 751 
580 543 562 
543 521 562 
562 521 540 
540 579 562 
658 637 674 
658 619 637 
731 712 693 
746 765 731 
731 765 747 
747 712 731 
617 654 637 
635 654 617 
617 598 635 
579 598 617 
693 654 672 
672 654 635 
635 652 672 
672 652 690 
163 156 181 
181 195 163 
214 195 181 
181 204 214 
181 173 204 
156 173 181 
163 195 180 
180 179 159 
159 163 180 
207 223 192 
192 175 207 
192 223 204 
204 173 192 
100 88 116 
100 116 127 
100 86 73 
73 88 100 
127 108 100 
108 86 100 
35 23 45 
45 23 37 
45 59 67 
37 59 45 
8 23 7 
69 46 57 
57 46 35 
57 45 67 
35 45 57 
83 56 68 
68 80 98 
98 83 68 
55 80 68 
68 44 55 
68 56 44 
776 811 793 
793 759 776 
776 759 739 
739 762 776 
798 811 776 
776 762 798 
701 681 666 
682 701 666 
666 645 682 
628 645 666 
630 649 611 
611 592 630 
572 592 611 
593 572 611 
668 649 630 
668 630 647 
647 684 668 
741 722 760 
760 774 794 
738 758 774 
774 760 738 
738 760 722 
720 758 738 
812 795 775 
794 812 775 
775 760 794 
741 760 775 
761 795 777 
777 743 761 
761 775 795 
741 775 761 
689 709 671 
494 452 471 
471 513 494 
362 397 379 
395 360 379 
415 379 397 
395 379 415 
415 433 395 
452 433 415 
346 361 381 
417 397 381 
362 346 381 
381 397 362 
434 455 471 
417 455 434 
434 397 417 
434 415 397 
471 452 434 
452 415 434 
476 496 456 
476 515 496 
456 435 476 
495 515 476 
476 435 454 
454 495 476 
535 516 554 
535 555 517 
438 418 458 
237 276 253 
292 276 258 
258 274 292 
240 274 258 
276 237 258 
220 240 258 
258 237 220 
311 276 292 
292 325 311 
311 325 346 
287 251 272 
235 251 217 
253 272 235 
235 272 251 
646 681 667 
628 666 646 
646 666 681 
608 590 628 
608 570 590 
628 646 608 
553 515 533 
534 515 553 
553 572 534 
553 592 572 
571 553 533 
592 553 571 
744 730 709 
763 779 744 
744 779 764 
764 730 744 
710 730 746 
746 731 710 
710 731 693 
693 672 710 
690 730 710 
710 672 690 
43 52 66 
43 58 36 
66 58 43 
43 36 24 
24 30 43 
30 52 43 
78 54 70 
64 54 78 
122 109 137 
137 151 122 
122 151 134 
93 109 122 
122 106 93 
134 106 122 
300 268 301 
301 335 300 
337 335 301 
282 263 300 
282 302 265 
265 246 282 
246 263 282 
196 240 220 
196 225 240 
220 182 196 
196 182 164 
190 161 177 
225 196 190 
164 161 190 
190 196 164 
265 255 239 
255 225 239 
239 246 265 
212 246 239 
356 340 319 
319 338 356 
356 338 382 
376 340 356 
356 401 376 
382 401 356 
319 340 304 
304 284 319 
274 284 304 
304 340 325 
304 325 292 
292 274 304 
399 436 417 
417 381 399 
399 381 361 
399 361 376 
455 436 473 
512 493 473 
493 455 473 
473 436 457 
492 512 473 
473 457 492 
394 389 371 
413 432 394 
394 375 413 
371 375 394 
339 335 371 
371 389 339 
339 389 357 
300 335 339 
544 582 564 
621 582 601 
580 619 601 
503 543 524 
524 485 503 
316 331 296 
557 536 576 
576 536 555 
596 613 634 
596 577 557 
557 576 596 
596 576 613 
540 500 519 
500 480 519 
518 537 499 
499 480 461 
537 519 499 
499 519 480 
499 479 518 
461 479 499 
398 418 380 
398 380 359 
359 378 398 
378 416 398 
252 234 271 
273 236 252 
252 236 218 
218 234 252 
252 288 273 
252 271 288 
227 244 207 
243 279 260 
260 279 297 
385 365 402 
402 420 440 
383 420 402 
402 365 383 
440 422 402 
422 385 402 
328 310 347 
347 363 383 
324 363 347 
347 310 324 
383 365 347 
347 365 328 
257 277 241 
224 205 241 
241 259 224 
241 277 259 
222 257 241 
241 205 222 
191 172 205 
191 205 224 
224 206 191 
206 174 191 
126 144 112 
112 98 126 
98 110 126 
79 106 90 
90 105 76 
119 105 90 
90 106 119 
76 63 90 
63 79 90 
683 661 655 
699 661 683 
683 718 699 
663 623 642 
642 680 663 
663 680 706 
706 686 663 
685 664 704 
664 686 704 
704 726 685 
796 783 810 
810 835 796 
766 796 778 
783 796 766 
753 723 718 
439 475 457 
439 401 425 
474 509 491 
453 490 474 
490 509 474 
453 474 441 
481 511 470 
511 490 470 
470 451 481 
432 451 470 
470 453 432 
470 490 453 
858 888 883 
883 845 858 
858 867 888 
858 835 867 
858 845 835 
829 811 798 
847 811 829 
868 847 829 
829 845 868 
919 933 946 
919 905 933 
891 905 919 
919 906 891 
919 946 934 
934 906 919 
844 808 824 
824 857 844 
824 808 792 
842 857 824 
792 806 824 
824 806 842 
981 958 970 
970 992 981 
970 958 946 
946 959 970 
970 959 983 
983 992 970 
987 999 1004 
1004 993 987 
1011 993 1004 
1004 1019 1011 
1017 1019 1004 
1004 999 1017 
952 958 978 
978 964 952 
952 964 937 
934 958 952 
430 450 412 
430 412 392 
392 410 430 
430 410 448 
468 506 488 
488 450 468 
450 430 468 
487 506 468 
468 448 487 
468 430 448 
995 984 974 
974 962 951 
974 984 962 
1002 980 990 
980 968 990 
1001 991 1007 
1001 982 991 
1007 1016 1001 
1001 1016 1014 
940 924 950 
950 924 937 
950 965 940 
973 965 950 
950 964 973 
937 964 950 
937 924 908 
908 924 894 
908 894 877 
877 893 908 
878 862 894 
878 848 862 
896 865 880 
880 865 850 
880 911 896 
880 895 911 
801 821 834 
834 818 801 
769 786 801 
801 786 821 
944 930 956 
956 968 980 
956 942 968 
930 942 956 
980 969 956 
956 969 944 
955 942 928 
938 960 955 
955 928 938 
968 942 955 
869 882 899 
869 885 854 
899 885 869 
854 836 869 
836 852 869 
852 882 869 
939 962 947 
947 923 939 
923 910 939 
939 910 925 
925 951 939 
951 962 939 
838 823 805 
805 822 838 
805 823 787 
785 822 805 
787 770 805 
805 770 785 
387 350 369 
350 331 369 
384 404 423 
405 384 423 
404 443 423 
423 443 466 
423 447 405 
423 466 447 
448 410 429 
405 447 429 
429 386 405 
429 410 386 
504 524 544 
485 524 504 
589 583 558 
558 526 541 
558 545 526 
558 583 545 
609 625 589 
609 632 648 
648 625 609 
784 748 769 
784 801 818 
769 801 784 
692 711 727 
711 748 727 
502 483 522 
502 466 483 
486 466 502 
502 520 486 
575 538 559 
538 520 559 
538 556 525 
487 505 525 
525 505 538 
525 506 487 
541 506 525 
525 556 541 
697 675 659 
659 677 697 
640 677 659 
620 640 659 
638 620 659 
659 675 638 
771 786 750 
735 771 750 
750 769 733 
750 786 769 
733 714 750 
750 714 735 
734 751 715 
713 749 734 
734 749 770 
770 751 734 
734 696 713 
734 715 696 
560 579 540 
560 598 579 
577 598 560 
540 519 560 
560 537 577 
560 519 537 
634 652 615 
615 598 577 
615 652 635 
635 598 615 
615 596 634 
577 596 615 
713 696 676 
696 660 676 
639 660 621 
621 601 639 
639 676 660 
658 676 639 
619 658 639 
639 601 619 
599 617 637 
599 619 580 
637 619 599 
580 562 599 
599 562 579 
579 617 599 
213 195 228 
213 180 195 
228 247 213 
213 247 230 
179 180 213 
213 210 179 
230 210 213 
145 175 158 
175 192 158 
127 145 158 
158 192 173 
141 127 158 
158 173 141 
37 23 21 
23 8 21 
21 8 11 
21 11 27 
27 37 21 
93 69 82 
69 57 82 
82 109 93 
82 94 109 
67 94 82 
82 57 67 
720 738 702 
702 684 720 
702 668 684 
702 738 722 
705 722 741 
649 669 631 
593 611 631 
631 611 649 
631 612 593 
709 689 728 
728 743 763 
763 744 728 
728 744 709 
671 634 651 
651 689 671 
634 613 651 
472 433 452 
452 494 472 
454 433 472 
472 495 454 
514 472 494 
533 495 514 
495 472 514 
532 513 551 
532 494 513 
551 570 532 
532 514 494 
438 458 478 
478 460 438 
517 498 478 
498 460 478 
516 535 497 
497 478 458 
497 535 517 
517 478 497 
496 516 477 
456 496 477 
516 497 477 
477 497 458 
201 188 171 
220 237 201 
201 182 220 
201 171 182 
327 346 362 
327 311 346 
202 235 217 
202 217 183 
183 166 202 
166 188 202 
188 201 219 
219 201 237 
219 202 188 
235 202 219 
219 237 253 
253 235 219 
570 608 591 
70 85 96 
96 78 70 
85 113 96 
104 78 96 
124 104 96 
96 113 124 
89 78 104 
103 75 89 
89 75 64 
64 78 89 
89 117 103 
89 104 117 
209 190 177 
225 190 209 
209 239 225 
177 212 209 
212 239 209 
436 399 419 
457 436 419 
376 401 419 
419 399 376 
419 439 457 
401 439 419 
302 282 318 
318 338 302 
318 282 300 
300 339 318 
357 338 318 
318 339 357 
602 564 582 
602 582 621 
621 640 602 
602 640 620 
620 600 581 
581 602 620 
564 602 581 
544 524 563 
563 582 544 
563 601 582 
580 601 563 
563 543 580 
563 524 543 
503 485 464 
485 446 464 
482 503 464 
280 316 296 
297 316 280 
280 260 297 
245 260 280 
297 315 333 
333 316 297 
428 391 409 
409 446 428 
406 390 370 
388 424 406 
406 370 388 
593 612 574 
574 554 593 
574 535 554 
555 535 574 
613 576 595 
595 576 555 
555 574 595 
595 574 612 
194 227 207 
207 175 194 
194 175 162 
162 176 194 
278 244 261 
244 227 261 
261 296 278 
261 280 296 
261 227 245 
245 280 261 
226 260 245 
243 260 226 
226 206 243 
226 193 206 
144 126 155 
172 191 155 
155 174 144 
155 191 174 
154 172 140 
121 154 140 
172 155 140 
140 155 126 
140 110 121 
140 126 110 
643 605 623 
623 663 643 
626 605 643 
664 626 643 
643 686 664 
643 663 686 
726 704 745 
778 762 745 
745 762 726 
745 766 778 
724 686 706 
724 704 686 
724 745 704 
766 745 724 
816 829 798 
845 829 816 
816 798 778 
778 796 816 
835 845 816 
816 796 835 
783 766 740 
706 723 740 
740 724 706 
766 724 740 
407 441 425 
425 382 407 
407 382 357 
357 389 407 
453 441 421 
432 453 421 
421 394 432 
389 394 421 
421 407 389 
441 407 421 
459 474 491 
459 441 474 
425 441 459 
491 475 459 
459 439 425 
475 439 459 
966 941 954 
951 941 966 
966 974 951 
1002 990 1009 
937 908 922 
934 952 922 
922 952 937 
922 908 893 
922 906 934 
922 893 906 
895 878 909 
926 895 909 
894 924 909 
909 878 894 
940 926 909 
909 924 940 
864 878 895 
864 880 850 
895 880 864 
864 850 831 
831 848 864 
848 878 864 
968 955 977 
977 990 968 
960 982 977 
977 955 960 
331 316 354 
354 369 331 
391 369 354 
316 333 354 
408 445 426 
408 426 387 
387 369 408 
408 369 391 
408 391 428 
428 445 408 
448 429 467 
486 505 467 
467 447 486 
467 429 447 
487 448 467 
467 505 487 
465 445 428 
485 504 465 
428 446 465 
465 446 485 
544 564 523 
523 504 544 
573 609 589 
573 558 541 
589 558 573 
541 556 573 
594 556 575 
632 609 594 
594 573 556 
609 573 594 
575 614 594 
594 614 632 
756 790 754 
678 692 708 
692 727 708 
708 698 678 
748 784 767 
767 727 748 
597 614 575 
575 559 597 
618 636 597 
636 614 597 
520 502 539 
539 559 520 
539 502 522 
695 732 713 
713 676 695 
712 732 695 
695 676 658 
674 712 695 
695 658 674 
687 702 722 
687 669 649 
649 668 687 
668 702 687 
722 705 687 
687 705 669 
743 728 707 
707 728 689 
650 631 669 
612 631 650 
418 398 437 
437 458 418 
437 477 458 
456 477 437 
437 416 456 
437 398 416 
362 379 344 
344 327 362 
344 379 360 
360 323 344 
276 311 291 
311 327 291 
253 276 291 
291 272 253 
570 591 552 
552 532 570 
514 532 552 
533 514 552 
552 571 533 
552 591 571 
571 591 610 
592 571 610 
647 630 610 
630 592 610 
522 501 542 
501 523 542 
564 581 542 
542 523 564 
353 333 315 
370 390 353 
353 315 330 
330 370 353 
390 409 372 
372 353 390 
333 353 372 
372 409 391 
391 354 372 
372 354 333 
427 409 390 
390 406 427 
427 464 446 
446 409 427 
208 226 245 
208 194 176 
176 193 208 
193 226 208 
245 227 208 
227 194 208 
723 753 755 
755 740 723 
755 753 789 
789 783 755 
783 740 755 
998 1008 989 
1008 995 989 
995 974 989 
974 966 989 
976 988 998 
965 988 976 
998 989 976 
976 989 966 
976 954 965 
976 966 954 
997 1009 990 
990 977 997 
997 1001 1014 
1014 1009 997 
982 1001 997 
997 977 982 
484 465 504 
504 523 484 
445 465 484 
484 523 501 
484 501 463 
463 445 484 
814 790 782 
790 756 782 
698 708 729 
729 717 698 
754 717 729 
729 756 754 
727 767 742 
742 708 727 
742 782 756 
767 782 742 
756 729 742 
742 729 708 
561 539 522 
522 542 561 
561 581 600 
561 542 581 
578 597 559 
559 539 578 
539 561 578 
618 597 578 
578 600 618 
578 561 600 
725 705 741 
741 761 725 
725 761 743 
743 707 725 
633 651 613 
613 595 633 
633 595 612 
612 650 633 
669 705 688 
688 650 669 
705 725 688 
688 725 707 
309 344 323 
309 323 287 
327 344 309 
309 291 327 
287 272 309 
272 291 309 
629 610 591 
629 646 667 
629 667 647 
647 610 629 
629 608 646 
629 591 608 
444 427 406 
444 462 482 
482 464 444 
464 427 444 
424 462 444 
444 406 424 
803 782 767 
803 767 784 
826 814 803 
814 782 803 
803 818 826 
803 784 818 
670 688 707 
689 651 670 
670 707 689 
651 633 670 
670 633 650 
650 688 670 
