14 5 7 
512 503 510 
506 508 499 
442 421 422 
3 11 1 
20 14 7 
20 10 24 
7 10 20 
11 3 16 
5 14 16 
16 3 5 
9 2 1 
1 11 9 
11 22 9 
509 507 495 
356 372 384 
257 285 270 
479 489 495 
481 461 474 
474 461 452 
440 461 450 
452 461 440 
329 344 355 
368 354 378 
485 499 497 
497 482 485 
497 510 503 
503 490 497 
497 490 482 
508 510 497 
497 499 508 
501 492 505 
484 479 495 
484 492 476 
406 419 430 
419 443 430 
42 59 65 
65 51 42 
40 32 23 
40 51 60 
24 10 17 
17 32 24 
23 32 17 
26 22 11 
11 16 26 
495 489 502 
502 509 495 
511 509 502 
371 382 357 
357 382 372 
408 417 396 
396 384 408 
319 344 329 
272 258 245 
259 287 272 
272 245 259 
271 285 257 
436 426 448 
448 426 439 
453 443 464 
439 430 453 
453 430 443 
491 496 481 
491 474 480 
481 474 491 
429 438 452 
452 440 429 
408 420 429 
429 420 438 
429 417 408 
429 440 417 
329 355 343 
370 344 356 
370 355 344 
380 355 370 
370 396 380 
356 384 370 
384 396 370 
328 343 354 
272 287 302 
302 328 316 
316 328 342 
342 354 368 
342 328 354 
369 378 354 
354 343 369 
369 343 355 
392 378 369 
380 392 369 
369 355 380 
380 396 405 
405 396 417 
405 392 380 
405 415 392 
428 440 450 
417 440 428 
428 405 417 
415 405 428 
427 415 437 
415 428 437 
450 459 437 
437 428 450 
471 461 481 
450 461 471 
471 459 450 
471 478 459 
493 499 485 
485 478 493 
506 499 493 
493 504 506 
473 462 482 
482 490 473 
473 483 464 
473 490 483 
427 437 449 
449 437 459 
485 482 469 
482 462 469 
462 449 469 
469 449 459 
469 478 485 
459 478 469 
212 206 184 
91 116 105 
164 153 178 
139 153 164 
164 151 139 
182 195 168 
209 182 194 
195 182 209 
290 305 278 
212 225 241 
267 241 254 
254 241 225 
498 505 492 
492 484 498 
507 505 498 
495 507 498 
498 484 495 
444 423 434 
362 335 348 
412 402 390 
390 400 412 
375 400 390 
424 402 412 
434 423 413 
413 424 434 
402 424 413 
456 444 434 
465 444 456 
436 448 457 
436 457 447 
458 447 468 
468 457 476 
468 447 457 
427 449 441 
441 449 462 
439 426 416 
416 430 439 
406 430 416 
395 419 406 
395 407 419 
368 378 394 
249 276 262 
249 262 234 
261 246 232 
106 126 117 
162 149 179 
162 133 149 
183 197 210 
167 154 140 
180 154 167 
193 180 167 
167 181 193 
50 40 60 
32 40 50 
36 20 24 
74 84 94 
61 84 74 
120 108 132 
120 134 109 
190 203 177 
190 217 203 
204 217 190 
216 245 230 
230 245 258 
307 306 332 
252 237 223 
210 197 223 
223 237 210 
371 347 381 
480 474 463 
452 438 463 
463 474 452 
31 40 23 
42 51 31 
51 40 31 
22 26 38 
38 27 22 
511 502 500 
500 503 512 
512 511 500 
500 490 503 
483 490 500 
500 489 483 
500 502 489 
309 320 336 
336 320 347 
336 347 371 
371 357 336 
303 319 329 
303 288 319 
356 344 330 
344 319 330 
231 245 216 
216 202 231 
246 259 231 
231 259 245 
285 271 298 
298 315 285 
281 308 294 
297 270 285 
285 315 297 
479 484 466 
466 457 448 
466 484 476 
476 457 466 
472 453 464 
489 479 472 
464 483 472 
483 489 472 
397 382 410 
410 420 397 
397 420 408 
408 384 397 
397 384 372 
372 382 397 
438 420 433 
410 421 433 
433 420 410 
421 442 433 
442 455 433 
313 297 325 
325 297 315 
352 325 341 
341 325 315 
504 493 488 
481 496 488 
496 504 488 
488 471 481 
478 471 488 
488 493 478 
255 282 268 
268 240 255 
293 308 281 
281 268 293 
293 268 282 
293 282 310 
310 282 296 
226 199 213 
213 240 226 
211 199 226 
200 214 227 
227 213 200 
240 213 227 
255 240 227 
105 113 92 
80 69 92 
102 113 124 
102 124 110 
80 92 102 
102 92 113 
159 151 173 
173 151 164 
135 151 159 
159 145 135 
124 113 135 
135 145 124 
78 91 68 
67 90 78 
125 138 115 
129 138 153 
129 139 116 
153 139 129 
115 138 129 
200 178 191 
177 203 191 
203 214 191 
191 214 200 
153 138 165 
165 178 153 
177 191 165 
165 191 178 
128 139 151 
151 135 128 
105 116 128 
116 139 128 
128 113 105 
128 135 113 
68 91 79 
79 91 105 
105 92 79 
79 92 69 
37 25 45 
119 146 141 
119 100 110 
110 124 131 
131 119 110 
146 119 131 
124 145 131 
157 146 131 
131 145 157 
141 146 158 
158 143 141 
194 182 158 
158 182 168 
168 143 158 
80 102 83 
82 62 83 
83 100 82 
110 100 83 
83 102 110 
195 209 224 
194 206 222 
222 209 194 
226 240 253 
253 268 281 
240 268 253 
239 254 225 
239 211 226 
225 211 239 
226 253 239 
409 385 386 
373 387 363 
387 386 363 
423 431 411 
411 431 409 
409 386 411 
411 386 387 
445 431 423 
423 444 445 
445 444 465 
333 305 312 
312 305 290 
333 312 339 
339 312 331 
346 326 349 
373 363 349 
349 363 346 
349 326 335 
349 362 373 
335 362 349 
310 296 323 
323 296 313 
350 365 375 
403 416 426 
375 365 389 
389 400 375 
373 362 388 
402 413 388 
375 390 364 
364 350 375 
435 424 412 
435 447 458 
465 456 475 
454 441 462 
464 443 454 
454 473 464 
462 473 454 
419 407 432 
432 443 419 
432 454 443 
441 454 432 
377 395 406 
407 395 379 
379 394 407 
368 394 379 
407 394 418 
418 432 407 
427 441 418 
441 432 418 
204 190 176 
216 230 201 
175 202 187 
187 160 175 
174 160 187 
187 201 174 
187 202 216 
216 201 187 
189 202 175 
189 162 179 
175 162 189 
249 234 220 
247 234 262 
219 234 247 
261 232 247 
247 232 219 
97 71 89 
106 117 89 
89 117 97 
81 71 97 
81 65 59 
59 71 81 
155 167 140 
181 167 155 
127 114 140 
140 154 127 
75 86 60 
60 51 75 
51 65 75 
132 108 121 
121 108 94 
133 162 148 
132 121 148 
148 121 133 
148 160 132 
148 162 175 
175 160 148 
207 180 193 
207 192 180 
219 192 207 
207 234 219 
193 220 207 
207 220 234 
166 154 180 
166 192 179 
180 192 166 
179 149 166 
197 183 170 
210 237 238 
238 221 210 
196 183 210 
210 221 196 
249 220 235 
72 84 61 
60 86 72 
72 50 60 
61 50 72 
95 86 112 
95 72 86 
84 72 95 
24 32 41 
32 50 41 
41 36 24 
41 50 61 
33 26 16 
94 108 85 
85 74 94 
61 74 53 
53 41 61 
36 41 53 
109 134 123 
77 56 64 
77 66 56 
88 66 77 
229 217 204 
307 320 300 
300 291 277 
300 320 309 
309 291 300 
347 320 334 
334 320 307 
334 332 358 
307 332 334 
383 398 381 
371 381 393 
410 382 393 
393 382 371 
393 421 410 
480 463 470 
57 69 80 
57 45 69 
57 49 37 
37 45 57 
13 27 18 
2 9 13 
13 9 22 
22 27 13 
19 12 29 
54 67 48 
8 6 15 
15 6 18 
27 38 46 
46 66 54 
46 38 56 
56 66 46 
261 288 273 
287 259 273 
273 303 287 
288 303 273 
273 246 261 
273 259 246 
328 302 318 
318 303 329 
318 302 287 
287 303 318 
329 343 318 
343 328 318 
356 330 345 
345 372 356 
345 357 372 
274 247 262 
274 288 261 
261 247 274 
272 302 286 
286 298 271 
286 302 316 
316 298 286 
286 258 272 
286 271 258 
281 294 266 
266 253 281 
254 239 266 
266 239 253 
295 283 267 
321 294 308 
348 335 321 
453 472 460 
439 453 460 
479 466 460 
460 472 479 
460 448 439 
460 466 448 
438 433 451 
451 433 455 
451 463 438 
455 470 451 
451 470 463 
327 341 315 
327 298 316 
315 298 327 
316 342 327 
284 297 313 
313 296 284 
270 297 284 
284 256 270 
186 213 199 
164 178 186 
186 178 200 
200 213 186 
186 173 164 
199 173 186 
212 184 198 
198 225 212 
198 211 225 
203 217 228 
228 214 203 
76 90 67 
76 66 88 
76 67 54 
54 66 76 
67 78 58 
58 48 67 
39 48 58 
58 78 68 
103 90 115 
103 78 90 
91 78 103 
115 129 103 
116 91 103 
103 129 116 
152 125 137 
138 125 152 
177 165 152 
152 165 138 
35 45 25 
25 19 35 
35 19 29 
69 45 55 
68 79 55 
55 79 69 
45 35 55 
141 143 118 
118 119 141 
194 158 171 
171 158 146 
171 146 157 
157 184 171 
171 206 194 
171 184 206 
80 83 70 
70 83 62 
62 49 70 
70 57 80 
49 57 70 
212 241 233 
233 206 212 
233 222 206 
209 222 236 
250 224 236 
236 224 209 
331 312 299 
299 275 283 
299 312 290 
290 275 299 
333 339 359 
346 363 360 
360 331 346 
360 339 331 
360 363 386 
360 359 339 
360 386 385 
385 359 360 
340 325 352 
313 325 340 
340 323 313 
365 350 338 
310 323 338 
348 321 337 
337 321 308 
337 364 348 
350 364 337 
406 416 391 
416 403 391 
391 377 406 
400 389 414 
414 389 403 
414 426 436 
414 403 426 
374 388 362 
374 364 390 
374 390 402 
402 388 374 
374 362 348 
348 364 374 
401 388 413 
401 413 423 
401 387 373 
373 388 401 
423 411 401 
401 411 387 
424 435 446 
434 424 446 
446 456 434 
446 435 458 
412 400 425 
425 435 412 
400 414 425 
425 414 436 
436 447 425 
447 435 425 
467 475 456 
467 446 458 
456 446 467 
352 341 367 
367 377 352 
395 377 367 
367 379 395 
427 418 404 
404 418 394 
404 415 427 
392 415 404 
404 378 392 
404 394 378 
132 160 147 
147 120 132 
134 120 147 
147 160 174 
163 190 177 
163 176 190 
177 152 163 
163 152 137 
215 201 230 
215 229 204 
174 201 188 
204 176 188 
188 215 204 
201 215 188 
202 189 218 
218 231 202 
218 232 246 
246 231 218 
97 114 93 
93 81 97 
65 81 93 
93 75 65 
130 155 140 
140 114 130 
97 117 130 
130 114 97 
142 126 144 
142 117 126 
142 130 117 
155 130 142 
136 127 154 
136 166 149 
154 166 136 
112 127 136 
181 196 208 
208 196 221 
193 181 208 
208 220 193 
221 235 208 
208 235 220 
307 300 292 
292 300 277 
292 306 307 
292 279 306 
221 238 251 
251 235 221 
122 95 112 
149 133 122 
112 136 122 
122 136 149 
43 38 26 
26 33 43 
64 56 43 
56 38 43 
14 20 28 
20 36 28 
28 16 14 
28 33 16 
87 77 64 
74 85 63 
63 53 74 
137 125 111 
111 123 137 
88 77 99 
99 111 88 
99 87 109 
77 87 99 
109 123 99 
123 111 99 
244 230 258 
257 229 244 
244 215 230 
229 215 244 
244 271 257 
258 271 244 
361 334 358 
347 334 361 
358 383 361 
361 381 347 
361 383 381 
381 398 399 
399 393 381 
399 398 422 
422 421 399 
421 393 399 
18 6 4 
4 13 18 
2 13 4 
21 39 29 
8 15 21 
21 12 8 
29 12 21 
18 27 34 
54 48 34 
34 46 54 
27 46 34 
30 48 39 
39 21 30 
30 21 15 
30 34 48 
30 15 18 
18 34 30 
324 336 357 
357 345 324 
309 336 324 
304 330 319 
319 288 304 
288 274 304 
280 266 294 
280 295 267 
267 254 280 
254 266 280 
294 321 311 
311 280 294 
295 280 311 
311 321 335 
335 326 311 
326 295 311 
256 284 269 
269 282 255 
269 296 282 
269 284 296 
172 198 184 
172 145 159 
172 184 157 
157 145 172 
211 198 185 
199 211 185 
185 173 199 
159 173 185 
185 172 159 
198 172 185 
217 229 243 
243 228 217 
256 228 243 
243 229 257 
257 270 243 
270 256 243 
242 227 214 
214 228 242 
255 227 242 
242 228 256 
242 269 255 
256 269 242 
101 76 88 
90 76 101 
88 111 101 
101 111 125 
115 90 101 
101 125 115 
47 35 29 
47 55 35 
29 39 47 
68 55 47 
47 58 68 
39 58 47 
100 119 98 
119 118 98 
82 100 98 
260 241 267 
260 233 241 
267 283 260 
283 275 260 
248 236 222 
248 260 275 
222 233 248 
233 260 248 
250 236 263 
263 278 250 
290 278 263 
263 275 290 
263 248 275 
236 248 263 
331 299 314 
346 331 314 
314 326 346 
314 295 326 
283 295 314 
314 299 283 
322 337 308 
322 293 310 
308 293 322 
310 338 322 
322 338 350 
350 337 322 
376 389 365 
403 389 376 
376 391 403 
475 467 487 
458 468 477 
477 467 458 
494 487 477 
477 487 467 
353 367 341 
353 327 342 
341 327 353 
353 342 368 
368 379 353 
379 367 353 
161 147 174 
174 188 161 
161 188 176 
134 147 161 
205 218 189 
179 192 205 
205 189 179 
205 192 219 
219 232 205 
232 218 205 
114 127 104 
104 93 114 
104 127 112 
112 86 104 
86 75 104 
75 93 104 
155 142 169 
181 155 169 
169 196 181 
183 196 169 
265 292 277 
277 251 265 
265 251 238 
265 238 237 
265 237 252 
252 279 265 
279 292 265 
264 291 276 
264 276 249 
277 291 264 
264 251 277 
249 235 264 
235 251 264 
133 121 107 
107 122 133 
107 121 94 
95 122 107 
94 84 107 
84 95 107 
36 53 44 
44 28 36 
53 63 44 
33 28 44 
96 85 108 
109 87 96 
96 120 109 
108 120 96 
73 63 85 
73 87 64 
85 96 73 
73 96 87 
317 345 330 
317 324 345 
330 304 317 
351 376 365 
365 338 351 
323 340 351 
351 338 323 
377 391 366 
391 376 366 
352 377 366 
366 340 352 
366 351 340 
376 351 366 
501 494 486 
494 477 486 
486 492 501 
486 477 468 
476 492 486 
486 468 476 
134 161 150 
150 123 134 
137 123 150 
150 163 137 
176 163 150 
150 161 176 
156 142 144 
156 169 142 
183 169 156 
144 170 156 
156 170 183 
52 43 33 
33 44 52 
52 44 63 
63 73 52 
64 43 52 
52 73 64 
324 317 301 
309 324 301 
301 291 309 
276 291 301 
276 301 289 
289 301 317 
289 262 276 
289 274 262 
289 304 274 
289 317 304 
