-0.499612 0.499112
-0.432936 0.499102
-0.366253 0.499086
-0.299564 0.499065
-0.232872 0.499043
-0.166178 0.499022
-0.0994837 0.499006
-0.0327889 0.498999
0.0339058 0.499001
0.1006 0.499012
0.167294 0.499031
0.233987 0.499055
0.300677 0.499081
0.367364 0.499105
0.434045 0.499124
0.500719 0.499138
-0.499611 0.432435
-0.43294 0.432429
-0.36626 0.432416
-0.299574 0.432398
-0.232882 0.432377
-0.166187 0.432358
-0.099489 0.432343
-0.0327893 0.432336
0.0339106 0.432338
0.10061 0.432348
0.167307 0.432366
0.234001 0.432389
0.30069 0.432412
0.367375 0.432434
0.434052 0.43245
0.500722 0.43246
-0.499604 0.36575
-0.432935 0.365748
-0.366258 0.365738
-0.299574 0.365723
-0.232884 0.365705
-0.166189 0.365687
-0.0994897 0.365674
-0.0327882 0.365668
0.0339139 0.36567
0.100615 0.365679
0.167313 0.365695
0.234007 0.365715
0.300695 0.365736
0.367377 0.365754
0.434052 0.365767
0.500719 0.365772
-0.499591 0.299058
-0.432925 0.29906
-0.366251 0.299053
-0.299569 0.29904
-0.23288 0.299025
-0.166186 0.29901
-0.0994875 0.298999
-0.0327861 0.298993
0.0339161 0.298995
0.100617 0.299003
0.167315 0.299016
0.234007 0.299033
0.300694 0.299051
0.367373 0.299067
0.434046 0.299076
0.50071 0.299078
-0.499575 0.232363
-0.432911 0.232366
-0.366239 0.232361
-0.29956 0.23235
-0.232874 0.232338
-0.166181 0.232325
-0.0994839 0.232316
-0.0327837 0.232311
0.0339174 0.232312
0.100617 0.232319
0.167313 0.23233
0.234004 0.232345
0.300689 0.232359
0.367366 0.232372
0.434035 0.232379
0.500698 0.232379
-0.49956 0.165665
-0.432897 0.165668
-0.366228 0.165664
-0.299551 0.165655
-0.232866 0.165644
-0.166176 0.165634
-0.0994801 0.165627
-0.0327814 0.165623
0.0339182 0.165623
0.100616 0.165629
0.167311 0.165638
0.234 0.165649
0.300682 0.165661
0.367357 0.165672
0.434025 0.165678
0.500685 0.165677
-0.499549 0.0989664
-0.432887 0.0989671
-0.366218 0.0989626
-0.299543 0.098955
-0.232861 0.0989464
-0.166171 0.0989382
-0.0994771 0.0989321
-0.0327797 0.098929
0.0339186 0.0989295
0.100615 0.0989334
0.167309 0.0989404
0.233996 0.0989493
0.300677 0.0989589
0.36735 0.0989674
0.434016 0.098973
0.500676 0.0989736
-0.499543 0.0322675
-0.432882 0.0322647
-0.366214 0.0322593
-0.29954 0.0322524
-0.232858 0.0322454
-0.166169 0.0322391
-0.0994757 0.0322345
-0.0327789 0.0322321
0.033919 0.0322322
0.100615 0.0322348
0.167308 0.0322397
0.233995 0.0322461
0.300675 0.0322534
0.367347 0.0322606
0.434013 0.0322664
0.500672 0.0322697
-0.499546 -0.0344309
-0.432884 -0.0344378
-0.366216 -0.0344446
-0.299541 -0.0344509
-0.232859 -0.0344564
-0.16617 -0.0344609
-0.0994763 -0.0344641
-0.032779 -0.0344658
0.0339192 -0.034466
0.100616 -0.0344647
0.167309 -0.0344619
0.233996 -0.0344579
0.300677 -0.0344527
0.367349 -0.0344467
0.434015 -0.0344404
0.500675 -0.0344339
-0.499556 -0.101128
-0.432894 -0.101139
-0.366225 -0.101147
-0.299548 -0.101153
-0.232865 -0.101157
-0.166175 -0.101159
-0.099479 -0.101161
-0.0327802 -0.101162
0.0339195 -0.101163
0.100618 -0.101163
0.167312 -0.101162
0.234001 -0.10116
0.300683 -0.101157
0.367357 -0.101153
0.434024 -0.101146
0.500684 -0.101136
-0.499573 -0.167825
-0.432909 -0.167838
-0.366238 -0.167846
-0.29956 -0.167851
-0.232874 -0.167854
-0.166181 -0.167854
-0.0994833 -0.167855
-0.0327823 -0.167855
0.0339197 -0.167856
0.10062 -0.167857
0.167317 -0.167858
0.234008 -0.167859
0.300692 -0.167859
0.367369 -0.167855
0.434037 -0.167849
0.500699 -0.167837
-0.499595 -0.234519
-0.432929 -0.234533
-0.366255 -0.234541
-0.299574 -0.234545
-0.232885 -0.234545
-0.166189 -0.234544
-0.0994888 -0.234542
-0.032785 -0.234542
0.0339197 -0.234543
0.100623 -0.234546
0.167322 -0.234549
0.234016 -0.234552
0.300703 -0.234554
0.367383 -0.234553
0.434054 -0.234548
0.500718 -0.234536
-0.499617 -0.30121
-0.432949 -0.301224
-0.366273 -0.30123
-0.299588 -0.301232
-0.232896 -0.301229
-0.166198 -0.301226
-0.0994944 -0.301223
-0.0327881 -0.301222
0.0339191 -0.301223
0.100625 -0.301227
0.167327 -0.301233
0.234024 -0.301239
0.300714 -0.301244
0.367397 -0.301245
0.434071 -0.301241
0.500737 -0.301231
-0.499639 -0.367897
-0.432968 -0.367908
-0.366289 -0.367912
-0.299601 -0.367911
-0.232906 -0.367907
-0.166205 -0.367901
-0.0994993 -0.367896
-0.032791 -0.367894
0.033918 -0.367896
0.100626 -0.367901
0.16733 -0.367909
0.23403 -0.367917
0.300723 -0.367925
0.367409 -0.367929
0.434086 -0.367928
0.500755 -0.36792
-0.499656 -0.434578
-0.432983 -0.434586
-0.3663 -0.434587
-0.299609 -0.434583
-0.232911 -0.434576
-0.166209 -0.434568
-0.099502 -0.434562
-0.0327933 -0.434559
0.0339159 -0.434561
0.100624 -0.434567
0.16733 -0.434577
0.234031 -0.434588
0.300727 -0.434598
0.367416 -0.434605
0.434096 -0.434607
0.500768 -0.434603
-0.499669 -0.501251
-0.432991 -0.501255
-0.366304 -0.501254
-0.29961 -0.501247
-0.232911 -0.501238
-0.166207 -0.501228
-0.0995014 -0.501221
-0.0327945 -0.501217
0.0339127 -0.501219
0.100619 -0.501226
0.167324 -0.501237
0.234026 -0.501251
0.300724 -0.501263
0.367416 -0.501273
0.434101 -0.501278
0.500777 -0.501278
