-0.499608 0.499066
-0.432932 0.499055
-0.366249 0.499039
-0.299561 0.499018
-0.23287 0.498995
-0.166177 0.498974
-0.0994829 0.498959
-0.032789 0.498951
0.0339047 0.498953
0.100598 0.498964
0.167291 0.498983
0.233983 0.499008
0.300672 0.499034
0.367359 0.499058
0.43404 0.499078
0.500714 0.499092
-0.499607 0.432389
-0.432936 0.432383
-0.366257 0.432369
-0.299571 0.432351
-0.23288 0.43233
-0.166186 0.43231
-0.0994883 0.432295
-0.0327895 0.432288
0.0339095 0.43229
0.100608 0.432301
0.167304 0.432319
0.233997 0.432341
0.300686 0.432365
0.36737 0.432387
0.434048 0.432404
0.500717 0.432414
-0.499601 0.365704
-0.432932 0.365702
-0.366256 0.365691
-0.299572 0.365675
-0.232882 0.365657
-0.166188 0.36564
-0.0994891 0.365627
-0.0327884 0.36562
0.0339129 0.365622
0.100613 0.365631
0.16731 0.365647
0.234004 0.365667
0.300692 0.365689
0.367373 0.365707
0.434048 0.365721
0.500715 0.365726
-0.499588 0.299013
-0.432922 0.299014
-0.366248 0.299006
-0.299567 0.298993
-0.232879 0.298977
-0.166185 0.298962
-0.0994871 0.298951
-0.0327864 0.298945
0.0339151 0.298947
0.100615 0.298955
0.167312 0.298969
0.234004 0.298986
0.300691 0.299004
0.36737 0.29902
0.434042 0.29903
0.500706 0.299032
-0.499573 0.232317
-0.432909 0.23232
-0.366237 0.232314
-0.299558 0.232303
-0.232872 0.23229
-0.16618 0.232278
-0.0994836 0.232268
-0.032784 0.232263
0.0339165 0.232264
0.100616 0.232271
0.167311 0.232283
0.234002 0.232297
0.300686 0.232312
0.367363 0.232326
0.434032 0.232334
0.500694 0.232333
-0.499558 0.16562
-0.432895 0.165622
-0.366226 0.165617
-0.299549 0.165608
-0.232865 0.165597
-0.166175 0.165587
-0.0994799 0.165579
-0.0327818 0.165575
0.0339173 0.165576
0.100615 0.165581
0.167309 0.16559
0.233998 0.165602
0.30068 0.165615
0.367354 0.165626
0.434022 0.165632
0.500682 0.165632
-0.499547 0.0989213
-0.432885 0.0989216
-0.366217 0.0989165
-0.299542 0.0989085
-0.23286 0.0988994
-0.166171 0.0988909
-0.0994771 0.0988846
-0.0327801 0.0988814
0.0339178 0.0988818
0.100614 0.0988859
0.167307 0.0988931
0.233994 0.0989024
0.300675 0.0989124
0.367348 0.0989214
0.434014 0.0989275
0.500674 0.0989286
-0.499542 0.0322227
-0.432881 0.0322194
-0.366213 0.0322135
-0.299539 0.0322062
-0.232857 0.0321987
-0.166169 0.0321921
-0.0994758 0.0321872
-0.0327793 0.0321847
0.0339181 0.0321848
0.100614 0.0321875
0.167306 0.0321927
0.233993 0.0321995
0.300673 0.0322073
0.367345 0.0322149
0.434011 0.0322212
0.50067 0.032225
-0.499545 -0.0344755
-0.432884 -0.0344828
-0.366216 -0.03449
-0.299541 -0.0344968
-0.232859 -0.0345028
-0.16617 -0.0345077
-0.0994765 -0.0345111
-0.0327795 -0.034513
0.0339185 -0.0345132
0.100615 -0.0345117
0.167308 -0.0345086
0.233995 -0.0345042
0.300675 -0.0344985
0.367348 -0.0344921
0.434013 -0.0344852
0.500673 -0.0344783
-0.499556 -0.101173
-0.432893 -0.101184
-0.366224 -0.101192
-0.299548 -0.101198
-0.232865 -0.101203
-0.166175 -0.101206
-0.0994792 -0.101208
-0.0327807 -0.101209
0.0339188 -0.10121
0.100617 -0.101209
0.167311 -0.101208
0.234 -0.101206
0.300681 -0.101203
0.367355 -0.101198
0.434022 -0.10119
0.500682 -0.101181
-0.499573 -0.167869
-0.432909 -0.167882
-0.366238 -0.167891
-0.29956 -0.167897
-0.232874 -0.167899
-0.166181 -0.167901
-0.0994836 -0.167901
-0.0327828 -0.167902
0.033919 -0.167902
0.100619 -0.167903
0.167316 -0.167905
0.234007 -0.167905
0.300691 -0.167904
0.367367 -0.1679
0.434036 -0.167893
0.500698 -0.167881
-0.499595 -0.234563
-0.432929 -0.234577
-0.366255 -0.234586
-0.299574 -0.23459
-0.232885 -0.23459
-0.16619 -0.23459
-0.0994891 -0.234589
-0.0327855 -0.234588
0.033919 -0.234589
0.100622 -0.234592
0.167321 -0.234595
0.234015 -0.234598
0.300702 -0.234599
0.367382 -0.234598
0.434053 -0.234591
0.500717 -0.234579
-0.499618 -0.301254
-0.43295 -0.301268
-0.366273 -0.301275
-0.299589 -0.301276
-0.232897 -0.301275
-0.166198 -0.301272
-0.0994949 -0.301269
-0.0327886 -0.301268
0.0339185 -0.301269
0.100624 -0.301273
0.167326 -0.301279
0.234023 -0.301284
0.300713 -0.301288
0.367396 -0.301289
0.43407 -0.301285
0.500736 -0.301274
-0.499639 -0.36794
-0.432969 -0.367952
-0.366289 -0.367957
-0.299601 -0.367956
-0.232906 -0.367952
-0.166205 -0.367946
-0.0994998 -0.367942
-0.0327915 -0.36794
0.0339174 -0.367942
0.100625 -0.367947
0.16733 -0.367954
0.234029 -0.367963
0.300722 -0.36797
0.367408 -0.367973
0.434085 -0.367971
0.500754 -0.367963
-0.499657 -0.434621
-0.432983 -0.434629
-0.366301 -0.434631
-0.29961 -0.434628
-0.232912 -0.434621
-0.166209 -0.434613
-0.0995026 -0.434608
-0.0327939 -0.434605
0.0339154 -0.434607
0.100624 -0.434613
0.167329 -0.434622
0.234031 -0.434633
0.300726 -0.434643
0.367415 -0.434649
0.434096 -0.434651
0.500768 -0.434646
-0.49967 -0.501295
-0.432992 -0.501299
-0.366306 -0.501298
-0.299611 -0.501292
-0.232912 -0.501283
-0.166208 -0.501273
-0.0995022 -0.501266
-0.0327951 -0.501263
0.0339123 -0.501265
0.100619 -0.501272
0.167324 -0.501283
0.234026 -0.501295
0.300724 -0.501308
0.367416 -0.501317
0.434101 -0.501321
0.500777 -0.501321
