-0.58095 0.581003
-0.564744 0.580772
-0.548228 0.580385
-0.53143 0.579897
-0.514367 0.579375
-0.497052 0.578865
-0.479496 0.578397
-0.461714 0.577986
-0.443724 0.577636
-0.425547 0.577346
-0.407204 0.577111
-0.38872 0.576924
-0.370115 0.576778
-0.351411 0.576665
-0.332625 0.576578
-0.313775 0.576514
-0.294874 0.576466
-0.275934 0.576431
-0.256964 0.576406
-0.237971 0.576388
-0.218963 0.576375
-0.199942 0.576366
-0.180913 0.57636
-0.161878 0.576356
-0.142839 0.576353
-0.123798 0.576352
-0.104754 0.576351
-0.0857099 0.576352
-0.0666648 0.576354
-0.0476192 0.576357
-0.0285734 0.576362
-0.00952724 0.576371
0.00951979 0.576386
0.0285676 0.576395
0.0476154 0.5764
0.066663 0.576404
0.0857101 0.576407
0.104756 0.576409
0.123801 0.576411
0.142844 0.576413
0.161885 0.576416
0.180921 0.57642
0.199952 0.576425
0.218975 0.576434
0.237987 0.576445
0.256982 0.576462
0.275956 0.576487
0.2949 0.57652
0.313806 0.576567
0.332662 0.57663
0.351453 0.576715
0.370164 0.576826
0.388775 0.576972
0.407266 0.577158
0.425614 0.577392
0.443796 0.577681
0.461791 0.578031
0.479576 0.578442
0.497134 0.57891
0.51445 0.57942
0.531513 0.579941
0.548309 0.580424
0.564824 0.580803
0.581025 0.581018
-0.580768 0.564797
-0.564697 0.564705
-0.54828 0.56442
-0.531545 0.564025
-0.514513 0.563587
-0.497203 0.563153
-0.479637 0.562754
-0.461837 0.562403
-0.443826 0.562107
-0.425628 0.561863
-0.407267 0.561668
-0.388767 0.561513
-0.37015 0.561393
-0.351436 0.561302
-0.332644 0.561233
-0.313788 0.561182
-0.294883 0.561145
-0.27594 0.561117
-0.256968 0.561098
-0.237975 0.561084
-0.218965 0.561074
-0.199944 0.561068
-0.180914 0.561063
-0.161879 0.56106
-0.14284 0.561058
-0.123798 0.561057
-0.104754 0.561057
-0.0857089 0.561058
-0.0666629 0.56106
-0.0476164 0.561063
-0.0285692 0.561068
-0.00952162 0.561076
0.00952546 0.561086
0.0285719 0.561094
0.0476186 0.5611
0.0666652 0.561103
0.0857116 0.561106
0.104757 0.561108
0.123802 0.56111
0.142845 0.561111
0.161885 0.561113
0.180922 0.561116
0.199953 0.56112
0.218976 0.561127
0.237988 0.561136
0.256984 0.561149
0.275959 0.561167
0.294906 0.561193
0.313815 0.56123
0.332675 0.56128
0.351473 0.561347
0.370192 0.561438
0.388815 0.561556
0.40732 0.56171
0.425686 0.561905
0.443888 0.562148
0.461902 0.562444
0.479704 0.562795
0.497271 0.563194
0.514579 0.563627
0.531609 0.564063
0.548339 0.564454
0.56475 0.564731
0.580813 0.564807
-0.580411 0.548275
-0.564441 0.548291
-0.548117 0.5481
-0.531453 0.547793
-0.514472 0.547436
-0.497194 0.547074
-0.479646 0.546737
-0.461853 0.546441
-0.443844 0.54619
-0.425644 0.545984
-0.40728 0.54582
-0.388777 0.545691
-0.370157 0.545592
-0.351441 0.545517
-0.332647 0.545461
-0.31379 0.54542
-0.294884 0.54539
-0.275941 0.545369
-0.256969 0.545353
-0.237975 0.545342
-0.218965 0.545335
-0.199944 0.54533
-0.180915 0.545326
-0.161879 0.545324
-0.14284 0.545322
-0.123798 0.545322
-0.104753 0.545322
-0.0857079 0.545323
-0.0666615 0.545325
-0.0476144 0.545328
-0.0285668 0.545333
-0.00951924 0.545339
0.00952787 0.545346
0.0285744 0.545353
0.0476207 0.545358
0.0666669 0.545361
0.0857127 0.545364
0.104758 0.545366
0.123802 0.545367
0.142845 0.545369
0.161885 0.54537
0.180921 0.545373
0.199952 0.545376
0.218975 0.545381
0.237986 0.545388
0.256983 0.545398
0.275958 0.545412
0.294904 0.545433
0.313814 0.545462
0.332674 0.545503
0.351473 0.545558
0.370194 0.545632
0.388819 0.54573
0.407326 0.545858
0.425694 0.546022
0.443897 0.546227
0.461908 0.546477
0.479702 0.546773
0.497249 0.54711
0.514525 0.54747
0.531502 0.547825
0.548159 0.548128
0.564476 0.548311
0.580438 0.548283
-0.579942 0.53147
-0.564066 0.531556
-0.547828 0.531441
-0.53124 0.53121
-0.514317 0.530924
-0.497085 0.530628
-0.479569 0.530348
-0.4618 0.530099
-0.443806 0.529889
-0.425617 0.529715
-0.407261 0.529577
-0.388762 0.529469
-0.370146 0.529387
-0.351432 0.529325
-0.33264 0.529279
-0.313785 0.529245
-0.294881 0.52922
-0.275938 0.529203
-0.256967 0.529191
-0.237974 0.529182
-0.218965 0.529176
-0.199944 0.529172
-0.180914 0.529169
-0.161879 0.529167
-0.14284 0.529166
-0.123797 0.529166
-0.104753 0.529166
-0.0857073 0.529167
-0.0666606 0.529169
-0.0476134 0.529172
-0.0285658 0.529176
-0.00951828 0.529181
0.00952886 0.529187
0.0285755 0.529192
0.0476218 0.529196
0.0666679 0.529199
0.0857135 0.529202
0.104758 0.529203
0.123802 0.529205
0.142845 0.529206
0.161884 0.529207
0.18092 0.529209
0.199951 0.529212
0.218973 0.529216
0.237984 0.529221
0.256979 0.529229
0.275953 0.529241
0.294898 0.529258
0.313806 0.529282
0.332665 0.529315
0.351461 0.52936
0.370179 0.529421
0.3888 0.529503
0.407302 0.52961
0.425661 0.529748
0.443853 0.529921
0.461847 0.530131
0.479617 0.530379
0.497131 0.530658
0.51436 0.530953
0.531277 0.531236
0.547859 0.531463
0.564089 0.531573
0.579958 0.531479
-0.579432 0.514402
-0.56364 0.514523
-0.547483 0.514462
-0.530966 0.514292
-0.514105 0.514068
-0.496922 0.513829
-0.479446 0.513599
-0.461707 0.513393
-0.443736 0.513218
-0.425565 0.513073
-0.407221 0.512957
-0.388733 0.512867
-0.370124 0.512798
-0.351416 0.512746
-0.332628 0.512708
-0.313776 0.51268
-0.294874 0.51266
-0.275934 0.512645
-0.256964 0.512635
-0.237972 0.512628
-0.218963 0.512624
-0.199943 0.51262
-0.180914 0.512618
-0.161879 0.512617
-0.142839 0.512616
-0.123797 0.512616
-0.104753 0.512616
-0.085707 0.512617
-0.0666603 0.512619
-0.047613 0.512622
-0.0285655 0.512625
-0.0095181 0.512629
0.00952906 0.512633
0.0285758 0.512637
0.0476222 0.512641
0.0666683 0.512643
0.0857138 0.512645
0.104759 0.512647
0.123802 0.512648
0.142845 0.512649
0.161884 0.512651
0.180919 0.512652
0.199949 0.512654
0.218971 0.512657
0.237981 0.512662
0.256975 0.512669
0.275947 0.512678
0.294891 0.512692
0.313795 0.512711
0.332651 0.512739
0.351443 0.512776
0.370154 0.512828
0.388767 0.512896
0.407259 0.512986
0.425605 0.513101
0.443778 0.513245
0.461749 0.51342
0.479487 0.513626
0.496961 0.513854
0.51414 0.514092
0.530996 0.514313
0.547506 0.51448
0.563655 0.514537
0.579439 0.51441
-0.578929 0.497081
-0.563213 0.497213
-0.547129 0.497186
-0.530677 0.497063
-0.513873 0.496889
-0.496738 0.496699
-0.479302 0.496514
-0.461596 0.496345
-0.443651 0.4962
-0.4255 0.496081
-0.407173 0.495984
-0.388696 0.495909
-0.370097 0.495852
-0.351396 0.495809
-0.332613 0.495777
-0.313765 0.495754
-0.294866 0.495737
-0.275928 0.495725
-0.25696 0.495717
-0.237969 0.495711
-0.218962 0.495707
-0.199942 0.495705
-0.180913 0.495703
-0.161878 0.495702
-0.142839 0.495701
-0.123797 0.495701
-0.104753 0.495702
-0.085707 0.495703
-0.0666603 0.495704
-0.0476132 0.495706
-0.0285658 0.495709
-0.00951838 0.495712
0.00952879 0.495715
0.0285756 0.495719
0.0476221 0.495721
0.0666682 0.495724
0.0857138 0.495726
0.104759 0.495727
0.123802 0.495728
0.142844 0.495729
0.161883 0.49573
0.180918 0.495731
0.199948 0.495733
0.218969 0.495736
0.237978 0.495739
0.25697 0.495745
0.275941 0.495753
0.294882 0.495764
0.313784 0.49578
0.332635 0.495803
0.351421 0.495834
0.370125 0.495877
0.388728 0.495934
0.407208 0.496008
0.425537 0.496104
0.44369 0.496224
0.461635 0.496368
0.47934 0.496535
0.496773 0.49672
0.513903 0.496909
0.530702 0.49708
0.547146 0.497201
0.563223 0.497224
0.578931 0.497089
-0.578464 0.479521
-0.562817 0.479645
-0.546796 0.479639
-0.530401 0.47955
-0.513648 0.479417
-0.496557 0.479268
-0.479158 0.479119
-0.461483 0.478984
-0.443564 0.478866
-0.425433 0.478768
-0.407121 0.478689
-0.388658 0.478627
-0.370068 0.478579
-0.351374 0.478543
-0.332597 0.478517
-0.313754 0.478498
-0.294858 0.478484
-0.275923 0.478474
-0.256956 0.478468
-0.237966 0.478463
-0.21896 0.47846
-0.199941 0.478457
-0.180913 0.478456
-0.161878 0.478455
-0.142839 0.478455
-0.123797 0.478455
-0.104753 0.478455
-0.0857071 0.478456
-0.0666606 0.478458
-0.0476135 0.478459
-0.0285662 0.478462
-0.00951891 0.478464
0.00952826 0.478466
0.0285752 0.478469
0.0476218 0.478471
0.066668 0.478473
0.0857136 0.478475
0.104758 0.478476
0.123802 0.478477
0.142844 0.478478
0.161883 0.478479
0.180917 0.47848
0.199946 0.478481
0.218966 0.478483
0.237975 0.478486
0.256966 0.478491
0.275935 0.478497
0.294873 0.478507
0.313772 0.47852
0.332618 0.478539
0.351398 0.478565
0.370095 0.4786
0.388688 0.478647
0.407155 0.478709
0.425468 0.478787
0.4436 0.478885
0.461519 0.479002
0.479193 0.479137
0.496589 0.479284
0.513675 0.479433
0.530423 0.479564
0.546811 0.479651
0.562825 0.479655
0.578464 0.479528
-0.578054 0.461735
-0.562468 0.461844
-0.546501 0.461847
-0.530155 0.461783
-0.513444 0.461681
-0.496391 0.461565
-0.479025 0.461448
-0.461377 0.46134
-0.44348 0.461245
-0.425369 0.461166
-0.407072 0.461102
-0.388621 0.461051
-0.37004 0.461013
-0.351354 0.460983
-0.332582 0.460962
-0.313743 0.460946
-0.294851 0.460935
-0.275917 0.460927
-0.256952 0.460921
-0.237964 0.460917
-0.218958 0.460915
-0.19994 0.460913
-0.180912 0.460912
-0.161878 0.460911
-0.142839 0.460911
-0.123797 0.460911
-0.104753 0.460912
-0.0857074 0.460912
-0.066661 0.460913
-0.047614 0.460915
-0.0285668 0.460917
-0.00951955 0.460918
0.00952763 0.46092
0.0285746 0.460922
0.0476213 0.460924
0.0666675 0.460926
0.0857132 0.460927
0.104758 0.460928
0.123802 0.460929
0.142843 0.46093
0.161882 0.46093
0.180917 0.460931
0.199945 0.460933
0.218965 0.460934
0.237972 0.460937
0.256962 0.46094
0.275929 0.460946
0.294865 0.460953
0.31376 0.460964
0.332603 0.46098
0.351377 0.461001
0.370067 0.46103
0.38865 0.461068
0.407105 0.461118
0.425403 0.461182
0.443516 0.461261
0.461412 0.461355
0.479058 0.461462
0.496421 0.461578
0.51347 0.461694
0.530175 0.461794
0.546514 0.461857
0.562474 0.461852
0.578053 0.461742
-0.577705 0.443742
-0.562172 0.443831
-0.54625 0.443838
-0.529944 0.443791
-0.513268 0.443714
-0.496247 0.443624
-0.478907 0.443532
-0.461283 0.443447
-0.443406 0.443373
-0.425311 0.44331
-0.407028 0.443258
-0.388587 0.443218
-0.370015 0.443186
-0.351335 0.443163
-0.332569 0.443145
-0.313733 0.443133
-0.294844 0.443123
-0.275912 0.443117
-0.256949 0.443112
-0.237962 0.443109
-0.218957 0.443107
-0.199939 0.443106
-0.180911 0.443105
-0.161877 0.443104
-0.142839 0.443104
-0.123797 0.443104
-0.104753 0.443105
-0.0857078 0.443105
-0.0666615 0.443106
-0.0476146 0.443107
-0.0285674 0.443109
-0.00952021 0.44311
0.00952697 0.443112
0.028574 0.443113
0.0476207 0.443115
0.066667 0.443116
0.0857128 0.443117
0.104758 0.443118
0.123801 0.443118
0.142843 0.443119
0.161881 0.44312
0.180916 0.443121
0.199944 0.443122
0.218963 0.443123
0.237969 0.443125
0.256958 0.443128
0.275924 0.443132
0.294858 0.443139
0.31375 0.443147
0.332589 0.44316
0.351358 0.443177
0.370041 0.4432
0.388616 0.443231
0.40706 0.443271
0.425344 0.443322
0.443441 0.443385
0.461317 0.443459
0.47894 0.443544
0.496276 0.443634
0.513294 0.443723
0.529964 0.4438
0.546263 0.443846
0.562177 0.443838
0.577703 0.443749
-0.577414 0.425562
-0.561927 0.425633
-0.546044 0.425639
-0.52977 0.425603
-0.513123 0.425545
-0.496126 0.425475
-0.478809 0.425405
-0.461204 0.425339
-0.443343 0.42528
-0.425261 0.425231
-0.406989 0.425191
-0.388558 0.425159
-0.369993 0.425134
-0.351319 0.425115
-0.332557 0.425101
-0.313725 0.425091
-0.294838 0.425084
-0.275908 0.425078
-0.256946 0.425075
-0.23796 0.425072
-0.218955 0.425071
-0.199938 0.42507
-0.180911 0.425069
-0.161877 0.425069
-0.142839 0.425068
-0.123797 0.425069
-0.104753 0.425069
-0.0857081 0.425069
-0.0666619 0.42507
-0.0476151 0.425071
-0.028568 0.425072
-0.00952083 0.425073
0.00952635 0.425074
0.0285734 0.425075
0.0476202 0.425076
0.0666666 0.425077
0.0857124 0.425078
0.104757 0.425079
0.123801 0.42508
0.142842 0.42508
0.161881 0.425081
0.180915 0.425081
0.199943 0.425082
0.218961 0.425083
0.237967 0.425085
0.256955 0.425087
0.275919 0.425091
0.294851 0.425096
0.313741 0.425103
0.332577 0.425113
0.351342 0.425126
0.370019 0.425145
0.388587 0.425169
0.407021 0.425201
0.425295 0.425241
0.443378 0.42529
0.461238 0.425348
0.478842 0.425414
0.496156 0.425484
0.513148 0.425552
0.52979 0.42561
0.546057 0.425645
0.561933 0.425639
0.577412 0.425568
-0.577178 0.407219
-0.56173 0.407271
-0.545878 0.407275
-0.529631 0.407248
-0.513006 0.407203
-0.496029 0.40715
-0.478729 0.407096
-0.461139 0.407046
-0.443291 0.407001
-0.42522 0.406962
-0.406958 0.406931
-0.388533 0.406906
-0.369974 0.406887
-0.351305 0.406872
-0.332547 0.406861
-0.313717 0.406853
-0.294832 0.406848
-0.275904 0.406844
-0.256943 0.406841
-0.237958 0.406839
-0.218954 0.406838
-0.199937 0.406837
-0.18091 0.406836
-0.161877 0.406836
-0.142839 0.406836
-0.123797 0.406836
-0.104754 0.406836
-0.0857084 0.406837
-0.0666623 0.406837
-0.0476156 0.406838
-0.0285686 0.406839
-0.00952138 0.40684
0.00952579 0.40684
0.0285728 0.406841
0.0476197 0.406842
0.0666661 0.406843
0.085712 0.406843
0.104757 0.406844
0.123801 0.406845
0.142842 0.406845
0.16188 0.406845
0.180914 0.406846
0.199942 0.406847
0.21896 0.406847
0.237965 0.406849
0.256953 0.406851
0.275916 0.406853
0.294846 0.406857
0.313734 0.406863
0.332566 0.406871
0.351328 0.406881
0.37 0.406896
0.388562 0.406915
0.406989 0.406939
0.425254 0.40697
0.443326 0.407008
0.461173 0.407053
0.478762 0.407103
0.496059 0.407157
0.513032 0.407209
0.529651 0.407254
0.545891 0.407281
0.561736 0.407276
0.577176 0.407224
-0.57699 0.388733
-0.561574 0.388771
-0.545748 0.388773
-0.529522 0.388751
-0.512915 0.388716
-0.495953 0.388676
-0.478666 0.388635
-0.461087 0.388597
-0.44325 0.388562
-0.425187 0.388533
-0.406932 0.38851
-0.388513 0.388491
-0.369959 0.388476
-0.351294 0.388465
-0.332538 0.388456
-0.313711 0.38845
-0.294828 0.388446
-0.275901 0.388443
-0.256941 0.388441
-0.237957 0.388439
-0.218953 0.388438
-0.199937 0.388437
-0.18091 0.388437
-0.161877 0.388437
-0.142839 0.388437
-0.123797 0.388437
-0.104754 0.388437
-0.0857087 0.388438
-0.0666627 0.388438
-0.047616 0.388438
-0.028569 0.388439
-0.00952186 0.38844
0.00952531 0.38844
0.0285724 0.388441
0.0476192 0.388442
0.0666657 0.388442
0.0857116 0.388443
0.104757 0.388443
0.1238 0.388444
0.142842 0.388444
0.16188 0.388444
0.180914 0.388445
0.199941 0.388445
0.218959 0.388446
0.237964 0.388447
0.25695 0.388448
0.275913 0.38845
0.294842 0.388453
0.313728 0.388457
0.332558 0.388463
0.351317 0.388472
0.369985 0.388483
0.388542 0.388497
0.406964 0.388516
0.425221 0.388539
0.443284 0.388568
0.461122 0.388602
0.478699 0.38864
0.495983 0.388681
0.512941 0.388721
0.529542 0.388755
0.545762 0.388777
0.56158 0.388775
0.576988 0.388737
-0.576842 0.370128
-0.561453 0.370154
-0.545648 0.370153
-0.529438 0.370136
-0.512845 0.370109
-0.495894 0.370078
-0.478617 0.370047
-0.461047 0.370018
-0.443217 0.369993
-0.425161 0.369971
-0.406911 0.369953
-0.388497 0.369939
-0.369947 0.369928
-0.351284 0.36992
-0.332531 0.369913
-0.313706 0.369909
-0.294824 0.369906
-0.275899 0.369903
-0.25694 0.369902
-0.237955 0.369901
-0.218952 0.3699
-0.199936 0.369899
-0.18091 0.369899
-0.161877 0.369899
-0.142839 0.369899
-0.123798 0.369899
-0.104754 0.369899
-0.0857089 0.3699
-0.0666629 0.3699
-0.0476163 0.3699
-0.0285694 0.369901
-0.00952225 0.369901
0.00952491 0.369902
0.028572 0.369902
0.0476189 0.369903
0.0666654 0.369903
0.0857113 0.369903
0.104756 0.369904
0.1238 0.369904
0.142841 0.369904
0.16188 0.369905
0.180913 0.369905
0.199941 0.369905
0.218958 0.369906
0.237963 0.369907
0.256949 0.369908
0.27591 0.369909
0.294838 0.369911
0.313723 0.369914
0.332551 0.369919
0.351308 0.369925
0.369973 0.369933
0.388527 0.369944
0.406943 0.369958
0.425195 0.369976
0.443252 0.369997
0.461082 0.370022
0.478651 0.370051
0.495925 0.370082
0.512871 0.370112
0.529459 0.370139
0.545662 0.370157
0.56146 0.370157
0.57684 0.370131
-0.576728 0.351423
-0.561361 0.35144
-0.545571 0.351438
-0.529374 0.351423
-0.512792 0.351402
-0.49585 0.351379
-0.478581 0.351356
-0.461017 0.351334
-0.443193 0.351315
-0.425142 0.351299
-0.406896 0.351286
-0.388485 0.351276
-0.369938 0.351268
-0.351277 0.351262
-0.332526 0.351257
-0.313702 0.351254
-0.294822 0.351252
-0.275897 0.35125
-0.256938 0.351249
-0.237954 0.351248
-0.218952 0.351248
-0.199936 0.351247
-0.18091 0.351247
-0.161877 0.351247
-0.142839 0.351247
-0.123798 0.351247
-0.104754 0.351247
-0.0857091 0.351247
-0.0666632 0.351248
-0.0476166 0.351248
-0.0285697 0.351248
-0.00952257 0.351249
0.0095246 0.351249
0.0285717 0.351249
0.0476186 0.35125
0.0666651 0.35125
0.0857111 0.35125
0.104756 0.351251
0.1238 0.351251
0.142841 0.351251
0.161879 0.351251
0.180913 0.351251
0.19994 0.351252
0.218957 0.351252
0.237962 0.351253
0.256947 0.351253
0.275908 0.351254
0.294836 0.351256
0.313719 0.351258
0.332546 0.351261
0.351301 0.351266
0.369964 0.351272
0.388515 0.35128
0.406928 0.35129
0.425176 0.351303
0.443228 0.351318
0.461052 0.351337
0.478615 0.351359
0.495881 0.351382
0.512819 0.351405
0.529396 0.351426
0.545586 0.35144
0.561368 0.351443
0.576726 0.351426
-0.576641 0.332638
-0.561291 0.332648
-0.545515 0.332644
-0.529327 0.332632
-0.512752 0.332615
-0.495817 0.332598
-0.478553 0.33258
-0.460994 0.332565
-0.443174 0.332551
-0.425127 0.332539
-0.406884 0.33253
-0.388476 0.332522
-0.36993 0.332517
-0.351272 0.332513
-0.332522 0.332509
-0.313699 0.332507
-0.294819 0.332506
-0.275895 0.332504
-0.256937 0.332504
-0.237954 0.332503
-0.218951 0.332503
-0.199935 0.332503
-0.180909 0.332503
-0.161877 0.332502
-0.142839 0.332503
-0.123798 0.332503
-0.104754 0.332503
-0.0857093 0.332503
-0.0666634 0.332503
-0.0476168 0.332503
-0.0285699 0.332504
-0.00952282 0.332504
0.00952435 0.332504
0.0285714 0.332504
0.0476183 0.332505
0.0666649 0.332505
0.0857108 0.332505
0.104756 0.332505
0.123799 0.332505
0.142841 0.332506
0.161879 0.332506
0.180913 0.332506
0.19994 0.332506
0.218957 0.332506
0.237961 0.332507
0.256946 0.332507
0.275907 0.332508
0.294834 0.332509
0.313716 0.33251
0.332542 0.332513
0.351296 0.332516
0.369957 0.33252
0.388506 0.332525
0.406916 0.332533
0.425161 0.332542
0.44321 0.332553
0.46103 0.332567
0.478588 0.332582
0.495849 0.3326
0.51278 0.332617
0.529349 0.332634
0.545529 0.332646
0.561298 0.33265
0.57664 0.33264
-0.576576 0.313787
-0.561239 0.313793
-0.545473 0.313788
-0.529293 0.313778
-0.512724 0.313765
-0.495793 0.313751
-0.478534 0.313738
-0.460978 0.313727
-0.443161 0.313717
-0.425116 0.313709
-0.406875 0.313702
-0.388469 0.313697
-0.369925 0.313693
-0.351268 0.313691
-0.332519 0.313688
-0.313697 0.313687
-0.294818 0.313686
-0.275894 0.313685
-0.256936 0.313685
-0.237953 0.313685
-0.218951 0.313684
-0.199935 0.313684
-0.180909 0.313684
-0.161877 0.313684
-0.142839 0.313684
-0.123798 0.313684
-0.104754 0.313684
-0.0857094 0.313685
-0.0666635 0.313685
-0.047617 0.313685
-0.0285701 0.313685
-0.00952301 0.313685
0.00952415 0.313685
0.0285713 0.313686
0.0476182 0.313686
0.0666647 0.313686
0.0857107 0.313686
0.104756 0.313686
0.123799 0.313686
0.142841 0.313686
0.161879 0.313687
0.180913 0.313687
0.199939 0.313687
0.218957 0.313687
0.23796 0.313687
0.256945 0.313687
0.275905 0.313688
0.294832 0.313688
0.313714 0.313689
0.332539 0.313691
0.351292 0.313693
0.369952 0.313696
0.388499 0.313699
0.406908 0.313704
0.425151 0.313711
0.443197 0.313719
0.461014 0.313728
0.478568 0.31374
0.495825 0.313753
0.512751 0.313766
0.529315 0.313779
0.545488 0.313789
0.561247 0.313794
0.576575 0.313789
-0.576528 0.294886
-0.561201 0.294888
-0.545442 0.294883
-0.529268 0.294874
-0.512703 0.294864
-0.495776 0.294854
-0.478519 0.294844
-0.460966 0.294836
-0.443151 0.294829
-0.425108 0.294823
-0.406869 0.294819
-0.388464 0.294815
-0.369921 0.294813
-0.351265 0.294811
-0.332517 0.29481
-0.313696 0.294809
-0.294817 0.294809
-0.275893 0.294808
-0.256936 0.294808
-0.237953 0.294808
-0.218951 0.294808
-0.199935 0.294808
-0.180909 0.294808
-0.161876 0.294808
-0.142839 0.294808
-0.123798 0.294808
-0.104754 0.294808
-0.0857095 0.294808
-0.0666636 0.294808
-0.0476171 0.294808
-0.0285702 0.294808
-0.00952315 0.294809
0.00952401 0.294809
0.0285711 0.294809
0.047618 0.294809
0.0666646 0.294809
0.0857106 0.294809
0.104756 0.294809
0.123799 0.294809
0.142841 0.294809
0.161879 0.294809
0.180912 0.29481
0.199939 0.29481
0.218956 0.29481
0.23796 0.29481
0.256945 0.29481
0.275905 0.29481
0.294831 0.29481
0.313713 0.294811
0.332537 0.294812
0.351289 0.294813
0.369948 0.294815
0.388494 0.294817
0.406902 0.29482
0.425143 0.294825
0.443187 0.29483
0.461002 0.294837
0.478554 0.294845
0.495808 0.294855
0.512731 0.294865
0.52929 0.294875
0.545457 0.294884
0.561209 0.294889
0.576526 0.294887
-0.576492 0.275946
-0.561174 0.275945
-0.54542 0.27594
-0.52925 0.275932
-0.512688 0.275924
-0.495764 0.275916
-0.478509 0.275909
-0.460958 0.275903
-0.443144 0.275899
-0.425102 0.275895
-0.406864 0.275892
-0.38846 0.27589
-0.369918 0.275889
-0.351263 0.275888
-0.332515 0.275887
-0.313694 0.275887
-0.294816 0.275886
-0.275893 0.275886
-0.256935 0.275886
-0.237952 0.275886
-0.218951 0.275886
-0.199935 0.275886
-0.180909 0.275886
-0.161876 0.275886
-0.142839 0.275886
-0.123798 0.275886
-0.104754 0.275887
-0.0857096 0.275887
-0.0666637 0.275887
-0.0476172 0.275887
-0.0285703 0.275887
-0.00952325 0.275887
0.0095239 0.275887
0.028571 0.275887
0.0476179 0.275887
0.0666645 0.275887
0.0857105 0.275887
0.104756 0.275887
0.123799 0.275888
0.142841 0.275888
0.161879 0.275888
0.180912 0.275888
0.199939 0.275888
0.218956 0.275888
0.23796 0.275888
0.256944 0.275888
0.275904 0.275888
0.29483 0.275888
0.313711 0.275888
0.332536 0.275888
0.351287 0.275889
0.369946 0.27589
0.388491 0.275891
0.406897 0.275893
0.425137 0.275896
0.44318 0.275899
0.460994 0.275904
0.478544 0.27591
0.495796 0.275917
0.512716 0.275925
0.529273 0.275933
0.545436 0.275941
0.561181 0.275946
0.576491 0.275946
-0.576467 0.256975
-0.561154 0.256973
-0.545405 0.256968
-0.529238 0.256961
-0.512678 0.256955
-0.495755 0.256949
-0.478502 0.256944
-0.460952 0.256939
-0.443139 0.256936
-0.425098 0.256934
-0.406861 0.256932
-0.388458 0.256931
-0.369916 0.256931
-0.351261 0.25693
-0.332514 0.25693
-0.313693 0.25693
-0.294815 0.25693
-0.275892 0.25693
-0.256935 0.25693
-0.237952 0.25693
-0.21895 0.25693
-0.199935 0.25693
-0.180909 0.25693
-0.161876 0.256931
-0.142839 0.256931
-0.123798 0.256931
-0.104754 0.256931
-0.0857096 0.256931
-0.0666638 0.256931
-0.0476173 0.256931
-0.0285704 0.256931
-0.00952333 0.256931
0.00952383 0.256931
0.0285709 0.256931
0.0476179 0.256931
0.0666644 0.256931
0.0857104 0.256931
0.104755 0.256931
0.123799 0.256931
0.142841 0.256931
0.161879 0.256931
0.180912 0.256931
0.199939 0.256931
0.218956 0.256931
0.237959 0.256931
0.256944 0.256931
0.275904 0.256931
0.294829 0.256931
0.313711 0.256931
0.332535 0.256931
0.351285 0.256931
0.369944 0.256931
0.388488 0.256932
0.406894 0.256933
0.425133 0.256935
0.443176 0.256937
0.460988 0.25694
0.478537 0.256944
0.495788 0.256949
0.512706 0.256955
0.52926 0.256962
0.54542 0.256968
0.561162 0.256974
0.576466 0.256976
-0.576449 0.237983
-0.56114 0.23798
-0.545394 0.237974
-0.529229 0.237969
-0.512671 0.237963
-0.495749 0.237959
-0.478497 0.237955
-0.460948 0.237952
-0.443136 0.23795
-0.425095 0.237948
-0.406859 0.237948
-0.388456 0.237947
-0.369915 0.237947
-0.35126 0.237947
-0.332513 0.237947
-0.313693 0.237948
-0.294815 0.237948
-0.275892 0.237948
-0.256935 0.237948
-0.237952 0.237948
-0.21895 0.237949
-0.199935 0.237949
-0.180909 0.237949
-0.161876 0.237949
-0.142839 0.237949
-0.123798 0.237949
-0.104754 0.237949
-0.0857097 0.237949
-0.0666638 0.237949
-0.0476173 0.237949
-0.0285705 0.237949
-0.00952338 0.237949
0.00952377 0.237949
0.0285709 0.237949
0.0476178 0.237949
0.0666644 0.237949
0.0857104 0.237949
0.104755 0.237949
0.123799 0.237949
0.14284 0.237949
0.161879 0.237949
0.180912 0.237949
0.199939 0.237949
0.218956 0.237949
0.237959 0.237949
0.256944 0.237949
0.275903 0.237949
0.294829 0.237949
0.31371 0.237948
0.332534 0.237948
0.351284 0.237948
0.369942 0.237948
0.388487 0.237948
0.406892 0.237948
0.425131 0.237949
0.443172 0.23795
0.460984 0.237952
0.478532 0.237955
0.495782 0.237959
0.512699 0.237964
0.529251 0.237969
0.545409 0.237975
0.561148 0.23798
0.576448 0.237983
-0.576436 0.218974
-0.561131 0.21897
-0.545386 0.218965
-0.529223 0.21896
-0.512666 0.218955
-0.495745 0.218952
-0.478494 0.218949
-0.460945 0.218947
-0.443134 0.218945
-0.425094 0.218945
-0.406857 0.218945
-0.388455 0.218945
-0.369914 0.218945
-0.351259 0.218945
-0.332513 0.218946
-0.313692 0.218946
-0.294814 0.218947
-0.275892 0.218947
-0.256935 0.218947
-0.237952 0.218947
-0.21895 0.218948
-0.199935 0.218948
-0.180909 0.218948
-0.161876 0.218948
-0.142839 0.218948
-0.123798 0.218948
-0.104755 0.218948
-0.0857097 0.218948
-0.0666638 0.218948
-0.0476174 0.218948
-0.0285705 0.218948
-0.00952342 0.218948
0.00952373 0.218948
0.0285708 0.218948
0.0476178 0.218948
0.0666643 0.218948
0.0857103 0.218948
0.104755 0.218948
0.123799 0.218948
0.14284 0.218948
0.161879 0.218948
0.180912 0.218948
0.199939 0.218948
0.218956 0.218948
0.237959 0.218948
0.256944 0.218948
0.275903 0.218947
0.294829 0.218947
0.31371 0.218947
0.332533 0.218946
0.351283 0.218946
0.369941 0.218945
0.388485 0.218945
0.40689 0.218945
0.425129 0.218945
0.44317 0.218946
0.460981 0.218947
0.478529 0.218949
0.495778 0.218952
0.512694 0.218955
0.529245 0.21896
0.545402 0.218965
0.561139 0.21897
0.576435 0.218974
-0.576428 0.199953
-0.561124 0.199949
-0.545381 0.199944
-0.529219 0.199939
-0.512663 0.199935
-0.495743 0.199932
-0.478491 0.19993
-0.460943 0.199929
-0.443132 0.199928
-0.425092 0.199928
-0.406856 0.199928
-0.388454 0.199929
-0.369913 0.199929
-0.351259 0.19993
-0.332512 0.19993
-0.313692 0.199931
-0.294814 0.199931
-0.275891 0.199932
-0.256934 0.199932
-0.237952 0.199932
-0.21895 0.199932
-0.199935 0.199933
-0.180909 0.199933
-0.161876 0.199933
-0.142839 0.199933
-0.123798 0.199933
-0.104755 0.199933
-0.0857097 0.199933
-0.0666639 0.199933
-0.0476174 0.199933
-0.0285705 0.199933
-0.00952345 0.199933
0.00952371 0.199933
0.0285708 0.199933
0.0476177 0.199933
0.0666643 0.199933
0.0857103 0.199933
0.104755 0.199933
0.123799 0.199933
0.14284 0.199933
0.161879 0.199933
0.180912 0.199933
0.199939 0.199933
0.218956 0.199933
0.237959 0.199933
0.256944 0.199932
0.275903 0.199932
0.294828 0.199932
0.313709 0.199931
0.332533 0.199931
0.351283 0.19993
0.369941 0.199929
0.388485 0.199929
0.406889 0.199928
0.425128 0.199928
0.443168 0.199928
0.460979 0.199929
0.478527 0.19993
0.495775 0.199932
0.512691 0.199935
0.529241 0.199939
0.545397 0.199944
0.561132 0.199949
0.576427 0.199953
-0.576422 0.180923
-0.56112 0.180919
-0.545378 0.180914
-0.529216 0.18091
-0.51266 0.180907
-0.495741 0.180904
-0.47849 0.180902
-0.460942 0.180902
-0.443131 0.180901
-0.425091 0.180902
-0.406856 0.180902
-0.388454 0.180903
-0.369913 0.180903
-0.351259 0.180904
-0.332512 0.180905
-0.313692 0.180906
-0.294814 0.180906
-0.275891 0.180907
-0.256934 0.180907
-0.237952 0.180907
-0.21895 0.180907
-0.199935 0.180907
-0.180909 0.180908
-0.161876 0.180908
-0.142839 0.180908
-0.123798 0.180908
-0.104755 0.180908
-0.0857097 0.180908
-0.0666639 0.180908
-0.0476174 0.180908
-0.0285705 0.180908
-0.00952346 0.180908
0.00952369 0.180908
0.0285708 0.180908
0.0476177 0.180908
0.0666643 0.180908
0.0857103 0.180908
0.104755 0.180908
0.123799 0.180908
0.14284 0.180908
0.161879 0.180908
0.180912 0.180908
0.199939 0.180908
0.218956 0.180908
0.237959 0.180907
0.256943 0.180907
0.275903 0.180907
0.294828 0.180906
0.313709 0.180906
0.332533 0.180905
0.351283 0.180904
0.36994 0.180904
0.388484 0.180903
0.406889 0.180902
0.425127 0.180902
0.443167 0.180901
0.460978 0.180902
0.478525 0.180903
0.495773 0.180904
0.512689 0.180907
0.529239 0.18091
0.545393 0.180914
0.561127 0.180919
0.576421 0.180923
-0.576418 0.161888
-0.561117 0.161883
-0.545375 0.161879
-0.529214 0.161875
-0.512659 0.161872
-0.495739 0.16187
-0.478489 0.161868
-0.460941 0.161868
-0.44313 0.161868
-0.425091 0.161868
-0.406855 0.161869
-0.388453 0.16187
-0.369913 0.161871
-0.351258 0.161872
-0.332512 0.161872
-0.313692 0.161873
-0.294814 0.161874
-0.275891 0.161874
-0.256934 0.161875
-0.237952 0.161875
-0.21895 0.161875
-0.199935 0.161875
-0.180909 0.161875
-0.161876 0.161875
-0.142839 0.161875
-0.123798 0.161875
-0.104755 0.161876
-0.0857097 0.161876
-0.0666639 0.161876
-0.0476174 0.161876
-0.0285706 0.161876
-0.00952348 0.161876
0.00952368 0.161876
0.0285708 0.161876
0.0476177 0.161876
0.0666643 0.161876
0.0857103 0.161876
0.104755 0.161876
0.123799 0.161876
0.14284 0.161876
0.161879 0.161876
0.180912 0.161875
0.199939 0.161875
0.218956 0.161875
0.237959 0.161875
0.256943 0.161875
0.275903 0.161874
0.294828 0.161874
0.313709 0.161873
0.332532 0.161873
0.351282 0.161872
0.36994 0.161871
0.388484 0.16187
0.406888 0.161869
0.425126 0.161868
0.443167 0.161868
0.460977 0.161868
0.478524 0.161869
0.495772 0.16187
0.512687 0.161872
0.529237 0.161875
0.545391 0.161879
0.561125 0.161883
0.576417 0.161888
-0.576415 0.142848
-0.561115 0.142844
-0.545374 0.142839
-0.529213 0.142836
-0.512658 0.142833
-0.495739 0.142831
-0.478488 0.14283
-0.46094 0.14283
-0.44313 0.14283
-0.425091 0.14283
-0.406855 0.142831
-0.388453 0.142832
-0.369913 0.142833
-0.351258 0.142834
-0.332512 0.142835
-0.313692 0.142836
-0.294814 0.142836
-0.275891 0.142837
-0.256934 0.142837
-0.237952 0.142837
-0.21895 0.142838
-0.199935 0.142838
-0.180909 0.142838
-0.161876 0.142838
-0.142839 0.142838
-0.123798 0.142838
-0.104755 0.142838
-0.0857097 0.142838
-0.0666639 0.142838
-0.0476174 0.142838
-0.0285706 0.142838
-0.00952348 0.142838
0.00952367 0.142838
0.0285708 0.142838
0.0476177 0.142838
0.0666643 0.142838
0.0857103 0.142838
0.104755 0.142838
0.123799 0.142838
0.14284 0.142838
0.161879 0.142838
0.180912 0.142838
0.199939 0.142838
0.218956 0.142838
0.237959 0.142838
0.256943 0.142837
0.275903 0.142837
0.294828 0.142836
0.313709 0.142836
0.332532 0.142835
0.351282 0.142834
0.36994 0.142833
0.388483 0.142832
0.406888 0.142831
0.425126 0.14283
0.443166 0.14283
0.460977 0.14283
0.478523 0.14283
0.495771 0.142831
0.512686 0.142833
0.529236 0.142836
0.54539 0.142839
0.561123 0.142844
0.576414 0.142848
-0.576413 0.123806
-0.561113 0.123801
-0.545373 0.123797
-0.529212 0.123794
-0.512657 0.123791
-0.495738 0.123789
-0.478488 0.123788
-0.46094 0.123788
-0.44313 0.123788
-0.42509 0.123789
-0.406855 0.12379
-0.388453 0.123791
-0.369912 0.123792
-0.351258 0.123793
-0.332512 0.123794
-0.313692 0.123795
-0.294814 0.123795
-0.275891 0.123796
-0.256934 0.123796
-0.237952 0.123797
-0.21895 0.123797
-0.199935 0.123797
-0.180909 0.123797
-0.161876 0.123797
-0.142839 0.123797
-0.123798 0.123797
-0.104755 0.123797
-0.0857097 0.123797
-0.0666639 0.123797
-0.0476174 0.123797
-0.0285706 0.123797
-0.00952349 0.123797
0.00952366 0.123797
0.0285708 0.123797
0.0476177 0.123797
0.0666643 0.123797
0.0857103 0.123797
0.104755 0.123797
0.123799 0.123797
0.14284 0.123797
0.161879 0.123797
0.180912 0.123797
0.199939 0.123797
0.218956 0.123797
0.237959 0.123797
0.256943 0.123796
0.275903 0.123796
0.294828 0.123795
0.313709 0.123795
0.332532 0.123794
0.351282 0.123793
0.36994 0.123792
0.388483 0.123791
0.406888 0.12379
0.425126 0.123789
0.443166 0.123788
0.460976 0.123788
0.478523 0.123788
0.495771 0.123789
0.512686 0.123791
0.529235 0.123794
0.545389 0.123797
0.561121 0.123801
0.576412 0.123806
-0.576412 0.104762
-0.561113 0.104757
-0.545372 0.104753
-0.529212 0.10475
-0.512657 0.104747
-0.495738 0.104746
-0.478487 0.104745
-0.46094 0.104745
-0.443129 0.104745
-0.42509 0.104746
-0.406855 0.104747
-0.388453 0.104748
-0.369912 0.104749
-0.351258 0.10475
-0.332512 0.104751
-0.313692 0.104752
-0.294814 0.104752
-0.275891 0.104753
-0.256934 0.104753
-0.237952 0.104753
-0.21895 0.104754
-0.199935 0.104754
-0.180909 0.104754
-0.161876 0.104754
-0.142839 0.104754
-0.123798 0.104754
-0.104755 0.104754
-0.0857097 0.104754
-0.0666639 0.104754
-0.0476174 0.104754
-0.0285706 0.104754
-0.00952349 0.104754
0.00952366 0.104754
0.0285708 0.104754
0.0476177 0.104754
0.0666643 0.104754
0.0857103 0.104754
0.104755 0.104754
0.123799 0.104754
0.14284 0.104754
0.161879 0.104754
0.180912 0.104754
0.199939 0.104754
0.218956 0.104754
0.237959 0.104754
0.256943 0.104753
0.275903 0.104753
0.294828 0.104752
0.313709 0.104752
0.332532 0.104751
0.351282 0.10475
0.36994 0.104749
0.388483 0.104748
0.406888 0.104747
0.425125 0.104746
0.443166 0.104745
0.460976 0.104745
0.478523 0.104745
0.49577 0.104746
0.512685 0.104747
0.529234 0.10475
0.545388 0.104753
0.56112 0.104757
0.576411 0.104762
-0.576411 0.0857165
-0.561112 0.0857119
-0.545372 0.0857077
-0.529211 0.0857044
-0.512657 0.0857019
-0.495738 0.0857004
-0.478487 0.0856996
-0.46094 0.0856996
-0.443129 0.0857
-0.42509 0.0857008
-0.406854 0.0857019
-0.388453 0.085703
-0.369912 0.0857041
-0.351258 0.0857051
-0.332512 0.085706
-0.313692 0.0857068
-0.294814 0.0857075
-0.275891 0.085708
-0.256934 0.0857084
-0.237952 0.0857087
-0.21895 0.085709
-0.199934 0.0857091
-0.180909 0.0857093
-0.161876 0.0857093
-0.142839 0.0857094
-0.123798 0.0857095
-0.104755 0.0857095
-0.0857097 0.0857095
-0.0666639 0.0857095
-0.0476174 0.0857095
-0.0285706 0.0857095
-0.00952349 0.0857095
0.00952366 0.0857095
0.0285708 0.0857095
0.0476177 0.0857095
0.0666643 0.0857095
0.0857103 0.0857095
0.104755 0.0857095
0.123799 0.0857095
0.14284 0.0857094
0.161879 0.0857094
0.180912 0.0857093
0.199939 0.0857092
0.218955 0.085709
0.237959 0.0857088
0.256943 0.0857084
0.275903 0.085708
0.294828 0.0857075
0.313709 0.0857069
0.332532 0.0857061
0.351282 0.0857051
0.36994 0.0857041
0.388483 0.085703
0.406888 0.0857019
0.425125 0.0857008
0.443166 0.0857
0.460976 0.0856996
0.478523 0.0856996
0.49577 0.0857004
0.512685 0.0857019
0.529234 0.0857044
0.545388 0.0857077
0.56112 0.0857118
0.57641 0.0857165
-0.576411 0.0666703
-0.561112 0.0666656
-0.545372 0.0666615
-0.529211 0.0666583
-0.512656 0.0666559
-0.495737 0.0666544
-0.478487 0.0666537
-0.460939 0.0666536
-0.443129 0.0666541
-0.42509 0.066655
-0.406854 0.066656
-0.388453 0.0666571
-0.369912 0.0666583
-0.351258 0.0666593
-0.332512 0.0666602
-0.313692 0.066661
-0.294814 0.0666617
-0.275891 0.0666622
-0.256934 0.0666626
-0.237952 0.0666629
-0.21895 0.0666632
-0.199934 0.0666634
-0.180909 0.0666635
-0.161876 0.0666636
-0.142839 0.0666636
-0.123798 0.0666637
-0.104755 0.0666637
-0.0857097 0.0666637
-0.0666639 0.0666638
-0.0476174 0.0666638
-0.0285706 0.0666638
-0.00952349 0.0666638
0.00952366 0.0666638
0.0285708 0.0666638
0.0476177 0.0666638
0.0666643 0.0666638
0.0857103 0.0666638
0.104755 0.0666637
0.123799 0.0666637
0.14284 0.0666637
0.161879 0.0666636
0.180912 0.0666635
0.199939 0.0666634
0.218955 0.0666632
0.237959 0.066663
0.256943 0.0666627
0.275903 0.0666622
0.294828 0.0666617
0.313709 0.0666611
0.332532 0.0666603
0.351282 0.0666593
0.36994 0.0666583
0.388483 0.0666572
0.406888 0.066656
0.425125 0.066655
0.443166 0.0666541
0.460976 0.0666536
0.478522 0.0666536
0.49577 0.0666543
0.512685 0.0666558
0.529234 0.0666582
0.545387 0.0666615
0.56112 0.0666656
0.57641 0.0666703
-0.576411 0.0476236
-0.561112 0.0476189
-0.545371 0.0476148
-0.529211 0.0476116
-0.512656 0.0476092
-0.495737 0.0476078
-0.478487 0.0476071
-0.460939 0.0476071
-0.443129 0.0476076
-0.42509 0.0476085
-0.406854 0.0476095
-0.388453 0.0476107
-0.369912 0.0476118
-0.351258 0.0476128
-0.332512 0.0476138
-0.313692 0.0476146
-0.294814 0.0476152
-0.275891 0.0476158
-0.256934 0.0476162
-0.237952 0.0476165
-0.21895 0.0476168
-0.199934 0.0476169
-0.180909 0.0476171
-0.161876 0.0476172
-0.142839 0.0476172
-0.123798 0.0476173
-0.104755 0.0476173
-0.0857097 0.0476173
-0.0666639 0.0476173
-0.0476174 0.0476173
-0.0285706 0.0476173
-0.0095235 0.0476173
0.00952366 0.0476173
0.0285708 0.0476173
0.0476177 0.0476173
0.0666643 0.0476173
0.0857103 0.0476173
0.104755 0.0476173
0.123799 0.0476173
0.14284 0.0476172
0.161879 0.0476172
0.180912 0.0476171
0.199939 0.047617
0.218955 0.0476168
0.237959 0.0476165
0.256943 0.0476162
0.275903 0.0476158
0.294828 0.0476153
0.313709 0.0476146
0.332532 0.0476138
0.351282 0.0476129
0.36994 0.0476118
0.388483 0.0476107
0.406888 0.0476095
0.425125 0.0476085
0.443166 0.0476076
0.460976 0.0476071
0.478522 0.0476071
0.49577 0.0476077
0.512685 0.0476092
0.529234 0.0476116
0.545387 0.0476148
0.561119 0.0476189
0.57641 0.0476235
-0.57641 0.0285765
-0.561111 0.0285719
-0.545371 0.0285678
-0.529211 0.0285646
-0.512656 0.0285623
-0.495737 0.0285608
-0.478487 0.0285602
-0.460939 0.0285602
-0.443129 0.0285607
-0.42509 0.0285616
-0.406854 0.0285626
-0.388453 0.0285638
-0.369912 0.0285649
-0.351258 0.028566
-0.332512 0.0285669
-0.313692 0.0285677
-0.294814 0.0285684
-0.275891 0.0285689
-0.256934 0.0285694
-0.237952 0.0285697
-0.21895 0.0285699
-0.199934 0.0285701
-0.180909 0.0285702
-0.161876 0.0285703
-0.142839 0.0285704
-0.123798 0.0285704
-0.104755 0.0285705
-0.0857097 0.0285705
-0.0666639 0.0285705
-0.0476174 0.0285705
-0.0285706 0.0285705
-0.0095235 0.0285705
0.00952366 0.0285705
0.0285708 0.0285705
0.0476177 0.0285705
0.0666643 0.0285705
0.0857103 0.0285705
0.104755 0.0285705
0.123799 0.0285704
0.14284 0.0285704
0.161879 0.0285703
0.180912 0.0285702
0.199939 0.0285701
0.218955 0.0285699
0.237959 0.0285697
0.256943 0.0285694
0.275903 0.028569
0.294828 0.0285684
0.313709 0.0285678
0.332532 0.028567
0.351282 0.028566
0.36994 0.028565
0.388483 0.0285638
0.406888 0.0285626
0.425125 0.0285616
0.443166 0.0285607
0.460976 0.0285602
0.478522 0.0285601
0.49577 0.0285608
0.512685 0.0285622
0.529234 0.0285646
0.545387 0.0285678
0.561119 0.0285718
0.57641 0.0285765
-0.57641 0.00952929
-0.561111 0.00952464
-0.545371 0.00952061
-0.529211 0.0095174
-0.512656 0.00951509
-0.495737 0.00951367
-0.478487 0.00951304
-0.460939 0.00951307
-0.443129 0.0095136
-0.42509 0.00951448
-0.406854 0.00951556
-0.388453 0.00951671
-0.369912 0.00951785
-0.351258 0.00951891
-0.332512 0.00951986
-0.313692 0.00952066
-0.294814 0.00952133
-0.275891 0.00952187
-0.256934 0.00952229
-0.237952 0.00952261
-0.21895 0.00952285
-0.199934 0.00952303
-0.180909 0.00952316
-0.161876 0.00952325
-0.142839 0.00952332
-0.123798 0.00952336
-0.104755 0.00952339
-0.0857097 0.00952341
-0.0666639 0.00952342
-0.0476174 0.00952343
-0.0285706 0.00952344
-0.0095235 0.00952344
0.00952365 0.00952344
0.0285708 0.00952344
0.0476177 0.00952344
0.0666643 0.00952343
0.0857103 0.00952342
0.104755 0.0095234
0.123799 0.00952337
0.14284 0.00952333
0.161879 0.00952327
0.180912 0.00952318
0.199939 0.00952305
0.218955 0.00952288
0.237959 0.00952264
0.256943 0.00952232
0.275903 0.0095219
0.294828 0.00952136
0.313709 0.00952069
0.332532 0.00951989
0.351282 0.00951894
0.36994 0.00951787
0.388483 0.00951673
0.406888 0.00951556
0.425125 0.00951447
0.443166 0.00951359
0.460976 0.00951304
0.478522 0.00951301
0.49577 0.00951364
0.512685 0.00951506
0.529234 0.00951737
0.545387 0.00952058
0.561119 0.00952461
0.576409 0.00952926
-0.57641 -0.009518
-0.561111 -0.00952264
-0.545371 -0.00952666
-0.529211 -0.00952985
-0.512656 -0.00953214
-0.495737 -0.00953355
-0.478487 -0.00953417
-0.460939 -0.00953413
-0.443129 -0.00953358
-0.42509 -0.0095327
-0.406854 -0.00953161
-0.388453 -0.00953045
-0.369912 -0.00952931
-0.351258 -0.00952824
-0.332512 -0.0095273
-0.313692 -0.00952649
-0.294814 -0.00952582
-0.275891 -0.00952528
-0.256934 -0.00952486
-0.237952 -0.00952454
-0.21895 -0.00952429
-0.199934 -0.00952412
-0.180909 -0.00952399
-0.161876 -0.00952389
-0.142839 -0.00952383
-0.123798 -0.00952379
-0.104755 -0.00952376
-0.0857097 -0.00952374
-0.0666639 -0.00952372
-0.0476174 -0.00952372
-0.0285706 -0.00952371
-0.0095235 -0.00952371
0.00952365 -0.00952371
0.0285708 -0.00952371
0.0476177 -0.00952371
0.0666643 -0.00952372
0.0857103 -0.00952373
0.104755 -0.00952375
0.123799 -0.00952378
0.14284 -0.00952382
0.161879 -0.00952388
0.180912 -0.00952397
0.199939 -0.0095241
0.218955 -0.00952427
0.237959 -0.00952451
0.256943 -0.00952484
0.275903 -0.00952526
0.294828 -0.00952579
0.313709 -0.00952646
0.332532 -0.00952727
0.351282 -0.00952822
0.36994 -0.00952929
0.388483 -0.00953044
0.406888 -0.00953161
0.425125 -0.0095327
0.443166 -0.0095336
0.460976 -0.00953415
0.478522 -0.0095342
0.49577 -0.00953358
0.512685 -0.00953217
0.529234 -0.00952988
0.545387 -0.00952668
0.561119 -0.00952267
0.576409 -0.00951803
-0.57641 -0.0285653
-0.561111 -0.0285699
-0.545371 -0.0285739
-0.529211 -0.0285771
-0.512656 -0.0285793
-0.495737 -0.0285807
-0.478487 -0.0285813
-0.460939 -0.0285813
-0.443129 -0.0285807
-0.42509 -0.0285798
-0.406854 -0.0285787
-0.388453 -0.0285776
-0.369912 -0.0285764
-0.351258 -0.0285754
-0.332512 -0.0285744
-0.313692 -0.0285736
-0.294814 -0.0285729
-0.275891 -0.0285724
-0.256934 -0.028572
-0.237952 -0.0285717
-0.21895 -0.0285714
-0.199934 -0.0285712
-0.180909 -0.0285711
-0.161876 -0.028571
-0.142839 -0.0285709
-0.123798 -0.0285709
-0.104755 -0.0285709
-0.0857097 -0.0285708
-0.0666639 -0.0285708
-0.0476174 -0.0285708
-0.0285706 -0.0285708
-0.0095235 -0.0285708
0.00952365 -0.0285708
0.0285708 -0.0285708
0.0476177 -0.0285708
0.0666643 -0.0285708
0.0857103 -0.0285708
0.104755 -0.0285709
0.123799 -0.0285709
0.14284 -0.0285709
0.161879 -0.028571
0.180912 -0.0285711
0.199939 -0.0285712
0.218955 -0.0285714
0.237959 -0.0285716
0.256943 -0.028572
0.275903 -0.0285724
0.294828 -0.0285729
0.313709 -0.0285736
0.332532 -0.0285744
0.351282 -0.0285753
0.36994 -0.0285764
0.388483 -0.0285776
0.406888 -0.0285787
0.425125 -0.0285798
0.443166 -0.0285807
0.460976 -0.0285813
0.478522 -0.0285814
0.49577 -0.0285808
0.512685 -0.0285794
0.529234 -0.0285771
0.545387 -0.0285739
0.561119 -0.0285699
0.57641 -0.0285653
-0.576411 -0.0476124
-0.561111 -0.047617
-0.545371 -0.047621
-0.529211 -0.0476242
-0.512656 -0.0476264
-0.495737 -0.0476278
-0.478487 -0.0476284
-0.460939 -0.0476283
-0.443129 -0.0476277
-0.42509 -0.0476268
-0.406854 -0.0476257
-0.388453 -0.0476246
-0.369912 -0.0476234
-0.351258 -0.0476223
-0.332512 -0.0476214
-0.313692 -0.0476206
-0.294814 -0.0476199
-0.275891 -0.0476193
-0.256934 -0.0476189
-0.237952 -0.0476186
-0.21895 -0.0476184
-0.199934 -0.0476182
-0.180909 -0.047618
-0.161876 -0.047618
-0.142839 -0.0476179
-0.123798 -0.0476178
-0.104755 -0.0476178
-0.0857097 -0.0476178
-0.0666639 -0.0476178
-0.0476174 -0.0476178
-0.0285706 -0.0476178
-0.0095235 -0.0476178
0.00952365 -0.0476178
0.0285708 -0.0476178
0.0476177 -0.0476178
0.0666643 -0.0476178
0.0857103 -0.0476178
0.104755 -0.0476178
0.123799 -0.0476178
0.14284 -0.0476179
0.161879 -0.0476179
0.180912 -0.047618
0.199939 -0.0476182
0.218955 -0.0476183
0.237959 -0.0476186
0.256943 -0.0476189
0.275903 -0.0476193
0.294828 -0.0476199
0.313709 -0.0476205
0.332532 -0.0476213
0.351282 -0.0476223
0.36994 -0.0476234
0.388483 -0.0476245
0.406888 -0.0476257
0.425125 -0.0476268
0.443166 -0.0476277
0.460976 -0.0476283
0.478522 -0.0476284
0.49577 -0.0476278
0.512685 -0.0476264
0.529234 -0.0476242
0.545387 -0.047621
0.561119 -0.0476171
0.57641 -0.0476124
-0.576411 -0.0666593
-0.561112 -0.0666639
-0.545371 -0.0666678
-0.529211 -0.066671
-0.512656 -0.0666732
-0.495737 -0.0666745
-0.478487 -0.0666751
-0.460939 -0.066675
-0.443129 -0.0666744
-0.42509 -0.0666735
-0.406854 -0.0666724
-0.388453 -0.0666712
-0.369912 -0.06667
-0.351258 -0.066669
-0.332512 -0.066668
-0.313692 -0.0666672
-0.294814 -0.0666665
-0.275891 -0.066666
-0.256934 -0.0666655
-0.237952 -0.0666652
-0.21895 -0.066665
-0.199934 -0.0666648
-0.180909 -0.0666647
-0.161876 -0.0666646
-0.142839 -0.0666645
-0.123798 -0.0666645
-0.104755 -0.0666644
-0.0857097 -0.0666644
-0.0666639 -0.0666644
-0.0476174 -0.0666644
-0.0285706 -0.0666644
-0.0095235 -0.0666644
0.00952365 -0.0666644
0.0285708 -0.0666644
0.0476177 -0.0666644
0.0666643 -0.0666644
0.0857103 -0.0666644
0.104755 -0.0666644
0.123799 -0.0666644
0.14284 -0.0666645
0.161879 -0.0666646
0.180912 -0.0666646
0.199939 -0.0666648
0.218955 -0.0666649
0.237959 -0.0666652
0.256943 -0.0666655
0.275903 -0.0666659
0.294828 -0.0666665
0.313709 -0.0666672
0.332532 -0.066668
0.351282 -0.0666689
0.36994 -0.06667
0.388483 -0.0666712
0.406888 -0.0666724
0.425125 -0.0666735
0.443166 -0.0666744
0.460976 -0.066675
0.478522 -0.0666751
0.49577 -0.0666746
0.512685 -0.0666732
0.529234 -0.066671
0.545387 -0.0666679
0.561119 -0.0666639
0.57641 -0.0666593
-0.576411 -0.0857057
-0.561112 -0.0857103
-0.545372 -0.0857143
-0.529211 -0.0857173
-0.512656 -0.0857195
-0.495738 -0.0857208
-0.478487 -0.0857213
-0.46094 -0.0857212
-0.443129 -0.0857206
-0.42509 -0.0857196
-0.406854 -0.0857185
-0.388453 -0.0857173
-0.369912 -0.0857161
-0.351258 -0.085715
-0.332512 -0.0857141
-0.313692 -0.0857132
-0.294814 -0.0857126
-0.275891 -0.085712
-0.256934 -0.0857116
-0.237952 -0.0857113
-0.21895 -0.085711
-0.199934 -0.0857108
-0.180909 -0.0857107
-0.161876 -0.0857106
-0.142839 -0.0857105
-0.123798 -0.0857105
-0.104755 -0.0857105
-0.0857097 -0.0857104
-0.0666639 -0.0857104
-0.0476174 -0.0857104
-0.0285706 -0.0857104
-0.0095235 -0.0857104
0.00952365 -0.0857104
0.0285708 -0.0857104
0.0476177 -0.0857104
0.0666643 -0.0857104
0.0857103 -0.0857104
0.104755 -0.0857105
0.123799 -0.0857105
0.14284 -0.0857105
0.161879 -0.0857106
0.180912 -0.0857107
0.199939 -0.0857108
0.218955 -0.085711
0.237959 -0.0857112
0.256943 -0.0857116
0.275903 -0.085712
0.294828 -0.0857125
0.313709 -0.0857132
0.332532 -0.085714
0.351282 -0.085715
0.36994 -0.0857161
0.388483 -0.0857173
0.406888 -0.0857185
0.425125 -0.0857196
0.443166 -0.0857206
0.460976 -0.0857212
0.478522 -0.0857213
0.49577 -0.0857208
0.512685 -0.0857195
0.529234 -0.0857173
0.545388 -0.0857143
0.56112 -0.0857104
0.57641 -0.0857057
-0.576412 -0.104751
-0.561112 -0.104756
-0.545372 -0.10476
-0.529211 -0.104763
-0.512657 -0.104765
-0.495738 -0.104766
-0.478487 -0.104767
-0.46094 -0.104767
-0.443129 -0.104766
-0.42509 -0.104765
-0.406854 -0.104764
-0.388453 -0.104763
-0.369912 -0.104761
-0.351258 -0.10476
-0.332512 -0.104759
-0.313692 -0.104758
-0.294814 -0.104758
-0.275891 -0.104757
-0.256934 -0.104757
-0.237952 -0.104756
-0.21895 -0.104756
-0.199934 -0.104756
-0.180909 -0.104756
-0.161876 -0.104756
-0.142839 -0.104756
-0.123798 -0.104756
-0.104755 -0.104756
-0.0857097 -0.104756
-0.0666639 -0.104756
-0.0476174 -0.104756
-0.0285706 -0.104756
-0.0095235 -0.104756
0.00952365 -0.104756
0.0285708 -0.104756
0.0476177 -0.104756
0.0666643 -0.104756
0.0857103 -0.104756
0.104755 -0.104756
0.123799 -0.104756
0.14284 -0.104756
0.161879 -0.104756
0.180912 -0.104756
0.199939 -0.104756
0.218955 -0.104756
0.237959 -0.104756
0.256943 -0.104757
0.275903 -0.104757
0.294828 -0.104758
0.313709 -0.104758
0.332532 -0.104759
0.351282 -0.10476
0.36994 -0.104761
0.388483 -0.104762
0.406888 -0.104764
0.425125 -0.104765
0.443166 -0.104766
0.460976 -0.104767
0.478523 -0.104767
0.49577 -0.104766
0.512685 -0.104765
0.529234 -0.104763
0.545388 -0.10476
0.56112 -0.104756
0.576411 -0.104751
-0.576413 -0.123796
-0.561113 -0.123801
-0.545373 -0.123805
-0.529212 -0.123807
-0.512657 -0.123809
-0.495738 -0.123811
-0.478488 -0.123811
-0.46094 -0.123811
-0.443129 -0.12381
-0.42509 -0.123809
-0.406855 -0.123808
-0.388453 -0.123806
-0.369912 -0.123805
-0.351258 -0.123804
-0.332512 -0.123803
-0.313692 -0.123802
-0.294814 -0.123801
-0.275891 -0.123801
-0.256934 -0.1238
-0.237952 -0.1238
-0.21895 -0.1238
-0.199935 -0.1238
-0.180909 -0.1238
-0.161876 -0.123799
-0.142839 -0.123799
-0.123798 -0.123799
-0.104755 -0.123799
-0.0857097 -0.123799
-0.0666639 -0.123799
-0.0476174 -0.123799
-0.0285706 -0.123799
-0.0095235 -0.123799
0.00952365 -0.123799
0.0285708 -0.123799
0.0476177 -0.123799
0.0666643 -0.123799
0.0857103 -0.123799
0.104755 -0.123799
0.123799 -0.123799
0.14284 -0.123799
0.161879 -0.123799
0.180912 -0.1238
0.199939 -0.1238
0.218956 -0.1238
0.237959 -0.1238
0.256943 -0.1238
0.275903 -0.123801
0.294828 -0.123801
0.313709 -0.123802
0.332532 -0.123803
0.351282 -0.123804
0.36994 -0.123805
0.388483 -0.123806
0.406888 -0.123808
0.425126 -0.123809
0.443166 -0.12381
0.460976 -0.123811
0.478523 -0.123811
0.495771 -0.123811
0.512685 -0.123809
0.529235 -0.123807
0.545388 -0.123805
0.561121 -0.123801
0.576412 -0.123796
-0.576414 -0.142839
-0.561114 -0.142844
-0.545373 -0.142847
-0.529213 -0.14285
-0.512658 -0.142852
-0.495738 -0.142853
-0.478488 -0.142853
-0.46094 -0.142853
-0.44313 -0.142852
-0.42509 -0.142851
-0.406855 -0.142849
-0.388453 -0.142848
-0.369912 -0.142847
-0.351258 -0.142846
-0.332512 -0.142845
-0.313692 -0.142844
-0.294814 -0.142843
-0.275891 -0.142842
-0.256934 -0.142842
-0.237952 -0.142842
-0.21895 -0.142841
-0.199935 -0.142841
-0.180909 -0.142841
-0.161876 -0.142841
-0.142839 -0.142841
-0.123798 -0.142841
-0.104755 -0.142841
-0.0857097 -0.142841
-0.0666639 -0.142841
-0.0476174 -0.142841
-0.0285706 -0.142841
-0.0095235 -0.142841
0.00952365 -0.142841
0.0285708 -0.142841
0.0476177 -0.142841
0.0666643 -0.142841
0.0857103 -0.142841
0.104755 -0.142841
0.123799 -0.142841
0.14284 -0.142841
0.161879 -0.142841
0.180912 -0.142841
0.199939 -0.142841
0.218956 -0.142841
0.237959 -0.142842
0.256943 -0.142842
0.275903 -0.142842
0.294828 -0.142843
0.313709 -0.142844
0.332532 -0.142845
0.351282 -0.142846
0.36994 -0.142847
0.388483 -0.142848
0.406888 -0.142849
0.425126 -0.142851
0.443166 -0.142852
0.460977 -0.142853
0.478523 -0.142853
0.495771 -0.142853
0.512686 -0.142852
0.529235 -0.14285
0.545389 -0.142847
0.561122 -0.142844
0.576413 -0.142839
-0.576417 -0.161879
-0.561116 -0.161884
-0.545375 -0.161888
-0.529214 -0.16189
-0.512658 -0.161892
-0.495739 -0.161893
-0.478488 -0.161893
-0.460941 -0.161892
-0.44313 -0.161891
-0.425091 -0.16189
-0.406855 -0.161888
-0.388453 -0.161887
-0.369913 -0.161885
-0.351258 -0.161884
-0.332512 -0.161883
-0.313692 -0.161882
-0.294814 -0.161881
-0.275891 -0.161881
-0.256934 -0.16188
-0.237952 -0.16188
-0.21895 -0.16188
-0.199935 -0.16188
-0.180909 -0.161879
-0.161876 -0.161879
-0.142839 -0.161879
-0.123798 -0.161879
-0.104755 -0.161879
-0.0857097 -0.161879
-0.0666639 -0.161879
-0.0476174 -0.161879
-0.0285706 -0.161879
-0.0095235 -0.161879
0.00952365 -0.161879
0.0285708 -0.161879
0.0476177 -0.161879
0.0666643 -0.161879
0.0857103 -0.161879
0.104755 -0.161879
0.123799 -0.161879
0.14284 -0.161879
0.161879 -0.161879
0.180912 -0.161879
0.199939 -0.16188
0.218956 -0.16188
0.237959 -0.16188
0.256943 -0.16188
0.275903 -0.161881
0.294828 -0.161881
0.313709 -0.161882
0.332532 -0.161883
0.351282 -0.161884
0.36994 -0.161885
0.388484 -0.161887
0.406888 -0.161888
0.425126 -0.16189
0.443167 -0.161891
0.460977 -0.161892
0.478524 -0.161893
0.495772 -0.161893
0.512687 -0.161892
0.529236 -0.16189
0.545391 -0.161888
0.561124 -0.161884
0.576416 -0.161879
-0.57642 -0.180916
-0.561119 -0.180921
-0.545377 -0.180924
-0.529215 -0.180926
-0.51266 -0.180928
-0.49574 -0.180928
-0.478489 -0.180928
-0.460941 -0.180927
-0.443131 -0.180926
-0.425091 -0.180924
-0.406855 -0.180923
-0.388453 -0.180921
-0.369913 -0.180919
-0.351258 -0.180918
-0.332512 -0.180917
-0.313692 -0.180916
-0.294814 -0.180915
-0.275891 -0.180915
-0.256934 -0.180914
-0.237952 -0.180914
-0.21895 -0.180914
-0.199935 -0.180913
-0.180909 -0.180913
-0.161876 -0.180913
-0.142839 -0.180913
-0.123798 -0.180913
-0.104755 -0.180913
-0.0857097 -0.180913
-0.0666639 -0.180913
-0.0476174 -0.180913
-0.0285706 -0.180913
-0.0095235 -0.180913
0.00952365 -0.180913
0.0285708 -0.180913
0.0476177 -0.180913
0.0666643 -0.180913
0.0857103 -0.180913
0.104755 -0.180913
0.123799 -0.180913
0.14284 -0.180913
0.161879 -0.180913
0.180912 -0.180913
0.199939 -0.180913
0.218956 -0.180913
0.237959 -0.180914
0.256943 -0.180914
0.275903 -0.180915
0.294828 -0.180915
0.313709 -0.180916
0.332532 -0.180917
0.351282 -0.180918
0.36994 -0.180919
0.388484 -0.180921
0.406889 -0.180922
0.425127 -0.180924
0.443167 -0.180926
0.460978 -0.180927
0.478525 -0.180928
0.495773 -0.180928
0.512688 -0.180928
0.529238 -0.180926
0.545393 -0.180924
0.561127 -0.180921
0.576419 -0.180916
-0.576426 -0.199947
-0.561123 -0.199952
-0.54538 -0.199955
-0.529218 -0.199957
-0.512662 -0.199958
-0.495742 -0.199958
-0.478491 -0.199957
-0.460942 -0.199956
-0.443132 -0.199954
-0.425092 -0.199952
-0.406856 -0.19995
-0.388454 -0.199949
-0.369913 -0.199947
-0.351259 -0.199945
-0.332512 -0.199944
-0.313692 -0.199943
-0.294814 -0.199942
-0.275891 -0.199942
-0.256934 -0.199941
-0.237952 -0.199941
-0.21895 -0.19994
-0.199935 -0.19994
-0.180909 -0.19994
-0.161876 -0.19994
-0.142839 -0.19994
-0.123798 -0.19994
-0.104755 -0.19994
-0.0857097 -0.19994
-0.0666639 -0.19994
-0.0476174 -0.19994
-0.0285706 -0.19994
-0.0095235 -0.19994
0.00952365 -0.19994
0.0285708 -0.19994
0.0476177 -0.19994
0.0666643 -0.19994
0.0857103 -0.19994
0.104755 -0.19994
0.123799 -0.19994
0.14284 -0.19994
0.161879 -0.19994
0.180912 -0.19994
0.199939 -0.19994
0.218956 -0.19994
0.237959 -0.199941
0.256944 -0.199941
0.275903 -0.199942
0.294828 -0.199942
0.313709 -0.199943
0.332533 -0.199944
0.351283 -0.199945
0.369941 -0.199947
0.388484 -0.199948
0.406889 -0.19995
0.425127 -0.199952
0.443168 -0.199954
0.460979 -0.199956
0.478526 -0.199957
0.495774 -0.199958
0.51269 -0.199958
0.529241 -0.199957
0.545396 -0.199955
0.561131 -0.199952
0.576425 -0.199947
-0.576434 -0.21897
-0.561129 -0.218975
-0.545385 -0.218978
-0.529222 -0.218979
-0.512665 -0.21898
-0.495744 -0.218979
-0.478493 -0.218978
-0.460944 -0.218976
-0.443133 -0.218973
-0.425093 -0.218971
-0.406857 -0.218969
-0.388455 -0.218967
-0.369914 -0.218965
-0.351259 -0.218963
-0.332512 -0.218962
-0.313692 -0.218961
-0.294814 -0.21896
-0.275891 -0.218959
-0.256934 -0.218958
-0.237952 -0.218958
-0.21895 -0.218958
-0.199935 -0.218958
-0.180909 -0.218957
-0.161876 -0.218957
-0.142839 -0.218957
-0.123798 -0.218957
-0.104755 -0.218957
-0.0857097 -0.218957
-0.0666639 -0.218957
-0.0476174 -0.218957
-0.0285706 -0.218957
-0.0095235 -0.218957
0.00952365 -0.218957
0.0285708 -0.218957
0.0476177 -0.218957
0.0666643 -0.218957
0.0857103 -0.218957
0.104755 -0.218957
0.123799 -0.218957
0.14284 -0.218957
0.161879 -0.218957
0.180912 -0.218957
0.199939 -0.218957
0.218956 -0.218958
0.237959 -0.218958
0.256944 -0.218958
0.275903 -0.218959
0.294828 -0.21896
0.31371 -0.218961
0.332533 -0.218962
0.351283 -0.218963
0.369941 -0.218965
0.388485 -0.218967
0.40689 -0.218969
0.425128 -0.218971
0.443169 -0.218973
0.460981 -0.218976
0.478528 -0.218977
0.495777 -0.218979
0.512693 -0.21898
0.529244 -0.218979
0.545401 -0.218978
0.561137 -0.218975
0.576433 -0.21897
-0.576446 -0.237981
-0.561138 -0.237987
-0.545392 -0.23799
-0.529227 -0.237991
-0.512669 -0.23799
-0.495748 -0.237988
-0.478496 -0.237986
-0.460947 -0.237983
-0.443135 -0.23798
-0.425095 -0.237977
-0.406858 -0.237975
-0.388456 -0.237972
-0.369915 -0.23797
-0.35126 -0.237968
-0.332513 -0.237966
-0.313693 -0.237965
-0.294814 -0.237964
-0.275892 -0.237963
-0.256935 -0.237962
-0.237952 -0.237962
-0.21895 -0.237962
-0.199935 -0.237961
-0.180909 -0.237961
-0.161876 -0.237961
-0.142839 -0.237961
-0.123798 -0.237961
-0.104755 -0.237961
-0.0857097 -0.237961
-0.0666639 -0.237961
-0.0476174 -0.237961
-0.0285706 -0.237961
-0.0095235 -0.237961
0.00952365 -0.237961
0.0285708 -0.237961
0.0476177 -0.237961
0.0666643 -0.237961
0.0857103 -0.237961
0.104755 -0.237961
0.123799 -0.237961
0.14284 -0.237961
0.161879 -0.237961
0.180912 -0.237961
0.199939 -0.237961
0.218956 -0.237962
0.237959 -0.237962
0.256944 -0.237962
0.275903 -0.237963
0.294829 -0.237964
0.31371 -0.237965
0.332534 -0.237966
0.351284 -0.237968
0.369942 -0.23797
0.388486 -0.237972
0.406891 -0.237974
0.42513 -0.237977
0.443172 -0.23798
0.460983 -0.237983
0.478531 -0.237986
0.495781 -0.237988
0.512698 -0.23799
0.52925 -0.237991
0.545407 -0.23799
0.561146 -0.237987
0.576445 -0.237981
-0.576463 -0.256977
-0.561151 -0.256984
-0.545402 -0.256986
-0.529235 -0.256986
-0.512676 -0.256984
-0.495754 -0.256981
-0.478501 -0.256978
-0.460951 -0.256974
-0.443138 -0.25697
-0.425097 -0.256966
-0.40686 -0.256962
-0.388457 -0.256959
-0.369916 -0.256956
-0.351261 -0.256954
-0.332514 -0.256952
-0.313693 -0.256951
-0.294815 -0.256949
-0.275892 -0.256948
-0.256935 -0.256948
-0.237952 -0.256947
-0.21895 -0.256947
-0.199935 -0.256947
-0.180909 -0.256946
-0.161876 -0.256946
-0.142839 -0.256946
-0.123798 -0.256946
-0.104755 -0.256946
-0.0857097 -0.256946
-0.0666639 -0.256946
-0.0476174 -0.256946
-0.0285706 -0.256946
-0.0095235 -0.256946
0.00952365 -0.256946
0.0285708 -0.256946
0.0476177 -0.256946
0.0666643 -0.256946
0.0857103 -0.256946
0.104755 -0.256946
0.123799 -0.256946
0.14284 -0.256946
0.161879 -0.256946
0.180912 -0.256946
0.199939 -0.256946
0.218956 -0.256947
0.237959 -0.256947
0.256944 -0.256948
0.275903 -0.256948
0.294829 -0.256949
0.31371 -0.25695
0.332534 -0.256952
0.351285 -0.256954
0.369943 -0.256956
0.388488 -0.256959
0.406893 -0.256962
0.425133 -0.256966
0.443175 -0.25697
0.460987 -0.256974
0.478536 -0.256978
0.495786 -0.256981
0.512704 -0.256984
0.529258 -0.256986
0.545418 -0.256986
0.561159 -0.256984
0.576462 -0.256977
-0.576487 -0.27595
-0.561169 -0.275959
-0.545417 -0.275962
-0.529247 -0.27596
-0.512686 -0.275957
-0.495762 -0.275952
-0.478507 -0.275947
-0.460956 -0.275941
-0.443143 -0.275936
-0.425101 -0.275931
-0.406863 -0.275926
-0.38846 -0.275922
-0.369918 -0.275918
-0.351262 -0.275915
-0.332515 -0.275913
-0.313694 -0.275911
-0.294815 -0.27591
-0.275892 -0.275909
-0.256935 -0.275908
-0.237952 -0.275907
-0.21895 -0.275907
-0.199935 -0.275906
-0.180909 -0.275906
-0.161876 -0.275906
-0.142839 -0.275906
-0.123798 -0.275906
-0.104755 -0.275906
-0.0857097 -0.275906
-0.0666639 -0.275906
-0.0476174 -0.275906
-0.0285706 -0.275906
-0.0095235 -0.275906
0.00952365 -0.275906
0.0285708 -0.275906
0.0476177 -0.275906
0.0666643 -0.275906
0.0857103 -0.275906
0.104755 -0.275906
0.123799 -0.275906
0.14284 -0.275906
0.161879 -0.275906
0.180912 -0.275906
0.199939 -0.275906
0.218956 -0.275907
0.237959 -0.275907
0.256944 -0.275908
0.275904 -0.275909
0.29483 -0.27591
0.313711 -0.275911
0.332535 -0.275913
0.351286 -0.275915
0.369945 -0.275918
0.38849 -0.275922
0.406896 -0.275926
0.425136 -0.27593
0.443179 -0.275936
0.460992 -0.275941
0.478542 -0.275947
0.495794 -0.275952
0.512714 -0.275957
0.52927 -0.27596
0.545432 -0.275961
0.561177 -0.275959
0.576486 -0.27595
-0.576521 -0.294895
-0.561196 -0.294906
-0.545437 -0.294908
-0.529264 -0.294906
-0.5127 -0.294901
-0.495773 -0.294894
-0.478517 -0.294886
-0.460964 -0.294878
-0.443149 -0.29487
-0.425106 -0.294863
-0.406868 -0.294857
-0.388463 -0.294852
-0.36992 -0.294847
-0.351264 -0.294844
-0.332516 -0.294841
-0.313695 -0.294838
-0.294816 -0.294837
-0.275893 -0.294835
-0.256936 -0.294834
-0.237953 -0.294834
-0.218951 -0.294833
-0.199935 -0.294833
-0.180909 -0.294832
-0.161877 -0.294832
-0.142839 -0.294832
-0.123798 -0.294832
-0.104755 -0.294832
-0.0857098 -0.294832
-0.0666639 -0.294832
-0.0476174 -0.294832
-0.0285706 -0.294832
-0.0095235 -0.294832
0.00952365 -0.294832
0.0285708 -0.294832
0.0476177 -0.294832
0.0666643 -0.294832
0.0857103 -0.294832
0.104755 -0.294832
0.123799 -0.294832
0.14284 -0.294832
0.161879 -0.294832
0.180912 -0.294832
0.199939 -0.294833
0.218956 -0.294833
0.23796 -0.294833
0.256945 -0.294834
0.275904 -0.294835
0.29483 -0.294836
0.313712 -0.294838
0.332537 -0.294841
0.351288 -0.294843
0.369948 -0.294847
0.388493 -0.294852
0.406901 -0.294857
0.425141 -0.294863
0.443186 -0.29487
0.461 -0.294878
0.478552 -0.294886
0.495806 -0.294893
0.512728 -0.2949
0.529287 -0.294906
0.545453 -0.294908
0.561203 -0.294906
0.57652 -0.294895
-0.576567 -0.313801
-0.561232 -0.313815
-0.545467 -0.313818
-0.529288 -0.313814
-0.51272 -0.313806
-0.49579 -0.313796
-0.478531 -0.313785
-0.460975 -0.313774
-0.443159 -0.313763
-0.425114 -0.313754
-0.406874 -0.313746
-0.388468 -0.313739
-0.369924 -0.313733
-0.351267 -0.313728
-0.332518 -0.313724
-0.313697 -0.313721
-0.294817 -0.313719
-0.275894 -0.313718
-0.256936 -0.313716
-0.237953 -0.313716
-0.218951 -0.313715
-0.199935 -0.313714
-0.180909 -0.313714
-0.161877 -0.313714
-0.142839 -0.313714
-0.123798 -0.313714
-0.104755 -0.313714
-0.0857098 -0.313714
-0.0666639 -0.313714
-0.0476174 -0.313714
-0.0285706 -0.313714
-0.0095235 -0.313714
0.00952365 -0.313714
0.0285708 -0.313714
0.0476177 -0.313714
0.0666643 -0.313714
0.0857103 -0.313714
0.104755 -0.313714
0.123799 -0.313714
0.142841 -0.313714
0.161879 -0.313714
0.180912 -0.313714
0.199939 -0.313714
0.218956 -0.313715
0.23796 -0.313715
0.256945 -0.313716
0.275905 -0.313717
0.294832 -0.313719
0.313714 -0.313721
0.332539 -0.313724
0.351291 -0.313728
0.369951 -0.313732
0.388498 -0.313738
0.406906 -0.313745
0.425149 -0.313753
0.443195 -0.313763
0.461011 -0.313773
0.478565 -0.313784
0.495822 -0.313795
0.512748 -0.313806
0.52931 -0.313814
0.545482 -0.313818
0.56124 -0.313815
0.576567 -0.313801
-0.576631 -0.332656
-0.561282 -0.332675
-0.545507 -0.332679
-0.529321 -0.332673
-0.512747 -0.332662
-0.495813 -0.332647
-0.47855 -0.332632
-0.460991 -0.332617
-0.443172 -0.332602
-0.425124 -0.33259
-0.406882 -0.332579
-0.388474 -0.332569
-0.369929 -0.332562
-0.351271 -0.332556
-0.332521 -0.332551
-0.313699 -0.332547
-0.294819 -0.332545
-0.275895 -0.332543
-0.256937 -0.332541
-0.237953 -0.33254
-0.218951 -0.332539
-0.199935 -0.332539
-0.18091 -0.332538
-0.161877 -0.332538
-0.142839 -0.332538
-0.123798 -0.332538
-0.104755 -0.332538
-0.0857098 -0.332538
-0.0666639 -0.332538
-0.0476175 -0.332538
-0.0285706 -0.332538
-0.0095235 -0.332538
0.00952365 -0.332538
0.0285708 -0.332538
0.0476177 -0.332538
0.0666643 -0.332538
0.0857103 -0.332538
0.104755 -0.332538
0.123799 -0.332538
0.142841 -0.332538
0.161879 -0.332538
0.180913 -0.332538
0.199939 -0.332539
0.218957 -0.332539
0.237961 -0.33254
0.256946 -0.332541
0.275906 -0.332542
0.294833 -0.332544
0.313716 -0.332547
0.332542 -0.332551
0.351294 -0.332555
0.369956 -0.332561
0.388504 -0.332569
0.406915 -0.332578
0.425159 -0.332589
0.443207 -0.332602
0.461027 -0.332616
0.478584 -0.332631
0.495845 -0.332647
0.512775 -0.332661
0.529344 -0.332673
0.545523 -0.332679
0.56129 -0.332675
0.57663 -0.332656
-0.576715 -0.351447
-0.56135 -0.351473
-0.545563 -0.351478
-0.529367 -0.35147
-0.512785 -0.351454
-0.495845 -0.351434
-0.478576 -0.351413
-0.461013 -0.351392
-0.443189 -0.351373
-0.425139 -0.351356
-0.406893 -0.351341
-0.388483 -0.351329
-0.369936 -0.351319
-0.351276 -0.351311
-0.332525 -0.351305
-0.313702 -0.3513
-0.294821 -0.351297
-0.275896 -0.351294
-0.256938 -0.351293
-0.237954 -0.351291
-0.218952 -0.35129
-0.199936 -0.35129
-0.18091 -0.351289
-0.161877 -0.351289
-0.142839 -0.351289
-0.123798 -0.351289
-0.104755 -0.351289
-0.0857098 -0.351289
-0.066664 -0.351289
-0.0476175 -0.351289
-0.0285706 -0.351289
-0.00952351 -0.351289
0.00952365 -0.351289
0.0285708 -0.351289
0.0476177 -0.351289
0.0666643 -0.351289
0.0857103 -0.351289
0.104755 -0.351289
0.123799 -0.351289
0.142841 -0.351289
0.161879 -0.351289
0.180913 -0.351289
0.19994 -0.35129
0.218957 -0.35129
0.237961 -0.351291
0.256947 -0.351292
0.275908 -0.351294
0.294835 -0.351297
0.313718 -0.3513
0.332545 -0.351305
0.3513 -0.351311
0.369963 -0.351318
0.388513 -0.351328
0.406926 -0.35134
0.425173 -0.351355
0.443225 -0.351372
0.461049 -0.351391
0.47861 -0.351412
0.495876 -0.351433
0.512813 -0.351453
0.529389 -0.351469
0.545578 -0.351477
0.561358 -0.351472
0.576715 -0.351447
-0.576827 -0.370157
-0.561441 -0.370192
-0.545637 -0.370199
-0.529429 -0.370188
-0.512837 -0.370166
-0.495888 -0.370139
-0.478612 -0.37011
-0.461042 -0.370082
-0.443213 -0.370056
-0.425158 -0.370033
-0.406908 -0.370014
-0.388495 -0.369998
-0.369945 -0.369985
-0.351283 -0.369975
-0.33253 -0.369968
-0.313705 -0.369962
-0.294824 -0.369957
-0.275898 -0.369954
-0.256939 -0.369952
-0.237955 -0.36995
-0.218952 -0.369949
-0.199936 -0.369948
-0.18091 -0.369948
-0.161877 -0.369948
-0.142839 -0.369947
-0.123798 -0.369947
-0.104755 -0.369947
-0.0857098 -0.369947
-0.066664 -0.369947
-0.0476175 -0.369947
-0.0285706 -0.369947
-0.00952351 -0.369947
0.00952365 -0.369947
0.0285708 -0.369947
0.0476177 -0.369947
0.0666643 -0.369947
0.0857103 -0.369947
0.104755 -0.369947
0.123799 -0.369947
0.142841 -0.369947
0.161879 -0.369948
0.180913 -0.369948
0.19994 -0.369948
0.218958 -0.369949
0.237962 -0.36995
0.256948 -0.369952
0.275909 -0.369954
0.294838 -0.369957
0.313722 -0.369961
0.33255 -0.369967
0.351306 -0.369975
0.369972 -0.369985
0.388525 -0.369997
0.406941 -0.370013
0.425192 -0.370032
0.443249 -0.370055
0.461078 -0.370081
0.478646 -0.370109
0.495919 -0.370138
0.512864 -0.370165
0.529451 -0.370187
0.545652 -0.370198
0.561449 -0.370192
0.576827 -0.370157
-0.576973 -0.388768
-0.56156 -0.388814
-0.545736 -0.388823
-0.529511 -0.388808
-0.512906 -0.388779
-0.495945 -0.388742
-0.478659 -0.388703
-0.461081 -0.388666
-0.443245 -0.388631
-0.425183 -0.388602
-0.406928 -0.388576
-0.38851 -0.388556
-0.369957 -0.388539
-0.351292 -0.388527
-0.332537 -0.388517
-0.31371 -0.388509
-0.294827 -0.388504
-0.275901 -0.3885
-0.256941 -0.388497
-0.237956 -0.388495
-0.218953 -0.388494
-0.199937 -0.388493
-0.18091 -0.388492
-0.161877 -0.388492
-0.142839 -0.388492
-0.123798 -0.388492
-0.104755 -0.388491
-0.0857099 -0.388491
-0.066664 -0.388491
-0.0476175 -0.388491
-0.0285706 -0.388491
-0.00952352 -0.388491
0.00952365 -0.388491
0.0285708 -0.388491
0.0476177 -0.388491
0.0666643 -0.388491
0.0857104 -0.388491
0.104756 -0.388491
0.123799 -0.388492
0.142841 -0.388492
0.161879 -0.388492
0.180913 -0.388492
0.199941 -0.388493
0.218958 -0.388494
0.237963 -0.388495
0.25695 -0.388497
0.275912 -0.3885
0.294841 -0.388504
0.313727 -0.388509
0.332556 -0.388516
0.351315 -0.388526
0.369983 -0.388539
0.38854 -0.388555
0.40696 -0.388575
0.425217 -0.3886
0.44328 -0.38863
0.461117 -0.388664
0.478693 -0.388702
0.495976 -0.388741
0.512933 -0.388778
0.529533 -0.388808
0.545751 -0.388823
0.561568 -0.388814
0.576973 -0.388768
-0.57716 -0.407258
-0.561714 -0.407319
-0.545864 -0.407331
-0.529619 -0.40731
-0.512996 -0.407271
-0.49602 -0.407221
-0.478722 -0.40717
-0.461132 -0.40712
-0.443286 -0.407075
-0.425216 -0.407036
-0.406954 -0.407004
-0.38853 -0.406977
-0.369972 -0.406956
-0.351303 -0.40694
-0.332545 -0.406928
-0.313716 -0.406919
-0.294831 -0.406912
-0.275904 -0.406907
-0.256943 -0.406904
-0.237958 -0.406901
-0.218954 -0.4069
-0.199937 -0.406899
-0.180911 -0.406898
-0.161878 -0.406897
-0.14284 -0.406897
-0.123798 -0.406897
-0.104755 -0.406897
-0.0857099 -0.406897
-0.066664 -0.406897
-0.0476175 -0.406897
-0.0285706 -0.406897
-0.00952353 -0.406897
0.00952364 -0.406897
0.0285708 -0.406897
0.0476177 -0.406897
0.0666643 -0.406897
0.0857104 -0.406897
0.104756 -0.406897
0.123799 -0.406897
0.142841 -0.406897
0.16188 -0.406897
0.180914 -0.406898
0.199941 -0.406899
0.218959 -0.4069
0.237965 -0.406901
0.256952 -0.406904
0.275915 -0.406907
0.294845 -0.406912
0.313732 -0.406918
0.332564 -0.406927
0.351326 -0.406939
0.369998 -0.406955
0.388559 -0.406976
0.406985 -0.407002
0.425249 -0.407035
0.44332 -0.407074
0.461167 -0.407119
0.478755 -0.407168
0.496051 -0.40722
0.513023 -0.407269
0.52964 -0.407309
0.545879 -0.40733
0.561721 -0.407319
0.577159 -0.407258
-0.577394 -0.425606
-0.561909 -0.425684
-0.546028 -0.425698
-0.529757 -0.42567
-0.513112 -0.425616
-0.496116 -0.425551
-0.478801 -0.425483
-0.461196 -0.425418
-0.443337 -0.42536
-0.425256 -0.42531
-0.406985 -0.425268
-0.388554 -0.425235
-0.36999 -0.425208
-0.351317 -0.425188
-0.332555 -0.425173
-0.313723 -0.425162
-0.294837 -0.425154
-0.275907 -0.425148
-0.256946 -0.425144
-0.23796 -0.425141
-0.218955 -0.425139
-0.199938 -0.425137
-0.180911 -0.425136
-0.161878 -0.425136
-0.14284 -0.425135
-0.123798 -0.425135
-0.104755 -0.425135
-0.08571 -0.425135
-0.0666641 -0.425135
-0.0476175 -0.425135
-0.0285706 -0.425135
-0.00952354 -0.425135
0.00952364 -0.425135
0.0285708 -0.425135
0.0476177 -0.425135
0.0666644 -0.425135
0.0857105 -0.425135
0.104756 -0.425135
0.123799 -0.425135
0.142841 -0.425135
0.16188 -0.425136
0.180914 -0.425136
0.199942 -0.425137
0.218961 -0.425138
0.237966 -0.42514
0.256954 -0.425143
0.275918 -0.425147
0.29485 -0.425153
0.31374 -0.425161
0.332574 -0.425172
0.351339 -0.425187
0.370016 -0.425207
0.388583 -0.425233
0.407017 -0.425267
0.425289 -0.425308
0.443371 -0.425358
0.461231 -0.425417
0.478834 -0.425482
0.496147 -0.42555
0.513138 -0.425615
0.529778 -0.425669
0.546043 -0.425697
0.561917 -0.425684
0.577394 -0.425605
-0.577683 -0.443787
-0.562153 -0.443886
-0.546234 -0.4439
-0.52993 -0.443861
-0.513256 -0.443789
-0.496236 -0.443703
-0.478899 -0.443615
-0.461275 -0.443531
-0.4434 -0.443456
-0.425306 -0.443393
-0.407024 -0.44334
-0.388583 -0.443298
-0.370012 -0.443265
-0.351333 -0.44324
-0.332567 -0.443222
-0.313732 -0.443208
-0.294843 -0.443198
-0.275912 -0.443191
-0.256949 -0.443186
-0.237962 -0.443182
-0.218957 -0.44318
-0.199939 -0.443178
-0.180912 -0.443177
-0.161878 -0.443177
-0.14284 -0.443176
-0.123799 -0.443176
-0.104755 -0.443176
-0.0857101 -0.443175
-0.0666641 -0.443175
-0.0476176 -0.443175
-0.0285707 -0.443175
-0.00952356 -0.443175
0.00952363 -0.443175
0.0285708 -0.443175
0.0476177 -0.443175
0.0666644 -0.443175
0.0857105 -0.443175
0.104756 -0.443176
0.1238 -0.443176
0.142842 -0.443176
0.16188 -0.443176
0.180915 -0.443177
0.199943 -0.443178
0.218962 -0.44318
0.237968 -0.443182
0.256957 -0.443185
0.275922 -0.44319
0.294856 -0.443197
0.313748 -0.443207
0.332586 -0.443221
0.351355 -0.443239
0.370037 -0.443264
0.388612 -0.443297
0.407054 -0.443338
0.425338 -0.443391
0.443434 -0.443454
0.461309 -0.443529
0.478931 -0.443613
0.496266 -0.443702
0.513282 -0.443788
0.52995 -0.443859
0.546248 -0.443899
0.56216 -0.443885
0.577684 -0.443787
-0.578033 -0.461781
-0.562449 -0.461899
-0.546484 -0.461911
-0.53014 -0.461855
-0.513431 -0.46176
-0.49638 -0.461648
-0.479016 -0.461533
-0.461369 -0.461426
-0.443475 -0.461332
-0.425364 -0.461252
-0.407068 -0.461187
-0.388617 -0.461135
-0.370037 -0.461095
-0.351352 -0.461064
-0.332581 -0.461042
-0.313742 -0.461025
-0.29485 -0.461013
-0.275917 -0.461004
-0.256952 -0.460998
-0.237964 -0.460994
-0.218959 -0.460991
-0.19994 -0.460989
-0.180913 -0.460988
-0.161879 -0.460987
-0.14284 -0.460987
-0.123799 -0.460986
-0.104755 -0.460986
-0.0857102 -0.460986
-0.0666642 -0.460986
-0.0476176 -0.460986
-0.0285707 -0.460986
-0.00952357 -0.460986
0.00952362 -0.460986
0.0285708 -0.460986
0.0476178 -0.460986
0.0666644 -0.460986
0.0857106 -0.460986
0.104756 -0.460986
0.1238 -0.460986
0.142842 -0.460986
0.161881 -0.460987
0.180916 -0.460988
0.199944 -0.460989
0.218963 -0.460991
0.237971 -0.460994
0.256961 -0.460998
0.275927 -0.461004
0.294863 -0.461012
0.313758 -0.461024
0.3326 -0.46104
0.351374 -0.461063
0.370062 -0.461093
0.388645 -0.461133
0.407099 -0.461185
0.425396 -0.46125
0.443508 -0.46133
0.461403 -0.461424
0.479048 -0.461531
0.49641 -0.461646
0.513457 -0.461758
0.530161 -0.461854
0.546498 -0.46191
0.562456 -0.461899
0.578033 -0.461781
-0.578444 -0.479566
-0.562799 -0.479701
-0.54678 -0.479704
-0.530388 -0.479623
-0.513636 -0.479497
-0.496547 -0.479352
-0.47915 -0.479206
-0.461476 -0.479072
-0.443558 -0.478954
-0.425429 -0.478855
-0.407118 -0.478775
-0.388655 -0.478712
-0.370066 -0.478663
-0.351373 -0.478626
-0.332596 -0.478599
-0.313753 -0.478579
-0.294858 -0.478564
-0.275923 -0.478554
-0.256956 -0.478547
-0.237967 -0.478542
-0.218961 -0.478538
-0.199942 -0.478536
-0.180914 -0.478534
-0.161879 -0.478533
-0.142841 -0.478533
-0.123799 -0.478532
-0.104755 -0.478532
-0.0857103 -0.478532
-0.0666643 -0.478532
-0.0476177 -0.478532
-0.0285707 -0.478532
-0.00952359 -0.478532
0.00952361 -0.478532
0.0285708 -0.478532
0.0476178 -0.478532
0.0666645 -0.478532
0.0857106 -0.478532
0.104756 -0.478532
0.1238 -0.478532
0.142842 -0.478533
0.161881 -0.478533
0.180916 -0.478534
0.199945 -0.478536
0.218965 -0.478538
0.237973 -0.478541
0.256964 -0.478546
0.275933 -0.478553
0.294871 -0.478563
0.313769 -0.478577
0.332615 -0.478597
0.351394 -0.478624
0.37009 -0.478661
0.388683 -0.47871
0.407148 -0.478773
0.42546 -0.478853
0.443591 -0.478951
0.461509 -0.479069
0.479182 -0.479204
0.496577 -0.47935
0.513661 -0.479495
0.530408 -0.479622
0.546794 -0.479703
0.562806 -0.4797
0.578444 -0.479566
-0.57891 -0.497123
-0.563197 -0.497266
-0.547115 -0.49725
-0.530666 -0.497136
-0.513863 -0.49697
-0.496731 -0.496784
-0.479296 -0.496601
-0.461591 -0.496434
-0.443648 -0.496289
-0.425497 -0.496168
-0.40717 -0.496071
-0.388695 -0.495995
-0.370095 -0.495936
-0.351395 -0.495892
-0.332613 -0.495859
-0.313765 -0.495835
-0.294867 -0.495817
-0.275929 -0.495805
-0.256961 -0.495796
-0.23797 -0.49579
-0.218963 -0.495786
-0.199943 -0.495784
-0.180915 -0.495782
-0.16188 -0.495781
-0.142841 -0.49578
-0.123799 -0.495779
-0.104756 -0.495779
-0.0857104 -0.495779
-0.0666644 -0.495779
-0.0476177 -0.495778
-0.0285708 -0.495778
-0.00952362 -0.495778
0.0095236 -0.495778
0.0285708 -0.495778
0.0476178 -0.495778
0.0666645 -0.495779
0.0857107 -0.495779
0.104756 -0.495779
0.1238 -0.495779
0.142843 -0.49578
0.161882 -0.49578
0.180917 -0.495782
0.199947 -0.495783
0.218967 -0.495786
0.237976 -0.49579
0.256969 -0.495796
0.275939 -0.495804
0.294879 -0.495816
0.31378 -0.495833
0.332631 -0.495857
0.351416 -0.495889
0.37012 -0.495933
0.388722 -0.495992
0.4072 -0.496068
0.425529 -0.496165
0.44368 -0.496286
0.461624 -0.496431
0.479328 -0.496598
0.49676 -0.496782
0.513888 -0.496968
0.530686 -0.497135
0.547129 -0.49725
0.563204 -0.497266
0.578911 -0.497123
-0.579418 -0.514438
-0.563628 -0.514574
-0.547473 -0.514524
-0.530959 -0.514364
-0.514099 -0.514147
-0.496918 -0.513912
-0.479443 -0.513685
-0.461705 -0.513481
-0.443735 -0.513305
-0.425564 -0.513159
-0.407221 -0.513042
-0.388733 -0.512951
-0.370124 -0.51288
-0.351416 -0.512827
-0.332628 -0.512788
-0.313777 -0.512759
-0.294875 -0.512739
-0.275935 -0.512724
-0.256965 -0.512714
-0.237973 -0.512707
-0.218965 -0.512702
-0.199945 -0.512698
-0.180916 -0.512696
-0.161881 -0.512695
-0.142842 -0.512694
-0.1238 -0.512693
-0.104756 -0.512693
-0.0857106 -0.512692
-0.0666644 -0.512692
-0.0476178 -0.512692
-0.0285708 -0.512692
-0.00952364 -0.512692
0.00952359 -0.512692
0.0285708 -0.512692
0.0476178 -0.512692
0.0666646 -0.512692
0.0857108 -0.512692
0.104756 -0.512693
0.123801 -0.512693
0.142843 -0.512693
0.161883 -0.512694
0.180918 -0.512696
0.199948 -0.512698
0.218969 -0.512701
0.237979 -0.512706
0.256973 -0.512713
0.275945 -0.512723
0.294888 -0.512737
0.313792 -0.512758
0.332646 -0.512786
0.351437 -0.512825
0.370148 -0.512878
0.38876 -0.512948
0.40725 -0.513039
0.425595 -0.513156
0.443767 -0.513301
0.461737 -0.513477
0.479474 -0.513683
0.496946 -0.51391
0.514124 -0.514145
0.530978 -0.514363
0.547487 -0.514524
0.563635 -0.514574
0.579418 -0.514439
-0.579936 -0.531499
-0.564061 -0.531602
-0.547826 -0.5315
-0.531239 -0.531279
-0.514317 -0.531001
-0.497086 -0.530709
-0.47957 -0.530432
-0.461801 -0.530184
-0.443808 -0.529973
-0.425619 -0.529799
-0.407262 -0.529659
-0.388764 -0.52955
-0.370148 -0.529466
-0.351434 -0.529403
-0.332642 -0.529356
-0.313787 -0.529321
-0.294883 -0.529297
-0.275941 -0.529279
-0.256969 -0.529266
-0.237976 -0.529257
-0.218967 -0.529251
-0.199946 -0.529247
-0.180917 -0.529245
-0.161882 -0.529243
-0.142842 -0.529242
-0.1238 -0.529241
-0.104756 -0.52924
-0.0857107 -0.52924
-0.0666645 -0.52924
-0.0476179 -0.52924
-0.0285709 -0.52924
-0.00952367 -0.52924
0.00952358 -0.52924
0.0285708 -0.52924
0.0476179 -0.52924
0.0666646 -0.52924
0.0857109 -0.52924
0.104756 -0.52924
0.123801 -0.529241
0.142843 -0.529241
0.161883 -0.529243
0.180919 -0.529244
0.199949 -0.529247
0.218971 -0.529251
0.237982 -0.529257
0.256977 -0.529265
0.27595 -0.529277
0.294895 -0.529295
0.313802 -0.529319
0.33266 -0.529353
0.351455 -0.5294
0.370172 -0.529463
0.388791 -0.529546
0.407291 -0.529655
0.42565 -0.529795
0.44384 -0.529969
0.461833 -0.53018
0.479601 -0.530429
0.497114 -0.530707
0.514342 -0.531
0.531258 -0.531279
0.547839 -0.5315
0.564068 -0.531603
0.579936 -0.531501
-0.580416 -0.548295
-0.564448 -0.548331
-0.548124 -0.548156
-0.531462 -0.547859
-0.51448 -0.547509
-0.497202 -0.547152
-0.479653 -0.546817
-0.461859 -0.546521
-0.443849 -0.54627
-0.425649 -0.546063
-0.407285 -0.545898
-0.388781 -0.545768
-0.370161 -0.545667
-0.351445 -0.545591
-0.33265 -0.545534
-0.313794 -0.545492
-0.294888 -0.545462
-0.275945 -0.54544
-0.256972 -0.545425
-0.237979 -0.545414
-0.218969 -0.545406
-0.199947 -0.545401
-0.180918 -0.545398
-0.161882 -0.545395
-0.142843 -0.545394
-0.1238 -0.545393
-0.104756 -0.545392
-0.0857109 -0.545392
-0.0666646 -0.545392
-0.0476179 -0.545391
-0.0285709 -0.545391
-0.00952369 -0.545391
0.00952357 -0.545391
0.0285708 -0.545391
0.0476179 -0.545391
0.0666647 -0.545392
0.085711 -0.545392
0.104757 -0.545392
0.123801 -0.545393
0.142844 -0.545394
0.161884 -0.545395
0.18092 -0.545397
0.199951 -0.545401
0.218973 -0.545405
0.237984 -0.545413
0.25698 -0.545423
0.275954 -0.545438
0.2949 -0.54546
0.313809 -0.54549
0.332668 -0.545531
0.351466 -0.545588
0.370185 -0.545663
0.388808 -0.545763
0.407314 -0.545893
0.42568 -0.546059
0.443881 -0.546266
0.461891 -0.546517
0.479683 -0.546814
0.49723 -0.54715
0.514504 -0.547508
0.531481 -0.547859
0.548137 -0.548157
0.564454 -0.548333
0.580415 -0.548298
-0.58079 -0.564808
-0.56472 -0.56474
-0.548302 -0.564471
-0.531566 -0.564087
-0.514531 -0.563656
-0.49722 -0.563226
-0.479651 -0.562829
-0.461849 -0.562479
-0.443836 -0.562182
-0.425637 -0.561937
-0.407275 -0.56174
-0.388775 -0.561584
-0.370157 -0.561463
-0.351443 -0.561371
-0.33265 -0.561301
-0.313794 -0.561249
-0.294889 -0.561211
-0.275946 -0.561184
-0.256973 -0.561164
-0.23798 -0.56115
-0.21897 -0.561141
-0.199948 -0.561134
-0.180918 -0.56113
-0.161883 -0.561127
-0.142843 -0.561125
-0.123801 -0.561124
-0.104756 -0.561123
-0.085711 -0.561122
-0.0666647 -0.561122
-0.047618 -0.561122
-0.0285709 -0.561122
-0.00952371 -0.561122
0.00952357 -0.561122
0.0285708 -0.561122
0.0476179 -0.561122
0.0666647 -0.561122
0.0857111 -0.561122
0.104757 -0.561123
0.123801 -0.561123
0.142844 -0.561125
0.161884 -0.561126
0.180921 -0.561129
0.199951 -0.561134
0.218974 -0.56114
0.237985 -0.561149
0.256981 -0.561163
0.275955 -0.561182
0.294901 -0.561209
0.313809 -0.561246
0.332667 -0.561297
0.351463 -0.561366
0.370181 -0.561458
0.388801 -0.561579
0.407304 -0.561734
0.425668 -0.561932
0.443868 -0.562177
0.461881 -0.562475
0.479682 -0.562826
0.497247 -0.563225
0.514555 -0.563656
0.531584 -0.564088
0.548314 -0.564473
0.564725 -0.564743
0.580787 -0.564812
-0.581001 -0.581007
-0.564791 -0.5808
-0.548269 -0.58043
-0.531466 -0.579953
-0.514398 -0.579438
-0.497078 -0.578932
-0.479518 -0.578466
-0.461732 -0.578055
-0.44374 -0.577705
-0.42556 -0.577414
-0.407216 -0.577178
-0.38873 -0.576989
-0.370125 -0.576841
-0.35142 -0.576727
-0.332634 -0.57664
-0.313783 -0.576575
-0.294882 -0.576527
-0.275941 -0.576492
-0.256971 -0.576466
-0.237978 -0.576448
-0.218969 -0.576436
-0.199948 -0.576427
-0.180918 -0.576421
-0.161883 -0.576417
-0.142843 -0.576414
-0.123801 -0.576413
-0.104756 -0.576412
-0.085711 -0.576411
-0.0666647 -0.57641
-0.047618 -0.57641
-0.0285709 -0.57641
-0.00952372 -0.57641
0.00952356 -0.57641
0.0285708 -0.57641
0.0476179 -0.57641
0.0666648 -0.57641
0.0857111 -0.576411
0.104757 -0.576411
0.123801 -0.576412
0.142844 -0.576414
0.161884 -0.576417
0.18092 -0.57642
0.199951 -0.576426
0.218973 -0.576434
0.237984 -0.576447
0.256978 -0.576464
0.275951 -0.576489
0.294894 -0.576524
0.313798 -0.576571
0.332652 -0.576636
0.351441 -0.576722
0.370149 -0.576836
0.388757 -0.576983
0.407245 -0.577172
0.425591 -0.577408
0.443771 -0.5777
0.461764 -0.578051
0.479547 -0.578463
0.497105 -0.578931
0.51442 -0.579439
0.531483 -0.579956
0.54828 -0.580434
0.564794 -0.580806
0.580995 -0.581013
