-0.497246 0.49476
-0.354389 0.49476
-0.211532 0.494761
-0.0686749 0.494761
0.0741823 0.494762
0.217039 0.494762
0.359897 0.494763
0.502754 0.494763
-0.497246 0.351903
-0.354389 0.351903
-0.211532 0.351904
-0.0686744 0.351904
0.0741828 0.351905
0.21704 0.351905
0.359897 0.351906
0.502754 0.351906
-0.497245 0.209046
-0.354388 0.209046
-0.211531 0.209047
-0.0686739 0.209047
0.0741832 0.209048
0.21704 0.209048
0.359898 0.209049
0.502755 0.209049
-0.497245 0.0661886
-0.354388 0.066189
-0.211531 0.0661895
-0.0686734 0.06619
0.0741837 0.0661905
0.217041 0.0661909
0.359898 0.0661914
0.502755 0.0661919
-0.497244 -0.0766686
-0.354387 -0.0766681
-0.21153 -0.0766676
-0.0686729 -0.0766672
0.0741842 -0.0766667
0.217041 -0.0766662
0.359898 -0.0766657
0.502756 -0.0766652
-0.497244 -0.219526
-0.354387 -0.219525
-0.21153 -0.219525
-0.0686725 -0.219524
0.0741847 -0.219524
0.217042 -0.219523
0.359899 -0.219523
0.502756 -0.219522
-0.497243 -0.362383
-0.354386 -0.362382
-0.211529 -0.362382
-0.068672 -0.362381
0.0741851 -0.362381
0.217042 -0.36238
0.359899 -0.36238
0.502757 -0.36238
-0.497243 -0.50524
-0.354386 -0.50524
-0.211529 -0.505239
-0.0686715 -0.505239
0.0741856 -0.505238
0.217043 -0.505238
0.3599 -0.505237
0.502757 -0.505237
