-0.542621 0.542585
-0.509888 0.542286
-0.476708 0.541742
-0.443131 0.540982
-0.409189 0.540074
-0.374906 0.539087
-0.340302 0.53808
-0.305393 0.537099
-0.270198 0.53618
-0.234738 0.535347
-0.199038 0.534617
-0.163127 0.534
-0.127039 0.533503
-0.09081 0.533129
-0.0544782 0.532879
-0.0180846 0.532754
0.0183289 0.532754
0.0547202 0.532879
0.0910474 0.53313
0.12727 0.533505
0.163348 0.534004
0.199247 0.534622
0.234934 0.535355
0.270378 0.536191
0.305556 0.537115
0.340445 0.538099
0.375029 0.53911
0.409289 0.540101
0.443207 0.541012
0.476761 0.541776
0.509915 0.542322
0.542623 0.542622
-0.542367 0.509852
-0.509834 0.509755
-0.476825 0.50936
-0.443385 0.508735
-0.409541 0.507952
-0.375317 0.507081
-0.340736 0.50618
-0.305823 0.505297
-0.270604 0.504466
-0.235104 0.503712
-0.199356 0.50305
-0.163391 0.502491
-0.127246 0.502041
-0.0909584 0.501703
-0.0545675 0.501476
-0.0181146 0.501363
0.0183582 0.501363
0.0548089 0.501476
0.0911955 0.501702
0.127477 0.502041
0.163613 0.502492
0.199567 0.503052
0.235302 0.503716
0.270786 0.504473
0.305989 0.505308
0.340883 0.506195
0.375442 0.507099
0.409644 0.507973
0.443466 0.508759
0.476882 0.509387
0.509866 0.509784
0.542376 0.509884
-0.541864 0.476673
-0.509477 0.476751
-0.476613 0.476502
-0.443297 0.47601
-0.409553 0.475353
-0.375403 0.474599
-0.340872 0.473806
-0.305986 0.473021
-0.270776 0.472278
-0.235273 0.471601
-0.199511 0.471005
-0.163525 0.470501
-0.127354 0.470095
-0.091037 0.46979
-0.0546154 0.469586
-0.0181309 0.469483
0.0183739 0.469483
0.0548564 0.469585
0.0912739 0.469788
0.127585 0.470094
0.163747 0.4705
0.199723 0.471005
0.235472 0.471602
0.270961 0.472282
0.306154 0.473028
0.341021 0.473816
0.375532 0.474611
0.40966 0.475368
0.443382 0.476028
0.476674 0.476523
0.509515 0.476774
0.541879 0.476699
-0.541137 0.443093
-0.508886 0.443314
-0.476154 0.443193
-0.442958 0.442822
-0.409316 0.442282
-0.37525 0.441641
-0.340785 0.440953
-0.305948 0.440263
-0.270772 0.439605
-0.23529 0.439002
-0.199538 0.43847
-0.163556 0.438019
-0.127383 0.437655
-0.0910605 0.437381
-0.0546305 0.437197
-0.0181362 0.437105
0.0183789 0.437105
0.0548712 0.437196
0.0912973 0.437379
0.127614 0.437653
0.163779 0.438017
0.199751 0.438469
0.23549 0.439002
0.270958 0.439607
0.306118 0.440267
0.340936 0.440959
0.375381 0.441649
0.409426 0.442294
0.443045 0.442836
0.476218 0.443208
0.508927 0.443332
0.541157 0.443115
-0.540257 0.409149
-0.508131 0.409472
-0.475523 0.409454
-0.442444 0.409189
-0.408907 0.408754
-0.374931 0.408216
-0.340541 0.407626
-0.305766 0.407027
-0.270639 0.40645
-0.235195 0.405918
-0.199472 0.405447
-0.163511 0.405046
-0.127354 0.404722
-0.0910423 0.404477
-0.0546207 0.404313
-0.0181331 0.404231
0.0183758 0.40423
0.0548614 0.404312
0.0912791 0.404475
0.127585 0.404719
0.163734 0.405043
0.199685 0.405444
0.235395 0.405916
0.270825 0.40645
0.305937 0.407028
0.340694 0.407629
0.375063 0.408221
0.409018 0.408762
0.442533 0.409198
0.475589 0.409466
0.508174 0.409486
0.540279 0.409166
-0.53929 0.374863
-0.50728 0.375249
-0.47479 0.375308
-0.441823 0.375129
-0.408388 0.374787
-0.374504 0.374341
-0.340195 0.37384
-0.305488 0.373325
-0.270419 0.372825
-0.235023 0.37236
-0.19934 0.371946
-0.163413 0.371593
-0.127282 0.371307
-0.0909944 0.37109
-0.0545931 0.370945
-0.018124 0.370872
0.018367 0.370871
0.0548341 0.370943
0.0912315 0.371087
0.127514 0.371303
0.163636 0.37159
0.199554 0.371943
0.235224 0.372357
0.270606 0.372823
0.305659 0.373325
0.340348 0.373842
0.374637 0.374343
0.4085 0.374791
0.441913 0.375136
0.474858 0.375316
0.507325 0.375259
0.539314 0.374875
-0.538297 0.340254
-0.506394 0.340668
-0.474013 0.34078
-0.44115 0.340669
-0.407814 0.340404
-0.374019 0.340039
-0.33979 0.339619
-0.305154 0.339181
-0.270146 0.338751
-0.234804 0.338349
-0.199168 0.337989
-0.16328 0.337681
-0.127185 0.33743
-0.0909271 0.33724
-0.0545537 0.337113
-0.0181109 0.337048
0.0183545 0.337048
0.0547955 0.337111
0.091165 0.337237
0.127417 0.337427
0.163504 0.337677
0.199382 0.337985
0.235006 0.338345
0.270334 0.338748
0.305326 0.339179
0.339943 0.339619
0.374153 0.34004
0.407927 0.340406
0.441241 0.340673
0.474081 0.340785
0.506441 0.340676
0.538323 0.340264
-0.537325 0.305341
-0.50552 0.305755
-0.473238 0.305897
-0.440471 0.305837
-0.407226 0.305635
-0.373515 0.305339
-0.339362 0.304991
-0.304796 0.304622
-0.26985 0.304257
-0.234562 0.303913
-0.198974 0.303604
-0.163129 0.303338
-0.127072 0.30312
-0.0908492 0.302956
-0.0545078 0.302845
-0.0180954 0.302789
0.0183401 0.302788
0.0547506 0.302843
0.0910881 0.302953
0.127305 0.303117
0.163354 0.303334
0.199189 0.3036
0.234765 0.303909
0.270039 0.304253
0.304968 0.30462
0.339517 0.30499
0.37365 0.305339
0.407339 0.305635
0.440563 0.305839
0.473307 0.3059
0.505568 0.30576
0.537352 0.305348
-0.536411 0.270142
-0.504695 0.270534
-0.472501 0.270688
-0.43982 0.270664
-0.406656 0.270512
-0.373022 0.270276
-0.33894 0.26999
-0.304438 0.269683
-0.269551 0.269376
-0.234316 0.269086
-0.198775 0.268823
-0.162973 0.268597
-0.126955 0.268411
-0.0907676 0.26827
-0.0544595 0.268175
-0.018079 0.268127
0.018325 0.268126
0.0547035 0.268173
0.0910077 0.268267
0.127189 0.268408
0.163199 0.268593
0.198992 0.268819
0.23452 0.269082
0.269741 0.269373
0.304612 0.26968
0.339095 0.269988
0.373157 0.270275
0.40677 0.270512
0.439912 0.270665
0.472571 0.27069
0.504743 0.270537
0.536439 0.270147
-0.53558 0.234679
-0.503943 0.235033
-0.471826 0.235185
-0.439221 0.235184
-0.406128 0.235072
-0.372562 0.234885
-0.338543 0.234654
-0.3041 0.234402
-0.269266 0.234148
-0.23408 0.233906
-0.198583 0.233687
-0.162821 0.233497
-0.12684 0.233341
-0.0906876 0.233222
-0.054412 0.233142
-0.0180628 0.233101
0.0183103 0.233101
0.0546575 0.23314
0.0909292 0.23322
0.127076 0.233338
0.163049 0.233493
0.198801 0.233683
0.234285 0.233903
0.269456 0.234145
0.304274 0.234399
0.338699 0.234652
0.372698 0.234884
0.406243 0.235071
0.439313 0.235184
0.471896 0.235186
0.503991 0.235035
0.535608 0.234682
-0.534849 0.198976
-0.503281 0.199284
-0.471231 0.199423
-0.43869 0.199435
-0.405659 0.199353
-0.372151 0.199207
-0.338186 0.199023
-0.303793 0.19882
-0.269006 0.198614
-0.233863 0.198416
-0.198407 0.198237
-0.162682 0.19808
-0.126734 0.197952
-0.0906134 0.197854
-0.0543678 0.197788
-0.0180477 0.197754
0.0182967 0.197754
0.0546148 0.197786
0.0908564 0.197852
0.126972 0.197949
0.162911 0.198077
0.198626 0.198233
0.23407 0.198413
0.269198 0.19861
0.303969 0.198817
0.338343 0.19902
0.372287 0.199205
0.405774 0.199352
0.438783 0.199435
0.471301 0.199424
0.503329 0.199285
0.534877 0.198979
-0.53423 0.163064
-0.50272 0.163318
-0.470726 0.163438
-0.438238 0.163455
-0.405258 0.163395
-0.371798 0.163283
-0.337879 0.16314
-0.303529 0.16298
-0.268781 0.162817
-0.233675 0.16266
-0.198253 0.162517
-0.162559 0.162392
-0.126641 0.16229
-0.090548 0.162211
-0.0543288 0.162158
-0.0180343 0.162131
0.0182847 0.162131
0.0545773 0.162157
0.0907924 0.162209
0.12688 0.162288
0.162789 0.16239
0.198473 0.162514
0.233883 0.162657
0.268974 0.162814
0.303705 0.162977
0.338036 0.163138
0.371935 0.163282
0.405374 0.163394
0.438331 0.163454
0.470797 0.163438
0.502769 0.163319
0.534258 0.163066
-0.533729 0.126975
-0.502266 0.127172
-0.470317 0.127267
-0.437871 0.127283
-0.404932 0.12724
-0.37151 0.127157
-0.337627 0.127049
-0.303311 0.126928
-0.268596 0.126804
-0.23352 0.126685
-0.198125 0.126575
-0.162457 0.12648
-0.126564 0.126402
-0.0904935 0.126341
-0.0542963 0.126301
-0.0180231 0.12628
0.0182748 0.12628
0.054546 0.1263
0.0907392 0.12634
0.126804 0.1264
0.162689 0.126478
0.198346 0.126573
0.233728 0.126682
0.26879 0.126802
0.303488 0.126926
0.337786 0.127047
0.371648 0.127156
0.405048 0.127239
0.437965 0.127282
0.470388 0.127267
0.502315 0.127173
0.533757 0.126976
-0.53335 0.0907451
-0.501923 0.0908841
-0.470007 0.090951
-0.437594 0.0909619
-0.404684 0.0909314
-0.371291 0.0908724
-0.337436 0.0907956
-0.303145 0.0907097
-0.268454 0.0906218
-0.2334 0.0905371
-0.198027 0.0904596
-0.162379 0.090392
-0.126504 0.0903363
-0.0904513 0.0902936
-0.0542711 0.0902647
-0.0180144 0.0902501
0.0182671 0.0902498
0.0545218 0.0902641
0.090698 0.0902926
0.126745 0.0903349
0.162611 0.0903905
0.198249 0.0904579
0.23361 0.0905354
0.268649 0.0906201
0.303323 0.0907081
0.337595 0.0907942
0.37143 0.0908713
0.404801 0.0909306
0.437688 0.0909614
0.470079 0.0909509
0.501972 0.0908843
0.533378 0.0907458
-0.533095 0.0544132
-0.501692 0.054493
-0.469799 0.0545299
-0.437406 0.0545333
-0.404517 0.0545122
-0.371143 0.0544743
-0.337306 0.0544261
-0.303032 0.0543728
-0.268357 0.0543186
-0.233319 0.0542666
-0.19796 0.0542192
-0.162325 0.0541781
-0.126463 0.0541442
-0.0904225 0.0541183
-0.0542538 0.0541008
-0.0180084 0.0540919
0.0182619 0.0540918
0.0545052 0.0541004
0.0906699 0.0541176
0.126704 0.0541434
0.162558 0.0541771
0.198183 0.0542182
0.233529 0.0542655
0.268553 0.0543175
0.303211 0.0543718
0.337465 0.0544252
0.371282 0.0544736
0.404634 0.0545117
0.437501 0.054533
0.46987 0.0545298
0.501741 0.0544932
0.533123 0.0544136
-0.532964 0.0180198
-0.501574 0.0180403
-0.469692 0.018046
-0.43731 0.0180404
-0.404431 0.018027
-0.371067 0.0180084
-0.337239 0.0179871
-0.302974 0.0179647
-0.268307 0.0179429
-0.233277 0.0179225
-0.197925 0.0179043
-0.162298 0.0178887
-0.126442 0.0178761
-0.0904075 0.0178666
-0.0542448 0.0178602
-0.0180053 0.017857
0.0182591 0.0178569
0.0544966 0.01786
0.0906552 0.0178664
0.126684 0.0178758
0.162531 0.0178884
0.198148 0.0179039
0.233487 0.0179221
0.268503 0.0179425
0.303153 0.0179645
0.337398 0.0179868
0.371206 0.0180083
0.404548 0.0180269
0.437405 0.0180404
0.469764 0.018046
0.501623 0.0180404
0.532992 0.01802
-0.532959 -0.0183932
-0.501569 -0.0184323
-0.469687 -0.0184582
-0.437306 -0.0184732
-0.404427 -0.0184796
-0.371063 -0.0184794
-0.337235 -0.0184745
-0.302971 -0.0184664
-0.268305 -0.0184564
-0.233275 -0.0184456
-0.197923 -0.0184349
-0.162296 -0.0184251
-0.126441 -0.0184166
-0.0904066 -0.0184099
-0.0542443 -0.0184053
-0.0180052 -0.0184029
0.0182589 -0.0184028
0.0544961 -0.0184051
0.0906543 -0.0184097
0.126682 -0.0184163
0.162529 -0.0184247
0.198146 -0.0184345
0.233485 -0.0184452
0.2685 -0.0184559
0.30315 -0.0184659
0.337395 -0.0184741
0.371202 -0.018479
0.404544 -0.0184793
0.4374 -0.0184729
0.469759 -0.018458
0.501618 -0.0184322
0.532986 -0.0183932
-0.533079 -0.0547838
-0.501677 -0.0548825
-0.469784 -0.0549398
-0.437392 -0.0549639
-0.404504 -0.0549628
-0.371131 -0.0549433
-0.337295 -0.0549115
-0.303023 -0.0548724
-0.268349 -0.05483
-0.233312 -0.0547877
-0.197954 -0.0547478
-0.162321 -0.0547122
-0.12646 -0.0546824
-0.0904199 -0.0546594
-0.0542523 -0.0546436
-0.018008 -0.0546356
0.0182613 -0.0546354
0.0545036 -0.0546432
0.0906672 -0.0546587
0.126701 -0.0546816
0.162554 -0.0547113
0.198177 -0.0547467
0.233522 -0.0547865
0.268544 -0.0548288
0.303201 -0.0548712
0.337454 -0.0549105
0.37127 -0.0549424
0.404621 -0.054962
0.437487 -0.0549633
0.469855 -0.0549394
0.501725 -0.0548824
0.533106 -0.054784
-0.533324 -0.0911102
-0.501898 -0.0912686
-0.469983 -0.0913563
-0.437571 -0.0913882
-0.404663 -0.0913779
-0.371272 -0.0913374
-0.337418 -0.091277
-0.30313 -0.0912053
-0.268441 -0.0911292
-0.233389 -0.091054
-0.198018 -0.0909839
-0.162371 -0.0909219
-0.126498 -0.0908701
-0.0904472 -0.0908302
-0.0542686 -0.090803
-0.0180137 -0.0907892
0.0182661 -0.0907889
0.0545191 -0.0908024
0.0906936 -0.0908292
0.126739 -0.0908688
0.162603 -0.0909202
0.198239 -0.0909821
0.233598 -0.0910521
0.268635 -0.0911273
0.303308 -0.0912035
0.337577 -0.0912753
0.371411 -0.0913359
0.40478 -0.0913767
0.437665 -0.0913873
0.470054 -0.0913558
0.501946 -0.0912685
0.533351 -0.0911107
-0.533693 -0.127332
-0.502232 -0.127549
-0.470284 -0.127666
-0.437841 -0.127703
-0.404903 -0.127681
-0.371484 -0.127616
-0.337604 -0.127524
-0.303291 -0.127417
-0.268578 -0.127305
-0.233505 -0.127195
-0.198112 -0.127093
-0.162447 -0.127003
-0.126556 -0.126929
-0.0904879 -0.126871
-0.054293 -0.126832
-0.0180221 -0.126812
0.0182734 -0.126812
0.0545423 -0.126831
0.0907332 -0.12687
0.126795 -0.126927
0.162678 -0.127001
0.198333 -0.127091
0.233713 -0.127193
0.268772 -0.127303
0.303468 -0.127415
0.337762 -0.127522
0.371622 -0.127614
0.40502 -0.127679
0.437934 -0.127702
0.470355 -0.127665
0.50228 -0.127549
0.533721 -0.127333
-0.534186 -0.16341
-0.502678 -0.163685
-0.470686 -0.163827
-0.4382 -0.163866
-0.405223 -0.163827
-0.371766 -0.163734
-0.337851 -0.163607
-0.303504 -0.163461
-0.268759 -0.16331
-0.233657 -0.163162
-0.198237 -0.163026
-0.162547 -0.162907
-0.126632 -0.162808
-0.0905412 -0.162732
-0.0543249 -0.16268
-0.0180332 -0.162654
0.018283 -0.162654
0.0545728 -0.162679
0.0907851 -0.16273
0.12687 -0.162806
0.162776 -0.162904
0.198457 -0.163023
0.233864 -0.163159
0.268952 -0.163307
0.303679 -0.163458
0.338008 -0.163604
0.371903 -0.163732
0.405339 -0.163825
0.438293 -0.163865
0.470756 -0.163827
0.502726 -0.163686
0.534214 -0.163411
-0.534799 -0.199309
-0.503232 -0.199638
-0.471185 -0.199801
-0.438647 -0.199835
-0.405619 -0.199774
-0.372115 -0.199648
-0.338154 -0.19948
-0.303765 -0.199291
-0.268982 -0.199096
-0.233842 -0.198908
-0.198389 -0.198735
-0.162668 -0.198584
-0.126724 -0.198459
-0.0906057 -0.198363
-0.0543634 -0.198298
-0.0180465 -0.198265
0.0182947 -0.198265
0.0546097 -0.198297
0.090848 -0.198361
0.12696 -0.198456
0.162896 -0.19858
0.198607 -0.198731
0.234048 -0.198904
0.269173 -0.199092
0.30394 -0.199287
0.33831 -0.199477
0.372251 -0.199645
0.405734 -0.199773
0.438739 -0.199834
0.471255 -0.199801
0.503281 -0.199639
0.534827 -0.199311
-0.535525 -0.234995
-0.50389 -0.235373
-0.471776 -0.235549
-0.439174 -0.235572
-0.406086 -0.235481
-0.372523 -0.235314
-0.338508 -0.235099
-0.304069 -0.234861
-0.269239 -0.234618
-0.234057 -0.234385
-0.198564 -0.234172
-0.162806 -0.233987
-0.126828 -0.233834
-0.0906793 -0.233717
-0.0544072 -0.233638
-0.0180615 -0.233598
0.0183081 -0.233598
0.0546518 -0.233637
0.09092 -0.233715
0.127063 -0.233831
0.163033 -0.233983
0.198781 -0.234168
0.234261 -0.234381
0.269429 -0.234614
0.304242 -0.234857
0.338664 -0.235096
0.372659 -0.235311
0.4062 -0.235479
0.439266 -0.235571
0.471846 -0.23555
0.503938 -0.235374
0.535553 -0.234998
-0.536354 -0.27044
-0.504639 -0.270856
-0.472448 -0.271036
-0.439771 -0.271036
-0.406612 -0.270907
-0.372982 -0.27069
-0.338904 -0.270421
-0.304406 -0.270128
-0.269523 -0.269832
-0.234292 -0.269549
-0.198756 -0.269293
-0.162957 -0.269071
-0.126942 -0.268888
-0.090759 -0.268749
-0.0544545 -0.268655
-0.0180777 -0.268607
0.0183226 -0.268607
0.0546975 -0.268653
0.090998 -0.268746
0.127176 -0.268884
0.163182 -0.269066
0.198971 -0.269288
0.234495 -0.269545
0.269712 -0.269827
0.304579 -0.270124
0.339058 -0.270418
0.373116 -0.270688
0.406725 -0.270905
0.439863 -0.271036
0.472518 -0.271037
0.504687 -0.270859
0.536381 -0.270444
-0.537268 -0.305618
-0.505465 -0.306058
-0.473186 -0.306227
-0.440423 -0.306193
-0.407181 -0.306013
-0.373475 -0.305738
-0.339326 -0.305406
-0.304764 -0.30505
-0.269822 -0.304695
-0.234539 -0.304359
-0.198954 -0.304056
-0.163113 -0.303794
-0.12706 -0.303579
-0.0908406 -0.303416
-0.0545029 -0.303306
-0.0180942 -0.30325
0.0183376 -0.30325
0.0547444 -0.303304
0.0910782 -0.303413
0.127291 -0.303575
0.163337 -0.303789
0.199168 -0.304051
0.23474 -0.304354
0.27001 -0.304691
0.304935 -0.305046
0.33948 -0.305403
0.373608 -0.305736
0.407294 -0.306012
0.440513 -0.306193
0.473254 -0.306229
0.505511 -0.306062
0.537294 -0.305624
-0.538241 -0.340508
-0.506341 -0.340951
-0.473963 -0.341091
-0.441104 -0.341007
-0.407771 -0.340765
-0.373981 -0.340419
-0.339755 -0.340016
-0.305124 -0.339591
-0.27012 -0.339171
-0.234781 -0.338776
-0.199148 -0.338422
-0.163264 -0.338117
-0.127172 -0.337869
-0.0909187 -0.33768
-0.0545489 -0.337553
-0.0181097 -0.337489
0.018352 -0.337488
0.0547893 -0.337551
0.0911552 -0.337676
0.127403 -0.337864
0.163487 -0.338112
0.199361 -0.338417
0.234982 -0.338771
0.270306 -0.339167
0.305294 -0.339588
0.339908 -0.340014
0.374113 -0.340418
0.407883 -0.340765
0.441193 -0.341009
0.47403 -0.341095
0.506386 -0.340957
0.538266 -0.340516
-0.539239 -0.375092
-0.507231 -0.37551
-0.474745 -0.375599
-0.441781 -0.375447
-0.40835 -0.375128
-0.374469 -0.374702
-0.340163 -0.374218
-0.30546 -0.373716
-0.270394 -0.373225
-0.235001 -0.372767
-0.199322 -0.372358
-0.163398 -0.372008
-0.127271 -0.371723
-0.0909863 -0.371507
-0.0545885 -0.371362
-0.018123 -0.371289
0.0183645 -0.371289
0.054828 -0.37136
0.0912219 -0.371504
0.127501 -0.371719
0.163619 -0.372003
0.199534 -0.372353
0.235201 -0.372762
0.270579 -0.373221
0.305629 -0.373713
0.340314 -0.374217
0.374601 -0.374703
0.40846 -0.375131
0.441869 -0.375452
0.47481 -0.375605
0.507275 -0.375518
0.539262 -0.375103
-0.540213 -0.409353
-0.50809 -0.40971
-0.475485 -0.409723
-0.442409 -0.409486
-0.408874 -0.409076
-0.374901 -0.408557
-0.340514 -0.407983
-0.305741 -0.407396
-0.270616 -0.406829
-0.235175 -0.406303
-0.199455 -0.405836
-0.163497 -0.405438
-0.127343 -0.405115
-0.0910346 -0.40487
-0.0546163 -0.404707
-0.0181322 -0.404624
0.0183733 -0.404624
0.0548555 -0.404705
0.0912698 -0.404867
0.127572 -0.405111
0.163718 -0.405433
0.199666 -0.405832
0.235374 -0.4063
0.270801 -0.406826
0.30591 -0.407396
0.340664 -0.407984
0.375031 -0.40856
0.408983 -0.409081
0.442495 -0.409493
0.475549 -0.409733
0.508131 -0.409722
0.540233 -0.409368
-0.541105 -0.443272
-0.508856 -0.443529
-0.476125 -0.44344
-0.442931 -0.443099
-0.409291 -0.442583
-0.375227 -0.441961
-0.340762 -0.441289
-0.305927 -0.440611
-0.270752 -0.439962
-0.235272 -0.439364
-0.199522 -0.438836
-0.163543 -0.438387
-0.127373 -0.438024
-0.0910529 -0.43775
-0.0546262 -0.437566
-0.0181352 -0.437474
0.0183765 -0.437473
0.0548654 -0.437564
0.0912882 -0.437747
0.127602 -0.43802
0.163764 -0.438384
0.199733 -0.438833
0.23547 -0.439362
0.270936 -0.439961
0.306094 -0.440613
0.340911 -0.441293
0.375355 -0.441967
0.409397 -0.442591
0.443015 -0.443109
0.476186 -0.443453
0.508894 -0.443544
0.541121 -0.443291
-0.541845 -0.476825
-0.509459 -0.476942
-0.476596 -0.476727
-0.44328 -0.476264
-0.409535 -0.475631
-0.375385 -0.474897
-0.340853 -0.47412
-0.305968 -0.473347
-0.270758 -0.472611
-0.235256 -0.471939
-0.199495 -0.471347
-0.163511 -0.470845
-0.127343 -0.470439
-0.0910289 -0.470134
-0.0546106 -0.469929
-0.0181297 -0.469827
0.0183715 -0.469826
0.0548504 -0.469928
0.0912645 -0.470131
0.127572 -0.470437
0.163732 -0.470842
0.199705 -0.471345
0.235453 -0.471939
0.270941 -0.472613
0.306133 -0.473351
0.341 -0.474127
0.375511 -0.474907
0.409639 -0.475644
0.443361 -0.476279
0.476653 -0.476744
0.509493 -0.476962
0.541856 -0.476849
-0.542363 -0.509978
-0.509829 -0.509921
-0.47682 -0.50956
-0.443377 -0.508965
-0.40953 -0.508207
-0.375303 -0.507355
-0.34072 -0.50647
-0.305805 -0.505598
-0.270584 -0.504775
-0.235085 -0.504026
-0.199338 -0.503367
-0.163375 -0.50281
-0.127233 -0.50236
-0.0909483 -0.502021
-0.0545614 -0.501794
-0.0181128 -0.50168
0.0183556 -0.50168
0.0548019 -0.501793
0.0911845 -0.502019
0.127462 -0.502358
0.163596 -0.502809
0.199547 -0.503368
0.235281 -0.504029
0.270765 -0.504781
0.305969 -0.505607
0.340864 -0.506482
0.375426 -0.507371
0.40963 -0.508225
0.443454 -0.508986
0.476873 -0.509584
0.509858 -0.509947
0.542369 -0.510008
-0.542633 -0.542684
-0.509896 -0.542424
-0.476712 -0.541916
-0.443129 -0.541185
-0.40918 -0.540302
-0.374892 -0.539335
-0.340283 -0.538344
-0.305371 -0.537374
-0.270173 -0.536463
-0.234712 -0.535635
-0.199013 -0.534908
-0.163105 -0.534293
-0.12702 -0.533796
-0.0907958 -0.533421
-0.0544695 -0.533171
-0.0180818 -0.533045
0.0183256 -0.533045
0.0547109 -0.533171
0.0910325 -0.533421
0.12725 -0.533797
0.163325 -0.534295
0.199221 -0.534912
0.234907 -0.535642
0.270351 -0.536473
0.305531 -0.537388
0.340424 -0.538361
0.375012 -0.539357
0.409278 -0.540327
0.443202 -0.541213
0.476761 -0.541946
0.50992 -0.542457
0.542631 -0.542718
