-0.6 0.6
-0.56129 0.6
-0.522581 0.6
-0.483871 0.6
-0.445161 0.6
-0.406452 0.6
-0.367742 0.6
-0.329032 0.6
-0.290323 0.6
-0.251613 0.6
-0.212903 0.6
-0.174194 0.6
-0.135484 0.6
-0.0967742 0.6
-0.0580645 0.6
-0.0193548 0.6
0.0193548 0.6
0.0580645 0.6
0.0967742 0.6
0.135484 0.6
0.174194 0.6
0.212903 0.6
0.251613 0.6
0.290323 0.6
0.329032 0.6
0.367742 0.6
0.406452 0.6
0.445161 0.6
0.483871 0.6
0.522581 0.6
0.56129 0.6
0.6 0.6
-0.6 0.56129
-0.56129 0.56129
-0.522581 0.56129
-0.483871 0.56129
-0.445161 0.56129
-0.406452 0.56129
-0.367742 0.56129
-0.329032 0.56129
-0.290323 0.56129
-0.251613 0.56129
-0.212903 0.56129
-0.174194 0.56129
-0.135484 0.56129
-0.0967742 0.56129
-0.0580645 0.56129
-0.0193548 0.56129
0.0193548 0.56129
0.0580645 0.56129
0.0967742 0.56129
0.135484 0.56129
0.174194 0.56129
0.212903 0.56129
0.251613 0.56129
0.290323 0.56129
0.329032 0.56129
0.367742 0.56129
0.406452 0.56129
0.445161 0.56129
0.483871 0.56129
0.522581 0.56129
0.56129 0.56129
0.6 0.56129
-0.6 0.522581
-0.56129 0.522581
-0.522581 0.522581
-0.483871 0.522581
-0.445161 0.522581
-0.406452 0.522581
-0.367742 0.522581
-0.329032 0.522581
-0.290323 0.522581
-0.251613 0.522581
-0.212903 0.522581
-0.174194 0.522581
-0.135484 0.522581
-0.0967742 0.522581
-0.0580645 0.522581
-0.0193548 0.522581
0.0193548 0.522581
0.0580645 0.522581
0.0967742 0.522581
0.135484 0.522581
0.174194 0.522581
0.212903 0.522581
0.251613 0.522581
0.290323 0.522581
0.329032 0.522581
0.367742 0.522581
0.406452 0.522581
0.445161 0.522581
0.483871 0.522581
0.522581 0.522581
0.56129 0.522581
0.6 0.522581
-0.6 0.483871
-0.56129 0.483871
-0.522581 0.483871
-0.483871 0.483871
-0.445161 0.483871
-0.406452 0.483871
-0.367742 0.483871
-0.329032 0.483871
-0.290323 0.483871
-0.251613 0.483871
-0.212903 0.483871
-0.174194 0.483871
-0.135484 0.483871
-0.0967742 0.483871
-0.0580645 0.483871
-0.0193548 0.483871
0.0193548 0.483871
0.0580645 0.483871
0.0967742 0.483871
0.135484 0.483871
0.174194 0.483871
0.212903 0.483871
0.251613 0.483871
0.290323 0.483871
0.329032 0.483871
0.367742 0.483871
0.406452 0.483871
0.445161 0.483871
0.483871 0.483871
0.522581 0.483871
0.56129 0.483871
0.6 0.483871
-0.6 0.445161
-0.56129 0.445161
-0.522581 0.445161
-0.483871 0.445161
-0.445161 0.445161
-0.406452 0.445161
-0.367742 0.445161
-0.329032 0.445161
-0.290323 0.445161
-0.251613 0.445161
-0.212903 0.445161
-0.174194 0.445161
-0.135484 0.445161
-0.0967742 0.445161
-0.0580645 0.445161
-0.0193548 0.445161
0.0193548 0.445161
0.0580645 0.445161
0.0967742 0.445161
0.135484 0.445161
0.174194 0.445161
0.212903 0.445161
0.251613 0.445161
0.290323 0.445161
0.329032 0.445161
0.367742 0.445161
0.406452 0.445161
0.445161 0.445161
0.483871 0.445161
0.522581 0.445161
0.56129 0.445161
0.6 0.445161
-0.6 0.406452
-0.56129 0.406452
-0.522581 0.406452
-0.483871 0.406452
-0.445161 0.406452
-0.406452 0.406452
-0.367742 0.406452
-0.329032 0.406452
-0.290323 0.406452
-0.251613 0.406452
-0.212903 0.406452
-0.174194 0.406452
-0.135484 0.406452
-0.0967742 0.406452
-0.0580645 0.406452
-0.0193548 0.406452
0.0193548 0.406452
0.0580645 0.406452
0.0967742 0.406452
0.135484 0.406452
0.174194 0.406452
0.212903 0.406452
0.251613 0.406452
0.290323 0.406452
0.329032 0.406452
0.367742 0.406452
0.406452 0.406452
0.445161 0.406452
0.483871 0.406452
0.522581 0.406452
0.56129 0.406452
0.6 0.406452
-0.6 0.367742
-0.56129 0.367742
-0.522581 0.367742
-0.483871 0.367742
-0.445161 0.367742
-0.406452 0.367742
-0.367742 0.367742
-0.329032 0.367742
-0.290323 0.367742
-0.251613 0.367742
-0.212903 0.367742
-0.174194 0.367742
-0.135484 0.367742
-0.0967742 0.367742
-0.0580645 0.367742
-0.0193548 0.367742
0.0193548 0.367742
0.0580645 0.367742
0.0967742 0.367742
0.135484 0.367742
0.174194 0.367742
0.212903 0.367742
0.251613 0.367742
0.290323 0.367742
0.329032 0.367742
0.367742 0.367742
0.406452 0.367742
0.445161 0.367742
0.483871 0.367742
0.522581 0.367742
0.56129 0.367742
0.6 0.367742
-0.6 0.329032
-0.56129 0.329032
-0.522581 0.329032
-0.483871 0.329032
-0.445161 0.329032
-0.406452 0.329032
-0.367742 0.329032
-0.329032 0.329032
-0.290323 0.329032
-0.251613 0.329032
-0.212903 0.329032
-0.174194 0.329032
-0.135484 0.329032
-0.0967742 0.329032
-0.0580645 0.329032
-0.0193548 0.329032
0.0193548 0.329032
0.0580645 0.329032
0.0967742 0.329032
0.135484 0.329032
0.174194 0.329032
0.212903 0.329032
0.251613 0.329032
0.290323 0.329032
0.329032 0.329032
0.367742 0.329032
0.406452 0.329032
0.445161 0.329032
0.483871 0.329032
0.522581 0.329032
0.56129 0.329032
0.6 0.329032
-0.6 0.290323
-0.56129 0.290323
-0.522581 0.290323
-0.483871 0.290323
-0.445161 0.290323
-0.406452 0.290323
-0.367742 0.290323
-0.329032 0.290323
-0.290323 0.290323
-0.251613 0.290323
-0.212903 0.290323
-0.174194 0.290323
-0.135484 0.290323
-0.0967742 0.290323
-0.0580645 0.290323
-0.0193548 0.290323
0.0193548 0.290323
0.0580645 0.290323
0.0967742 0.290323
0.135484 0.290323
0.174194 0.290323
0.212903 0.290323
0.251613 0.290323
0.290323 0.290323
0.329032 0.290323
0.367742 0.290323
0.406452 0.290323
0.445161 0.290323
0.483871 0.290323
0.522581 0.290323
0.56129 0.290323
0.6 0.290323
-0.6 0.251613
-0.56129 0.251613
-0.522581 0.251613
-0.483871 0.251613
-0.445161 0.251613
-0.406452 0.251613
-0.367742 0.251613
-0.329032 0.251613
-0.290323 0.251613
-0.251613 0.251613
-0.212903 0.251613
-0.174194 0.251613
-0.135484 0.251613
-0.0967742 0.251613
-0.0580645 0.251613
-0.0193548 0.251613
0.0193548 0.251613
0.0580645 0.251613
0.0967742 0.251613
0.135484 0.251613
0.174194 0.251613
0.212903 0.251613
0.251613 0.251613
0.290323 0.251613
0.329032 0.251613
0.367742 0.251613
0.406452 0.251613
0.445161 0.251613
0.483871 0.251613
0.522581 0.251613
0.56129 0.251613
0.6 0.251613
-0.6 0.212903
-0.56129 0.212903
-0.522581 0.212903
-0.483871 0.212903
-0.445161 0.212903
-0.406452 0.212903
-0.367742 0.212903
-0.329032 0.212903
-0.290323 0.212903
-0.251613 0.212903
-0.212903 0.212903
-0.174194 0.212903
-0.135484 0.212903
-0.0967742 0.212903
-0.0580645 0.212903
-0.0193548 0.212903
0.0193548 0.212903
0.0580645 0.212903
0.0967742 0.212903
0.135484 0.212903
0.174194 0.212903
0.212903 0.212903
0.251613 0.212903
0.290323 0.212903
0.329032 0.212903
0.367742 0.212903
0.406452 0.212903
0.445161 0.212903
0.483871 0.212903
0.522581 0.212903
0.56129 0.212903
0.6 0.212903
-0.6 0.174194
-0.56129 0.174194
-0.522581 0.174194
-0.483871 0.174194
-0.445161 0.174194
-0.406452 0.174194
-0.367742 0.174194
-0.329032 0.174194
-0.290323 0.174194
-0.251613 0.174194
-0.212903 0.174194
-0.174194 0.174194
-0.135484 0.174194
-0.0967742 0.174194
-0.0580645 0.174194
-0.0193548 0.174194
0.0193548 0.174194
0.0580645 0.174194
0.0967742 0.174194
0.135484 0.174194
0.174194 0.174194
0.212903 0.174194
0.251613 0.174194
0.290323 0.174194
0.329032 0.174194
0.367742 0.174194
0.406452 0.174194
0.445161 0.174194
0.483871 0.174194
0.522581 0.174194
0.56129 0.174194
0.6 0.174194
-0.6 0.135484
-0.56129 0.135484
-0.522581 0.135484
-0.483871 0.135484
-0.445161 0.135484
-0.406452 0.135484
-0.367742 0.135484
-0.329032 0.135484
-0.290323 0.135484
-0.251613 0.135484
-0.212903 0.135484
-0.174194 0.135484
-0.135484 0.135484
-0.0967742 0.135484
-0.0580645 0.135484
-0.0193548 0.135484
0.0193548 0.135484
0.0580645 0.135484
0.0967742 0.135484
0.135484 0.135484
0.174194 0.135484
0.212903 0.135484
0.251613 0.135484
0.290323 0.135484
0.329032 0.135484
0.367742 0.135484
0.406452 0.135484
0.445161 0.135484
0.483871 0.135484
0.522581 0.135484
0.56129 0.135484
0.6 0.135484
-0.6 0.0967742
-0.56129 0.0967742
-0.522581 0.0967742
-0.483871 0.0967742
-0.445161 0.0967742
-0.406452 0.0967742
-0.367742 0.0967742
-0.329032 0.0967742
-0.290323 0.0967742
-0.251613 0.0967742
-0.212903 0.0967742
-0.174194 0.0967742
-0.135484 0.0967742
-0.0967742 0.0967742
-0.0580645 0.0967742
-0.0193548 0.0967742
0.0193548 0.0967742
0.0580645 0.0967742
0.0967742 0.0967742
0.135484 0.0967742
0.174194 0.0967742
0.212903 0.0967742
0.251613 0.0967742
0.290323 0.0967742
0.329032 0.0967742
0.367742 0.0967742
0.406452 0.0967742
0.445161 0.0967742
0.483871 0.0967742
0.522581 0.0967742
0.56129 0.0967742
0.6 0.0967742
-0.6 0.0580645
-0.56129 0.0580645
-0.522581 0.0580645
-0.483871 0.0580645
-0.445161 0.0580645
-0.406452 0.0580645
-0.367742 0.0580645
-0.329032 0.0580645
-0.290323 0.0580645
-0.251613 0.0580645
-0.212903 0.0580645
-0.174194 0.0580645
-0.135484 0.0580645
-0.0967742 0.0580645
-0.0580645 0.0580645
-0.0193548 0.0580645
0.0193548 0.0580645
0.0580645 0.0580645
0.0967742 0.0580645
0.135484 0.0580645
0.174194 0.0580645
0.212903 0.0580645
0.251613 0.0580645
0.290323 0.0580645
0.329032 0.0580645
0.367742 0.0580645
0.406452 0.0580645
0.445161 0.0580645
0.483871 0.0580645
0.522581 0.0580645
0.56129 0.0580645
0.6 0.0580645
-0.6 0.0193548
-0.56129 0.0193548
-0.522581 0.0193548
-0.483871 0.0193548
-0.445161 0.0193548
-0.406452 0.0193548
-0.367742 0.0193548
-0.329032 0.0193548
-0.290323 0.0193548
-0.251613 0.0193548
-0.212903 0.0193548
-0.174194 0.0193548
-0.135484 0.0193548
-0.0967742 0.0193548
-0.0580645 0.0193548
-0.0193548 0.0193548
0.0193548 0.0193548
0.0580645 0.0193548
0.0967742 0.0193548
0.135484 0.0193548
0.174194 0.0193548
0.212903 0.0193548
0.251613 0.0193548
0.290323 0.0193548
0.329032 0.0193548
0.367742 0.0193548
0.406452 0.0193548
0.445161 0.0193548
0.483871 0.0193548
0.522581 0.0193548
0.56129 0.0193548
0.6 0.0193548
-0.6 -0.0193548
-0.56129 -0.0193548
-0.522581 -0.0193548
-0.483871 -0.0193548
-0.445161 -0.0193548
-0.406452 -0.0193548
-0.367742 -0.0193548
-0.329032 -0.0193548
-0.290323 -0.0193548
-0.251613 -0.0193548
-0.212903 -0.0193548
-0.174194 -0.0193548
-0.135484 -0.0193548
-0.0967742 -0.0193548
-0.0580645 -0.0193548
-0.0193548 -0.0193548
0.0193548 -0.0193548
0.0580645 -0.0193548
0.0967742 -0.0193548
0.135484 -0.0193548
0.174194 -0.0193548
0.212903 -0.0193548
0.251613 -0.0193548
0.290323 -0.0193548
0.329032 -0.0193548
0.367742 -0.0193548
0.406452 -0.0193548
0.445161 -0.0193548
0.483871 -0.0193548
0.522581 -0.0193548
0.56129 -0.0193548
0.6 -0.0193548
-0.6 -0.0580645
-0.56129 -0.0580645
-0.522581 -0.0580645
-0.483871 -0.0580645
-0.445161 -0.0580645
-0.406452 -0.0580645
-0.367742 -0.0580645
-0.329032 -0.0580645
-0.290323 -0.0580645
-0.251613 -0.0580645
-0.212903 -0.0580645
-0.174194 -0.0580645
-0.135484 -0.0580645
-0.0967742 -0.0580645
-0.0580645 -0.0580645
-0.0193548 -0.0580645
0.0193548 -0.0580645
0.0580645 -0.0580645
0.0967742 -0.0580645
0.135484 -0.0580645
0.174194 -0.0580645
0.212903 -0.0580645
0.251613 -0.0580645
0.290323 -0.0580645
0.329032 -0.0580645
0.367742 -0.0580645
0.406452 -0.0580645
0.445161 -0.0580645
0.483871 -0.0580645
0.522581 -0.0580645
0.56129 -0.0580645
0.6 -0.0580645
-0.6 -0.0967742
-0.56129 -0.0967742
-0.522581 -0.0967742
-0.483871 -0.0967742
-0.445161 -0.0967742
-0.406452 -0.0967742
-0.367742 -0.0967742
-0.329032 -0.0967742
-0.290323 -0.0967742
-0.251613 -0.0967742
-0.212903 -0.0967742
-0.174194 -0.0967742
-0.135484 -0.0967742
-0.0967742 -0.0967742
-0.0580645 -0.0967742
-0.0193548 -0.0967742
0.0193548 -0.0967742
0.0580645 -0.0967742
0.0967742 -0.0967742
0.135484 -0.0967742
0.174194 -0.0967742
0.212903 -0.0967742
0.251613 -0.0967742
0.290323 -0.0967742
0.329032 -0.0967742
0.367742 -0.0967742
0.406452 -0.0967742
0.445161 -0.0967742
0.483871 -0.0967742
0.522581 -0.0967742
0.56129 -0.0967742
0.6 -0.0967742
-0.6 -0.135484
-0.56129 -0.135484
-0.522581 -0.135484
-0.483871 -0.135484
-0.445161 -0.135484
-0.406452 -0.135484
-0.367742 -0.135484
-0.329032 -0.135484
-0.290323 -0.135484
-0.251613 -0.135484
-0.212903 -0.135484
-0.174194 -0.135484
-0.135484 -0.135484
-0.0967742 -0.135484
-0.0580645 -0.135484
-0.0193548 -0.135484
0.0193548 -0.135484
0.0580645 -0.135484
0.0967742 -0.135484
0.135484 -0.135484
0.174194 -0.135484
0.212903 -0.135484
0.251613 -0.135484
0.290323 -0.135484
0.329032 -0.135484
0.367742 -0.135484
0.406452 -0.135484
0.445161 -0.135484
0.483871 -0.135484
0.522581 -0.135484
0.56129 -0.135484
0.6 -0.135484
-0.6 -0.174194
-0.56129 -0.174194
-0.522581 -0.174194
-0.483871 -0.174194
-0.445161 -0.174194
-0.406452 -0.174194
-0.367742 -0.174194
-0.329032 -0.174194
-0.290323 -0.174194
-0.251613 -0.174194
-0.212903 -0.174194
-0.174194 -0.174194
-0.135484 -0.174194
-0.0967742 -0.174194
-0.0580645 -0.174194
-0.0193548 -0.174194
0.0193548 -0.174194
0.0580645 -0.174194
0.0967742 -0.174194
0.135484 -0.174194
0.174194 -0.174194
0.212903 -0.174194
0.251613 -0.174194
0.290323 -0.174194
0.329032 -0.174194
0.367742 -0.174194
0.406452 -0.174194
0.445161 -0.174194
0.483871 -0.174194
0.522581 -0.174194
0.56129 -0.174194
0.6 -0.174194
-0.6 -0.212903
-0.56129 -0.212903
-0.522581 -0.212903
-0.483871 -0.212903
-0.445161 -0.212903
-0.406452 -0.212903
-0.367742 -0.212903
-0.329032 -0.212903
-0.290323 -0.212903
-0.251613 -0.212903
-0.212903 -0.212903
-0.174194 -0.212903
-0.135484 -0.212903
-0.0967742 -0.212903
-0.0580645 -0.212903
-0.0193548 -0.212903
0.0193548 -0.212903
0.0580645 -0.212903
0.0967742 -0.212903
0.135484 -0.212903
0.174194 -0.212903
0.212903 -0.212903
0.251613 -0.212903
0.290323 -0.212903
0.329032 -0.212903
0.367742 -0.212903
0.406452 -0.212903
0.445161 -0.212903
0.483871 -0.212903
0.522581 -0.212903
0.56129 -0.212903
0.6 -0.212903
-0.6 -0.251613
-0.56129 -0.251613
-0.522581 -0.251613
-0.483871 -0.251613
-0.445161 -0.251613
-0.406452 -0.251613
-0.367742 -0.251613
-0.329032 -0.251613
-0.290323 -0.251613
-0.251613 -0.251613
-0.212903 -0.251613
-0.174194 -0.251613
-0.135484 -0.251613
-0.0967742 -0.251613
-0.0580645 -0.251613
-0.0193548 -0.251613
0.0193548 -0.251613
0.0580645 -0.251613
0.0967742 -0.251613
0.135484 -0.251613
0.174194 -0.251613
0.212903 -0.251613
0.251613 -0.251613
0.290323 -0.251613
0.329032 -0.251613
0.367742 -0.251613
0.406452 -0.251613
0.445161 -0.251613
0.483871 -0.251613
0.522581 -0.251613
0.56129 -0.251613
0.6 -0.251613
-0.6 -0.290323
-0.56129 -0.290323
-0.522581 -0.290323
-0.483871 -0.290323
-0.445161 -0.290323
-0.406452 -0.290323
-0.367742 -0.290323
-0.329032 -0.290323
-0.290323 -0.290323
-0.251613 -0.290323
-0.212903 -0.290323
-0.174194 -0.290323
-0.135484 -0.290323
-0.0967742 -0.290323
-0.0580645 -0.290323
-0.0193548 -0.290323
0.0193548 -0.290323
0.0580645 -0.290323
0.0967742 -0.290323
0.135484 -0.290323
0.174194 -0.290323
0.212903 -0.290323
0.251613 -0.290323
0.290323 -0.290323
0.329032 -0.290323
0.367742 -0.290323
0.406452 -0.290323
0.445161 -0.290323
0.483871 -0.290323
0.522581 -0.290323
0.56129 -0.290323
0.6 -0.290323
-0.6 -0.329032
-0.56129 -0.329032
-0.522581 -0.329032
-0.483871 -0.329032
-0.445161 -0.329032
-0.406452 -0.329032
-0.367742 -0.329032
-0.329032 -0.329032
-0.290323 -0.329032
-0.251613 -0.329032
-0.212903 -0.329032
-0.174194 -0.329032
-0.135484 -0.329032
-0.0967742 -0.329032
-0.0580645 -0.329032
-0.0193548 -0.329032
0.0193548 -0.329032
0.0580645 -0.329032
0.0967742 -0.329032
0.135484 -0.329032
0.174194 -0.329032
0.212903 -0.329032
0.251613 -0.329032
0.290323 -0.329032
0.329032 -0.329032
0.367742 -0.329032
0.406452 -0.329032
0.445161 -0.329032
0.483871 -0.329032
0.522581 -0.329032
0.56129 -0.329032
0.6 -0.329032
-0.6 -0.367742
-0.56129 -0.367742
-0.522581 -0.367742
-0.483871 -0.367742
-0.445161 -0.367742
-0.406452 -0.367742
-0.367742 -0.367742
-0.329032 -0.367742
-0.290323 -0.367742
-0.251613 -0.367742
-0.212903 -0.367742
-0.174194 -0.367742
-0.135484 -0.367742
-0.0967742 -0.367742
-0.0580645 -0.367742
-0.0193548 -0.367742
0.0193548 -0.367742
0.0580645 -0.367742
0.0967742 -0.367742
0.135484 -0.367742
0.174194 -0.367742
0.212903 -0.367742
0.251613 -0.367742
0.290323 -0.367742
0.329032 -0.367742
0.367742 -0.367742
0.406452 -0.367742
0.445161 -0.367742
0.483871 -0.367742
0.522581 -0.367742
0.56129 -0.367742
0.6 -0.367742
-0.6 -0.406452
-0.56129 -0.406452
-0.522581 -0.406452
-0.483871 -0.406452
-0.445161 -0.406452
-0.406452 -0.406452
-0.367742 -0.406452
-0.329032 -0.406452
-0.290323 -0.406452
-0.251613 -0.406452
-0.212903 -0.406452
-0.174194 -0.406452
-0.135484 -0.406452
-0.0967742 -0.406452
-0.0580645 -0.406452
-0.0193548 -0.406452
0.0193548 -0.406452
0.0580645 -0.406452
0.0967742 -0.406452
0.135484 -0.406452
0.174194 -0.406452
0.212903 -0.406452
0.251613 -0.406452
0.290323 -0.406452
0.329032 -0.406452
0.367742 -0.406452
0.406452 -0.406452
0.445161 -0.406452
0.483871 -0.406452
0.522581 -0.406452
0.56129 -0.406452
0.6 -0.406452
-0.6 -0.445161
-0.56129 -0.445161
-0.522581 -0.445161
-0.483871 -0.445161
-0.445161 -0.445161
-0.406452 -0.445161
-0.367742 -0.445161
-0.329032 -0.445161
-0.290323 -0.445161
-0.251613 -0.445161
-0.212903 -0.445161
-0.174194 -0.445161
-0.135484 -0.445161
-0.0967742 -0.445161
-0.0580645 -0.445161
-0.0193548 -0.445161
0.0193548 -0.445161
0.0580645 -0.445161
0.0967742 -0.445161
0.135484 -0.445161
0.174194 -0.445161
0.212903 -0.445161
0.251613 -0.445161
0.290323 -0.445161
0.329032 -0.445161
0.367742 -0.445161
0.406452 -0.445161
0.445161 -0.445161
0.483871 -0.445161
0.522581 -0.445161
0.56129 -0.445161
0.6 -0.445161
-0.6 -0.483871
-0.56129 -0.483871
-0.522581 -0.483871
-0.483871 -0.483871
-0.445161 -0.483871
-0.406452 -0.483871
-0.367742 -0.483871
-0.329032 -0.483871
-0.290323 -0.483871
-0.251613 -0.483871
-0.212903 -0.483871
-0.174194 -0.483871
-0.135484 -0.483871
-0.0967742 -0.483871
-0.0580645 -0.483871
-0.0193548 -0.483871
0.0193548 -0.483871
0.0580645 -0.483871
0.0967742 -0.483871
0.135484 -0.483871
0.174194 -0.483871
0.212903 -0.483871
0.251613 -0.483871
0.290323 -0.483871
0.329032 -0.483871
0.367742 -0.483871
0.406452 -0.483871
0.445161 -0.483871
0.483871 -0.483871
0.522581 -0.483871
0.56129 -0.483871
0.6 -0.483871
-0.6 -0.522581
-0.56129 -0.522581
-0.522581 -0.522581
-0.483871 -0.522581
-0.445161 -0.522581
-0.406452 -0.522581
-0.367742 -0.522581
-0.329032 -0.522581
-0.290323 -0.522581
-0.251613 -0.522581
-0.212903 -0.522581
-0.174194 -0.522581
-0.135484 -0.522581
-0.0967742 -0.522581
-0.0580645 -0.522581
-0.0193548 -0.522581
0.0193548 -0.522581
0.0580645 -0.522581
0.0967742 -0.522581
0.135484 -0.522581
0.174194 -0.522581
0.212903 -0.522581
0.251613 -0.522581
0.290323 -0.522581
0.329032 -0.522581
0.367742 -0.522581
0.406452 -0.522581
0.445161 -0.522581
0.483871 -0.522581
0.522581 -0.522581
0.56129 -0.522581
0.6 -0.522581
-0.6 -0.56129
-0.56129 -0.56129
-0.522581 -0.56129
-0.483871 -0.56129
-0.445161 -0.56129
-0.406452 -0.56129
-0.367742 -0.56129
-0.329032 -0.56129
-0.290323 -0.56129
-0.251613 -0.56129
-0.212903 -0.56129
-0.174194 -0.56129
-0.135484 -0.56129
-0.0967742 -0.56129
-0.0580645 -0.56129
-0.0193548 -0.56129
0.0193548 -0.56129
0.0580645 -0.56129
0.0967742 -0.56129
0.135484 -0.56129
0.174194 -0.56129
0.212903 -0.56129
0.251613 -0.56129
0.290323 -0.56129
0.329032 -0.56129
0.367742 -0.56129
0.406452 -0.56129
0.445161 -0.56129
0.483871 -0.56129
0.522581 -0.56129
0.56129 -0.56129
0.6 -0.56129
-0.6 -0.6
-0.56129 -0.6
-0.522581 -0.6
-0.483871 -0.6
-0.445161 -0.6
-0.406452 -0.6
-0.367742 -0.6
-0.329032 -0.6
-0.290323 -0.6
-0.251613 -0.6
-0.212903 -0.6
-0.174194 -0.6
-0.135484 -0.6
-0.0967742 -0.6
-0.0580645 -0.6
-0.0193548 -0.6
0.0193548 -0.6
0.0580645 -0.6
0.0967742 -0.6
0.135484 -0.6
0.174194 -0.6
0.212903 -0.6
0.251613 -0.6
0.290323 -0.6
0.329032 -0.6
0.367742 -0.6
0.406452 -0.6
0.445161 -0.6
0.483871 -0.6
0.522581 -0.6
0.56129 -0.6
0.6 -0.6
