-0.6 0.6
-0.52 0.6
-0.44 0.6
-0.36 0.6
-0.28 0.6
-0.2 0.6
-0.12 0.6
-0.04 0.6
0.04 0.6
0.12 0.6
0.2 0.6
0.28 0.6
0.36 0.6
0.44 0.6
0.52 0.6
0.6 0.6
-0.6 0.52
-0.52 0.52
-0.44 0.52
-0.36 0.52
-0.28 0.52
-0.2 0.52
-0.12 0.52
-0.04 0.52
0.04 0.52
0.12 0.52
0.2 0.52
0.28 0.52
0.36 0.52
0.44 0.52
0.52 0.52
0.6 0.52
-0.6 0.44
-0.52 0.44
-0.44 0.44
-0.36 0.44
-0.28 0.44
-0.2 0.44
-0.12 0.44
-0.04 0.44
0.04 0.44
0.12 0.44
0.2 0.44
0.28 0.44
0.36 0.44
0.44 0.44
0.52 0.44
0.6 0.44
-0.6 0.36
-0.52 0.36
-0.44 0.36
-0.36 0.36
-0.28 0.36
-0.2 0.36
-0.12 0.36
-0.04 0.36
0.04 0.36
0.12 0.36
0.2 0.36
0.28 0.36
0.36 0.36
0.44 0.36
0.52 0.36
0.6 0.36
-0.6 0.28
-0.52 0.28
-0.44 0.28
-0.36 0.28
-0.28 0.28
-0.2 0.28
-0.12 0.28
-0.04 0.28
0.04 0.28
0.12 0.28
0.2 0.28
0.28 0.28
0.36 0.28
0.44 0.28
0.52 0.28
0.6 0.28
-0.6 0.2
-0.52 0.2
-0.44 0.2
-0.36 0.2
-0.28 0.2
-0.2 0.2
-0.12 0.2
-0.04 0.2
0.04 0.2
0.12 0.2
0.2 0.2
0.28 0.2
0.36 0.2
0.44 0.2
0.52 0.2
0.6 0.2
-0.6 0.12
-0.52 0.12
-0.44 0.12
-0.36 0.12
-0.28 0.12
-0.2 0.12
-0.12 0.12
-0.04 0.12
0.04 0.12
0.12 0.12
0.2 0.12
0.28 0.12
0.36 0.12
0.44 0.12
0.52 0.12
0.6 0.12
-0.6 0.04
-0.52 0.04
-0.44 0.04
-0.36 0.04
-0.28 0.04
-0.2 0.04
-0.12 0.04
-0.04 0.04
0.04 0.04
0.12 0.04
0.2 0.04
0.28 0.04
0.36 0.04
0.44 0.04
0.52 0.04
0.6 0.04
-0.6 -0.04
-0.52 -0.04
-0.44 -0.04
-0.36 -0.04
-0.28 -0.04
-0.2 -0.04
-0.12 -0.04
-0.04 -0.04
0.04 -0.04
0.12 -0.04
0.2 -0.04
0.28 -0.04
0.36 -0.04
0.44 -0.04
0.52 -0.04
0.6 -0.04
-0.6 -0.12
-0.52 -0.12
-0.44 -0.12
-0.36 -0.12
-0.28 -0.12
-0.2 -0.12
-0.12 -0.12
-0.04 -0.12
0.04 -0.12
0.12 -0.12
0.2 -0.12
0.28 -0.12
0.36 -0.12
0.44 -0.12
0.52 -0.12
0.6 -0.12
-0.6 -0.2
-0.52 -0.2
-0.44 -0.2
-0.36 -0.2
-0.28 -0.2
-0.2 -0.2
-0.12 -0.2
-0.04 -0.2
0.04 -0.2
0.12 -0.2
0.2 -0.2
0.28 -0.2
0.36 -0.2
0.44 -0.2
0.52 -0.2
0.6 -0.2
-0.6 -0.28
-0.52 -0.28
-0.44 -0.28
-0.36 -0.28
-0.28 -0.28
-0.2 -0.28
-0.12 -0.28
-0.04 -0.28
0.04 -0.28
0.12 -0.28
0.2 -0.28
0.28 -0.28
0.36 -0.28
0.44 -0.28
0.52 -0.28
0.6 -0.28
-0.6 -0.36
-0.52 -0.36
-0.44 -0.36
-0.36 -0.36
-0.28 -0.36
-0.2 -0.36
-0.12 -0.36
-0.04 -0.36
0.04 -0.36
0.12 -0.36
0.2 -0.36
0.28 -0.36
0.36 -0.36
0.44 -0.36
0.52 -0.36
0.6 -0.36
-0.6 -0.44
-0.52 -0.44
-0.44 -0.44
-0.36 -0.44
-0.28 -0.44
-0.2 -0.44
-0.12 -0.44
-0.04 -0.44
0.04 -0.44
0.12 -0.44
0.2 -0.44
0.28 -0.44
0.36 -0.44
0.44 -0.44
0.52 -0.44
0.6 -0.44
-0.6 -0.52
-0.52 -0.52
-0.44 -0.52
-0.36 -0.52
-0.28 -0.52
-0.2 -0.52
-0.12 -0.52
-0.04 -0.52
0.04 -0.52
0.12 -0.52
0.2 -0.52
0.28 -0.52
0.36 -0.52
0.44 -0.52
0.52 -0.52
0.6 -0.52
-0.6 -0.6
-0.52 -0.6
-0.44 -0.6
-0.36 -0.6
-0.28 -0.6
-0.2 -0.6
-0.12 -0.6
-0.04 -0.6
0.04 -0.6
0.12 -0.6
0.2 -0.6
0.28 -0.6
0.36 -0.6
0.44 -0.6
0.52 -0.6
0.6 -0.6
