-0.6 0.6
-0.580952 0.6
-0.561905 0.6
-0.542857 0.6
-0.52381 0.6
-0.504762 0.6
-0.485714 0.6
-0.466667 0.6
-0.447619 0.6
-0.428571 0.6
-0.409524 0.6
-0.390476 0.6
-0.371429 0.6
-0.352381 0.6
-0.333333 0.6
-0.314286 0.6
-0.295238 0.6
-0.27619 0.6
-0.257143 0.6
-0.238095 0.6
-0.219048 0.6
-0.2 0.6
-0.180952 0.6
-0.161905 0.6
-0.142857 0.6
-0.12381 0.6
-0.104762 0.6
-0.0857143 0.6
-0.0666667 0.6
-0.047619 0.6
-0.0285714 0.6
-0.00952381 0.6
0.00952381 0.6
0.0285714 0.6
0.047619 0.6
0.0666667 0.6
0.0857143 0.6
0.104762 0.6
0.12381 0.6
0.142857 0.6
0.161905 0.6
0.180952 0.6
0.2 0.6
0.219048 0.6
0.238095 0.6
0.257143 0.6
0.27619 0.6
0.295238 0.6
0.314286 0.6
0.333333 0.6
0.352381 0.6
0.371429 0.6
0.390476 0.6
0.409524 0.6
0.428571 0.6
0.447619 0.6
0.466667 0.6
0.485714 0.6
0.504762 0.6
0.52381 0.6
0.542857 0.6
0.561905 0.6
0.580952 0.6
0.6 0.6
-0.6 0.580952
-0.580952 0.580952
-0.561905 0.580952
-0.542857 0.580952
-0.52381 0.580952
-0.504762 0.580952
-0.485714 0.580952
-0.466667 0.580952
-0.447619 0.580952
-0.428571 0.580952
-0.409524 0.580952
-0.390476 0.580952
-0.371429 0.580952
-0.352381 0.580952
-0.333333 0.580952
-0.314286 0.580952
-0.295238 0.580952
-0.27619 0.580952
-0.257143 0.580952
-0.238095 0.580952
-0.219048 0.580952
-0.2 0.580952
-0.180952 0.580952
-0.161905 0.580952
-0.142857 0.580952
-0.12381 0.580952
-0.104762 0.580952
-0.0857143 0.580952
-0.0666667 0.580952
-0.047619 0.580952
-0.0285714 0.580952
-0.00952381 0.580952
0.00952381 0.580952
0.0285714 0.580952
0.047619 0.580952
0.0666667 0.580952
0.0857143 0.580952
0.104762 0.580952
0.12381 0.580952
0.142857 0.580952
0.161905 0.580952
0.180952 0.580952
0.2 0.580952
0.219048 0.580952
0.238095 0.580952
0.257143 0.580952
0.27619 0.580952
0.295238 0.580952
0.314286 0.580952
0.333333 0.580952
0.352381 0.580952
0.371429 0.580952
0.390476 0.580952
0.409524 0.580952
0.428571 0.580952
0.447619 0.580952
0.466667 0.580952
0.485714 0.580952
0.504762 0.580952
0.52381 0.580952
0.542857 0.580952
0.561905 0.580952
0.580952 0.580952
0.6 0.580952
-0.6 0.561905
-0.580952 0.561905
-0.561905 0.561905
-0.542857 0.561905
-0.52381 0.561905
-0.504762 0.561905
-0.485714 0.561905
-0.466667 0.561905
-0.447619 0.561905
-0.428571 0.561905
-0.409524 0.561905
-0.390476 0.561905
-0.371429 0.561905
-0.352381 0.561905
-0.333333 0.561905
-0.314286 0.561905
-0.295238 0.561905
-0.27619 0.561905
-0.257143 0.561905
-0.238095 0.561905
-0.219048 0.561905
-0.2 0.561905
-0.180952 0.561905
-0.161905 0.561905
-0.142857 0.561905
-0.12381 0.561905
-0.104762 0.561905
-0.0857143 0.561905
-0.0666667 0.561905
-0.047619 0.561905
-0.0285714 0.561905
-0.00952381 0.561905
0.00952381 0.561905
0.0285714 0.561905
0.047619 0.561905
0.0666667 0.561905
0.0857143 0.561905
0.104762 0.561905
0.12381 0.561905
0.142857 0.561905
0.161905 0.561905
0.180952 0.561905
0.2 0.561905
0.219048 0.561905
0.238095 0.561905
0.257143 0.561905
0.27619 0.561905
0.295238 0.561905
0.314286 0.561905
0.333333 0.561905
0.352381 0.561905
0.371429 0.561905
0.390476 0.561905
0.409524 0.561905
0.428571 0.561905
0.447619 0.561905
0.466667 0.561905
0.485714 0.561905
0.504762 0.561905
0.52381 0.561905
0.542857 0.561905
0.561905 0.561905
0.580952 0.561905
0.6 0.561905
-0.6 0.542857
-0.580952 0.542857
-0.561905 0.542857
-0.542857 0.542857
-0.52381 0.542857
-0.504762 0.542857
-0.485714 0.542857
-0.466667 0.542857
-0.447619 0.542857
-0.428571 0.542857
-0.409524 0.542857
-0.390476 0.542857
-0.371429 0.542857
-0.352381 0.542857
-0.333333 0.542857
-0.314286 0.542857
-0.295238 0.542857
-0.27619 0.542857
-0.257143 0.542857
-0.238095 0.542857
-0.219048 0.542857
-0.2 0.542857
-0.180952 0.542857
-0.161905 0.542857
-0.142857 0.542857
-0.12381 0.542857
-0.104762 0.542857
-0.0857143 0.542857
-0.0666667 0.542857
-0.047619 0.542857
-0.0285714 0.542857
-0.00952381 0.542857
0.00952381 0.542857
0.0285714 0.542857
0.047619 0.542857
0.0666667 0.542857
0.0857143 0.542857
0.104762 0.542857
0.12381 0.542857
0.142857 0.542857
0.161905 0.542857
0.180952 0.542857
0.2 0.542857
0.219048 0.542857
0.238095 0.542857
0.257143 0.542857
0.27619 0.542857
0.295238 0.542857
0.314286 0.542857
0.333333 0.542857
0.352381 0.542857
0.371429 0.542857
0.390476 0.542857
0.409524 0.542857
0.428571 0.542857
0.447619 0.542857
0.466667 0.542857
0.485714 0.542857
0.504762 0.542857
0.52381 0.542857
0.542857 0.542857
0.561905 0.542857
0.580952 0.542857
0.6 0.542857
-0.6 0.52381
-0.580952 0.52381
-0.561905 0.52381
-0.542857 0.52381
-0.52381 0.52381
-0.504762 0.52381
-0.485714 0.52381
-0.466667 0.52381
-0.447619 0.52381
-0.428571 0.52381
-0.409524 0.52381
-0.390476 0.52381
-0.371429 0.52381
-0.352381 0.52381
-0.333333 0.52381
-0.314286 0.52381
-0.295238 0.52381
-0.27619 0.52381
-0.257143 0.52381
-0.238095 0.52381
-0.219048 0.52381
-0.2 0.52381
-0.180952 0.52381
-0.161905 0.52381
-0.142857 0.52381
-0.12381 0.52381
-0.104762 0.52381
-0.0857143 0.52381
-0.0666667 0.52381
-0.047619 0.52381
-0.0285714 0.52381
-0.00952381 0.52381
0.00952381 0.52381
0.0285714 0.52381
0.047619 0.52381
0.0666667 0.52381
0.0857143 0.52381
0.104762 0.52381
0.12381 0.52381
0.142857 0.52381
0.161905 0.52381
0.180952 0.52381
0.2 0.52381
0.219048 0.52381
0.238095 0.52381
0.257143 0.52381
0.27619 0.52381
0.295238 0.52381
0.314286 0.52381
0.333333 0.52381
0.352381 0.52381
0.371429 0.52381
0.390476 0.52381
0.409524 0.52381
0.428571 0.52381
0.447619 0.52381
0.466667 0.52381
0.485714 0.52381
0.504762 0.52381
0.52381 0.52381
0.542857 0.52381
0.561905 0.52381
0.580952 0.52381
0.6 0.52381
-0.6 0.504762
-0.580952 0.504762
-0.561905 0.504762
-0.542857 0.504762
-0.52381 0.504762
-0.504762 0.504762
-0.485714 0.504762
-0.466667 0.504762
-0.447619 0.504762
-0.428571 0.504762
-0.409524 0.504762
-0.390476 0.504762
-0.371429 0.504762
-0.352381 0.504762
-0.333333 0.504762
-0.314286 0.504762
-0.295238 0.504762
-0.27619 0.504762
-0.257143 0.504762
-0.238095 0.504762
-0.219048 0.504762
-0.2 0.504762
-0.180952 0.504762
-0.161905 0.504762
-0.142857 0.504762
-0.12381 0.504762
-0.104762 0.504762
-0.0857143 0.504762
-0.0666667 0.504762
-0.047619 0.504762
-0.0285714 0.504762
-0.00952381 0.504762
0.00952381 0.504762
0.0285714 0.504762
0.047619 0.504762
0.0666667 0.504762
0.0857143 0.504762
0.104762 0.504762
0.12381 0.504762
0.142857 0.504762
0.161905 0.504762
0.180952 0.504762
0.2 0.504762
0.219048 0.504762
0.238095 0.504762
0.257143 0.504762
0.27619 0.504762
0.295238 0.504762
0.314286 0.504762
0.333333 0.504762
0.352381 0.504762
0.371429 0.504762
0.390476 0.504762
0.409524 0.504762
0.428571 0.504762
0.447619 0.504762
0.466667 0.504762
0.485714 0.504762
0.504762 0.504762
0.52381 0.504762
0.542857 0.504762
0.561905 0.504762
0.580952 0.504762
0.6 0.504762
-0.6 0.485714
-0.580952 0.485714
-0.561905 0.485714
-0.542857 0.485714
-0.52381 0.485714
-0.504762 0.485714
-0.485714 0.485714
-0.466667 0.485714
-0.447619 0.485714
-0.428571 0.485714
-0.409524 0.485714
-0.390476 0.485714
-0.371429 0.485714
-0.352381 0.485714
-0.333333 0.485714
-0.314286 0.485714
-0.295238 0.485714
-0.27619 0.485714
-0.257143 0.485714
-0.238095 0.485714
-0.219048 0.485714
-0.2 0.485714
-0.180952 0.485714
-0.161905 0.485714
-0.142857 0.485714
-0.12381 0.485714
-0.104762 0.485714
-0.0857143 0.485714
-0.0666667 0.485714
-0.047619 0.485714
-0.0285714 0.485714
-0.00952381 0.485714
0.00952381 0.485714
0.0285714 0.485714
0.047619 0.485714
0.0666667 0.485714
0.0857143 0.485714
0.104762 0.485714
0.12381 0.485714
0.142857 0.485714
0.161905 0.485714
0.180952 0.485714
0.2 0.485714
0.219048 0.485714
0.238095 0.485714
0.257143 0.485714
0.27619 0.485714
0.295238 0.485714
0.314286 0.485714
0.333333 0.485714
0.352381 0.485714
0.371429 0.485714
0.390476 0.485714
0.409524 0.485714
0.428571 0.485714
0.447619 0.485714
0.466667 0.485714
0.485714 0.485714
0.504762 0.485714
0.52381 0.485714
0.542857 0.485714
0.561905 0.485714
0.580952 0.485714
0.6 0.485714
-0.6 0.466667
-0.580952 0.466667
-0.561905 0.466667
-0.542857 0.466667
-0.52381 0.466667
-0.504762 0.466667
-0.485714 0.466667
-0.466667 0.466667
-0.447619 0.466667
-0.428571 0.466667
-0.409524 0.466667
-0.390476 0.466667
-0.371429 0.466667
-0.352381 0.466667
-0.333333 0.466667
-0.314286 0.466667
-0.295238 0.466667
-0.27619 0.466667
-0.257143 0.466667
-0.238095 0.466667
-0.219048 0.466667
-0.2 0.466667
-0.180952 0.466667
-0.161905 0.466667
-0.142857 0.466667
-0.12381 0.466667
-0.104762 0.466667
-0.0857143 0.466667
-0.0666667 0.466667
-0.047619 0.466667
-0.0285714 0.466667
-0.00952381 0.466667
0.00952381 0.466667
0.0285714 0.466667
0.047619 0.466667
0.0666667 0.466667
0.0857143 0.466667
0.104762 0.466667
0.12381 0.466667
0.142857 0.466667
0.161905 0.466667
0.180952 0.466667
0.2 0.466667
0.219048 0.466667
0.238095 0.466667
0.257143 0.466667
0.27619 0.466667
0.295238 0.466667
0.314286 0.466667
0.333333 0.466667
0.352381 0.466667
0.371429 0.466667
0.390476 0.466667
0.409524 0.466667
0.428571 0.466667
0.447619 0.466667
0.466667 0.466667
0.485714 0.466667
0.504762 0.466667
0.52381 0.466667
0.542857 0.466667
0.561905 0.466667
0.580952 0.466667
0.6 0.466667
-0.6 0.447619
-0.580952 0.447619
-0.561905 0.447619
-0.542857 0.447619
-0.52381 0.447619
-0.504762 0.447619
-0.485714 0.447619
-0.466667 0.447619
-0.447619 0.447619
-0.428571 0.447619
-0.409524 0.447619
-0.390476 0.447619
-0.371429 0.447619
-0.352381 0.447619
-0.333333 0.447619
-0.314286 0.447619
-0.295238 0.447619
-0.27619 0.447619
-0.257143 0.447619
-0.238095 0.447619
-0.219048 0.447619
-0.2 0.447619
-0.180952 0.447619
-0.161905 0.447619
-0.142857 0.447619
-0.12381 0.447619
-0.104762 0.447619
-0.0857143 0.447619
-0.0666667 0.447619
-0.047619 0.447619
-0.0285714 0.447619
-0.00952381 0.447619
0.00952381 0.447619
0.0285714 0.447619
0.047619 0.447619
0.0666667 0.447619
0.0857143 0.447619
0.104762 0.447619
0.12381 0.447619
0.142857 0.447619
0.161905 0.447619
0.180952 0.447619
0.2 0.447619
0.219048 0.447619
0.238095 0.447619
0.257143 0.447619
0.27619 0.447619
0.295238 0.447619
0.314286 0.447619
0.333333 0.447619
0.352381 0.447619
0.371429 0.447619
0.390476 0.447619
0.409524 0.447619
0.428571 0.447619
0.447619 0.447619
0.466667 0.447619
0.485714 0.447619
0.504762 0.447619
0.52381 0.447619
0.542857 0.447619
0.561905 0.447619
0.580952 0.447619
0.6 0.447619
-0.6 0.428571
-0.580952 0.428571
-0.561905 0.428571
-0.542857 0.428571
-0.52381 0.428571
-0.504762 0.428571
-0.485714 0.428571
-0.466667 0.428571
-0.447619 0.428571
-0.428571 0.428571
-0.409524 0.428571
-0.390476 0.428571
-0.371429 0.428571
-0.352381 0.428571
-0.333333 0.428571
-0.314286 0.428571
-0.295238 0.428571
-0.27619 0.428571
-0.257143 0.428571
-0.238095 0.428571
-0.219048 0.428571
-0.2 0.428571
-0.180952 0.428571
-0.161905 0.428571
-0.142857 0.428571
-0.12381 0.428571
-0.104762 0.428571
-0.0857143 0.428571
-0.0666667 0.428571
-0.047619 0.428571
-0.0285714 0.428571
-0.00952381 0.428571
0.00952381 0.428571
0.0285714 0.428571
0.047619 0.428571
0.0666667 0.428571
0.0857143 0.428571
0.104762 0.428571
0.12381 0.428571
0.142857 0.428571
0.161905 0.428571
0.180952 0.428571
0.2 0.428571
0.219048 0.428571
0.238095 0.428571
0.257143 0.428571
0.27619 0.428571
0.295238 0.428571
0.314286 0.428571
0.333333 0.428571
0.352381 0.428571
0.371429 0.428571
0.390476 0.428571
0.409524 0.428571
0.428571 0.428571
0.447619 0.428571
0.466667 0.428571
0.485714 0.428571
0.504762 0.428571
0.52381 0.428571
0.542857 0.428571
0.561905 0.428571
0.580952 0.428571
0.6 0.428571
-0.6 0.409524
-0.580952 0.409524
-0.561905 0.409524
-0.542857 0.409524
-0.52381 0.409524
-0.504762 0.409524
-0.485714 0.409524
-0.466667 0.409524
-0.447619 0.409524
-0.428571 0.409524
-0.409524 0.409524
-0.390476 0.409524
-0.371429 0.409524
-0.352381 0.409524
-0.333333 0.409524
-0.314286 0.409524
-0.295238 0.409524
-0.27619 0.409524
-0.257143 0.409524
-0.238095 0.409524
-0.219048 0.409524
-0.2 0.409524
-0.180952 0.409524
-0.161905 0.409524
-0.142857 0.409524
-0.12381 0.409524
-0.104762 0.409524
-0.0857143 0.409524
-0.0666667 0.409524
-0.047619 0.409524
-0.0285714 0.409524
-0.00952381 0.409524
0.00952381 0.409524
0.0285714 0.409524
0.047619 0.409524
0.0666667 0.409524
0.0857143 0.409524
0.104762 0.409524
0.12381 0.409524
0.142857 0.409524
0.161905 0.409524
0.180952 0.409524
0.2 0.409524
0.219048 0.409524
0.238095 0.409524
0.257143 0.409524
0.27619 0.409524
0.295238 0.409524
0.314286 0.409524
0.333333 0.409524
0.352381 0.409524
0.371429 0.409524
0.390476 0.409524
0.409524 0.409524
0.428571 0.409524
0.447619 0.409524
0.466667 0.409524
0.485714 0.409524
0.504762 0.409524
0.52381 0.409524
0.542857 0.409524
0.561905 0.409524
0.580952 0.409524
0.6 0.409524
-0.6 0.390476
-0.580952 0.390476
-0.561905 0.390476
-0.542857 0.390476
-0.52381 0.390476
-0.504762 0.390476
-0.485714 0.390476
-0.466667 0.390476
-0.447619 0.390476
-0.428571 0.390476
-0.409524 0.390476
-0.390476 0.390476
-0.371429 0.390476
-0.352381 0.390476
-0.333333 0.390476
-0.314286 0.390476
-0.295238 0.390476
-0.27619 0.390476
-0.257143 0.390476
-0.238095 0.390476
-0.219048 0.390476
-0.2 0.390476
-0.180952 0.390476
-0.161905 0.390476
-0.142857 0.390476
-0.12381 0.390476
-0.104762 0.390476
-0.0857143 0.390476
-0.0666667 0.390476
-0.047619 0.390476
-0.0285714 0.390476
-0.00952381 0.390476
0.00952381 0.390476
0.0285714 0.390476
0.047619 0.390476
0.0666667 0.390476
0.0857143 0.390476
0.104762 0.390476
0.12381 0.390476
0.142857 0.390476
0.161905 0.390476
0.180952 0.390476
0.2 0.390476
0.219048 0.390476
0.238095 0.390476
0.257143 0.390476
0.27619 0.390476
0.295238 0.390476
0.314286 0.390476
0.333333 0.390476
0.352381 0.390476
0.371429 0.390476
0.390476 0.390476
0.409524 0.390476
0.428571 0.390476
0.447619 0.390476
0.466667 0.390476
0.485714 0.390476
0.504762 0.390476
0.52381 0.390476
0.542857 0.390476
0.561905 0.390476
0.580952 0.390476
0.6 0.390476
-0.6 0.371429
-0.580952 0.371429
-0.561905 0.371429
-0.542857 0.371429
-0.52381 0.371429
-0.504762 0.371429
-0.485714 0.371429
-0.466667 0.371429
-0.447619 0.371429
-0.428571 0.371429
-0.409524 0.371429
-0.390476 0.371429
-0.371429 0.371429
-0.352381 0.371429
-0.333333 0.371429
-0.314286 0.371429
-0.295238 0.371429
-0.27619 0.371429
-0.257143 0.371429
-0.238095 0.371429
-0.219048 0.371429
-0.2 0.371429
-0.180952 0.371429
-0.161905 0.371429
-0.142857 0.371429
-0.12381 0.371429
-0.104762 0.371429
-0.0857143 0.371429
-0.0666667 0.371429
-0.047619 0.371429
-0.0285714 0.371429
-0.00952381 0.371429
0.00952381 0.371429
0.0285714 0.371429
0.047619 0.371429
0.0666667 0.371429
0.0857143 0.371429
0.104762 0.371429
0.12381 0.371429
0.142857 0.371429
0.161905 0.371429
0.180952 0.371429
0.2 0.371429
0.219048 0.371429
0.238095 0.371429
0.257143 0.371429
0.27619 0.371429
0.295238 0.371429
0.314286 0.371429
0.333333 0.371429
0.352381 0.371429
0.371429 0.371429
0.390476 0.371429
0.409524 0.371429
0.428571 0.371429
0.447619 0.371429
0.466667 0.371429
0.485714 0.371429
0.504762 0.371429
0.52381 0.371429
0.542857 0.371429
0.561905 0.371429
0.580952 0.371429
0.6 0.371429
-0.6 0.352381
-0.580952 0.352381
-0.561905 0.352381
-0.542857 0.352381
-0.52381 0.352381
-0.504762 0.352381
-0.485714 0.352381
-0.466667 0.352381
-0.447619 0.352381
-0.428571 0.352381
-0.409524 0.352381
-0.390476 0.352381
-0.371429 0.352381
-0.352381 0.352381
-0.333333 0.352381
-0.314286 0.352381
-0.295238 0.352381
-0.27619 0.352381
-0.257143 0.352381
-0.238095 0.352381
-0.219048 0.352381
-0.2 0.352381
-0.180952 0.352381
-0.161905 0.352381
-0.142857 0.352381
-0.12381 0.352381
-0.104762 0.352381
-0.0857143 0.352381
-0.0666667 0.352381
-0.047619 0.352381
-0.0285714 0.352381
-0.00952381 0.352381
0.00952381 0.352381
0.0285714 0.352381
0.047619 0.352381
0.0666667 0.352381
0.0857143 0.352381
0.104762 0.352381
0.12381 0.352381
0.142857 0.352381
0.161905 0.352381
0.180952 0.352381
0.2 0.352381
0.219048 0.352381
0.238095 0.352381
0.257143 0.352381
0.27619 0.352381
0.295238 0.352381
0.314286 0.352381
0.333333 0.352381
0.352381 0.352381
0.371429 0.352381
0.390476 0.352381
0.409524 0.352381
0.428571 0.352381
0.447619 0.352381
0.466667 0.352381
0.485714 0.352381
0.504762 0.352381
0.52381 0.352381
0.542857 0.352381
0.561905 0.352381
0.580952 0.352381
0.6 0.352381
-0.6 0.333333
-0.580952 0.333333
-0.561905 0.333333
-0.542857 0.333333
-0.52381 0.333333
-0.504762 0.333333
-0.485714 0.333333
-0.466667 0.333333
-0.447619 0.333333
-0.428571 0.333333
-0.409524 0.333333
-0.390476 0.333333
-0.371429 0.333333
-0.352381 0.333333
-0.333333 0.333333
-0.314286 0.333333
-0.295238 0.333333
-0.27619 0.333333
-0.257143 0.333333
-0.238095 0.333333
-0.219048 0.333333
-0.2 0.333333
-0.180952 0.333333
-0.161905 0.333333
-0.142857 0.333333
-0.12381 0.333333
-0.104762 0.333333
-0.0857143 0.333333
-0.0666667 0.333333
-0.047619 0.333333
-0.0285714 0.333333
-0.00952381 0.333333
0.00952381 0.333333
0.0285714 0.333333
0.047619 0.333333
0.0666667 0.333333
0.0857143 0.333333
0.104762 0.333333
0.12381 0.333333
0.142857 0.333333
0.161905 0.333333
0.180952 0.333333
0.2 0.333333
0.219048 0.333333
0.238095 0.333333
0.257143 0.333333
0.27619 0.333333
0.295238 0.333333
0.314286 0.333333
0.333333 0.333333
0.352381 0.333333
0.371429 0.333333
0.390476 0.333333
0.409524 0.333333
0.428571 0.333333
0.447619 0.333333
0.466667 0.333333
0.485714 0.333333
0.504762 0.333333
0.52381 0.333333
0.542857 0.333333
0.561905 0.333333
0.580952 0.333333
0.6 0.333333
-0.6 0.314286
-0.580952 0.314286
-0.561905 0.314286
-0.542857 0.314286
-0.52381 0.314286
-0.504762 0.314286
-0.485714 0.314286
-0.466667 0.314286
-0.447619 0.314286
-0.428571 0.314286
-0.409524 0.314286
-0.390476 0.314286
-0.371429 0.314286
-0.352381 0.314286
-0.333333 0.314286
-0.314286 0.314286
-0.295238 0.314286
-0.27619 0.314286
-0.257143 0.314286
-0.238095 0.314286
-0.219048 0.314286
-0.2 0.314286
-0.180952 0.314286
-0.161905 0.314286
-0.142857 0.314286
-0.12381 0.314286
-0.104762 0.314286
-0.0857143 0.314286
-0.0666667 0.314286
-0.047619 0.314286
-0.0285714 0.314286
-0.00952381 0.314286
0.00952381 0.314286
0.0285714 0.314286
0.047619 0.314286
0.0666667 0.314286
0.0857143 0.314286
0.104762 0.314286
0.12381 0.314286
0.142857 0.314286
0.161905 0.314286
0.180952 0.314286
0.2 0.314286
0.219048 0.314286
0.238095 0.314286
0.257143 0.314286
0.27619 0.314286
0.295238 0.314286
0.314286 0.314286
0.333333 0.314286
0.352381 0.314286
0.371429 0.314286
0.390476 0.314286
0.409524 0.314286
0.428571 0.314286
0.447619 0.314286
0.466667 0.314286
0.485714 0.314286
0.504762 0.314286
0.52381 0.314286
0.542857 0.314286
0.561905 0.314286
0.580952 0.314286
0.6 0.314286
-0.6 0.295238
-0.580952 0.295238
-0.561905 0.295238
-0.542857 0.295238
-0.52381 0.295238
-0.504762 0.295238
-0.485714 0.295238
-0.466667 0.295238
-0.447619 0.295238
-0.428571 0.295238
-0.409524 0.295238
-0.390476 0.295238
-0.371429 0.295238
-0.352381 0.295238
-0.333333 0.295238
-0.314286 0.295238
-0.295238 0.295238
-0.27619 0.295238
-0.257143 0.295238
-0.238095 0.295238
-0.219048 0.295238
-0.2 0.295238
-0.180952 0.295238
-0.161905 0.295238
-0.142857 0.295238
-0.12381 0.295238
-0.104762 0.295238
-0.0857143 0.295238
-0.0666667 0.295238
-0.047619 0.295238
-0.0285714 0.295238
-0.00952381 0.295238
0.00952381 0.295238
0.0285714 0.295238
0.047619 0.295238
0.0666667 0.295238
0.0857143 0.295238
0.104762 0.295238
0.12381 0.295238
0.142857 0.295238
0.161905 0.295238
0.180952 0.295238
0.2 0.295238
0.219048 0.295238
0.238095 0.295238
0.257143 0.295238
0.27619 0.295238
0.295238 0.295238
0.314286 0.295238
0.333333 0.295238
0.352381 0.295238
0.371429 0.295238
0.390476 0.295238
0.409524 0.295238
0.428571 0.295238
0.447619 0.295238
0.466667 0.295238
0.485714 0.295238
0.504762 0.295238
0.52381 0.295238
0.542857 0.295238
0.561905 0.295238
0.580952 0.295238
0.6 0.295238
-0.6 0.27619
-0.580952 0.27619
-0.561905 0.27619
-0.542857 0.27619
-0.52381 0.27619
-0.504762 0.27619
-0.485714 0.27619
-0.466667 0.27619
-0.447619 0.27619
-0.428571 0.27619
-0.409524 0.27619
-0.390476 0.27619
-0.371429 0.27619
-0.352381 0.27619
-0.333333 0.27619
-0.314286 0.27619
-0.295238 0.27619
-0.27619 0.27619
-0.257143 0.27619
-0.238095 0.27619
-0.219048 0.27619
-0.2 0.27619
-0.180952 0.27619
-0.161905 0.27619
-0.142857 0.27619
-0.12381 0.27619
-0.104762 0.27619
-0.0857143 0.27619
-0.0666667 0.27619
-0.047619 0.27619
-0.0285714 0.27619
-0.00952381 0.27619
0.00952381 0.27619
0.0285714 0.27619
0.047619 0.27619
0.0666667 0.27619
0.0857143 0.27619
0.104762 0.27619
0.12381 0.27619
0.142857 0.27619
0.161905 0.27619
0.180952 0.27619
0.2 0.27619
0.219048 0.27619
0.238095 0.27619
0.257143 0.27619
0.27619 0.27619
0.295238 0.27619
0.314286 0.27619
0.333333 0.27619
0.352381 0.27619
0.371429 0.27619
0.390476 0.27619
0.409524 0.27619
0.428571 0.27619
0.447619 0.27619
0.466667 0.27619
0.485714 0.27619
0.504762 0.27619
0.52381 0.27619
0.542857 0.27619
0.561905 0.27619
0.580952 0.27619
0.6 0.27619
-0.6 0.257143
-0.580952 0.257143
-0.561905 0.257143
-0.542857 0.257143
-0.52381 0.257143
-0.504762 0.257143
-0.485714 0.257143
-0.466667 0.257143
-0.447619 0.257143
-0.428571 0.257143
-0.409524 0.257143
-0.390476 0.257143
-0.371429 0.257143
-0.352381 0.257143
-0.333333 0.257143
-0.314286 0.257143
-0.295238 0.257143
-0.27619 0.257143
-0.257143 0.257143
-0.238095 0.257143
-0.219048 0.257143
-0.2 0.257143
-0.180952 0.257143
-0.161905 0.257143
-0.142857 0.257143
-0.12381 0.257143
-0.104762 0.257143
-0.0857143 0.257143
-0.0666667 0.257143
-0.047619 0.257143
-0.0285714 0.257143
-0.00952381 0.257143
0.00952381 0.257143
0.0285714 0.257143
0.047619 0.257143
0.0666667 0.257143
0.0857143 0.257143
0.104762 0.257143
0.12381 0.257143
0.142857 0.257143
0.161905 0.257143
0.180952 0.257143
0.2 0.257143
0.219048 0.257143
0.238095 0.257143
0.257143 0.257143
0.27619 0.257143
0.295238 0.257143
0.314286 0.257143
0.333333 0.257143
0.352381 0.257143
0.371429 0.257143
0.390476 0.257143
0.409524 0.257143
0.428571 0.257143
0.447619 0.257143
0.466667 0.257143
0.485714 0.257143
0.504762 0.257143
0.52381 0.257143
0.542857 0.257143
0.561905 0.257143
0.580952 0.257143
0.6 0.257143
-0.6 0.238095
-0.580952 0.238095
-0.561905 0.238095
-0.542857 0.238095
-0.52381 0.238095
-0.504762 0.238095
-0.485714 0.238095
-0.466667 0.238095
-0.447619 0.238095
-0.428571 0.238095
-0.409524 0.238095
-0.390476 0.238095
-0.371429 0.238095
-0.352381 0.238095
-0.333333 0.238095
-0.314286 0.238095
-0.295238 0.238095
-0.27619 0.238095
-0.257143 0.238095
-0.238095 0.238095
-0.219048 0.238095
-0.2 0.238095
-0.180952 0.238095
-0.161905 0.238095
-0.142857 0.238095
-0.12381 0.238095
-0.104762 0.238095
-0.0857143 0.238095
-0.0666667 0.238095
-0.047619 0.238095
-0.0285714 0.238095
-0.00952381 0.238095
0.00952381 0.238095
0.0285714 0.238095
0.047619 0.238095
0.0666667 0.238095
0.0857143 0.238095
0.104762 0.238095
0.12381 0.238095
0.142857 0.238095
0.161905 0.238095
0.180952 0.238095
0.2 0.238095
0.219048 0.238095
0.238095 0.238095
0.257143 0.238095
0.27619 0.238095
0.295238 0.238095
0.314286 0.238095
0.333333 0.238095
0.352381 0.238095
0.371429 0.238095
0.390476 0.238095
0.409524 0.238095
0.428571 0.238095
0.447619 0.238095
0.466667 0.238095
0.485714 0.238095
0.504762 0.238095
0.52381 0.238095
0.542857 0.238095
0.561905 0.238095
0.580952 0.238095
0.6 0.238095
-0.6 0.219048
-0.580952 0.219048
-0.561905 0.219048
-0.542857 0.219048
-0.52381 0.219048
-0.504762 0.219048
-0.485714 0.219048
-0.466667 0.219048
-0.447619 0.219048
-0.428571 0.219048
-0.409524 0.219048
-0.390476 0.219048
-0.371429 0.219048
-0.352381 0.219048
-0.333333 0.219048
-0.314286 0.219048
-0.295238 0.219048
-0.27619 0.219048
-0.257143 0.219048
-0.238095 0.219048
-0.219048 0.219048
-0.2 0.219048
-0.180952 0.219048
-0.161905 0.219048
-0.142857 0.219048
-0.12381 0.219048
-0.104762 0.219048
-0.0857143 0.219048
-0.0666667 0.219048
-0.047619 0.219048
-0.0285714 0.219048
-0.00952381 0.219048
0.00952381 0.219048
0.0285714 0.219048
0.047619 0.219048
0.0666667 0.219048
0.0857143 0.219048
0.104762 0.219048
0.12381 0.219048
0.142857 0.219048
0.161905 0.219048
0.180952 0.219048
0.2 0.219048
0.219048 0.219048
0.238095 0.219048
0.257143 0.219048
0.27619 0.219048
0.295238 0.219048
0.314286 0.219048
0.333333 0.219048
0.352381 0.219048
0.371429 0.219048
0.390476 0.219048
0.409524 0.219048
0.428571 0.219048
0.447619 0.219048
0.466667 0.219048
0.485714 0.219048
0.504762 0.219048
0.52381 0.219048
0.542857 0.219048
0.561905 0.219048
0.580952 0.219048
0.6 0.219048
-0.6 0.2
-0.580952 0.2
-0.561905 0.2
-0.542857 0.2
-0.52381 0.2
-0.504762 0.2
-0.485714 0.2
-0.466667 0.2
-0.447619 0.2
-0.428571 0.2
-0.409524 0.2
-0.390476 0.2
-0.371429 0.2
-0.352381 0.2
-0.333333 0.2
-0.314286 0.2
-0.295238 0.2
-0.27619 0.2
-0.257143 0.2
-0.238095 0.2
-0.219048 0.2
-0.2 0.2
-0.180952 0.2
-0.161905 0.2
-0.142857 0.2
-0.12381 0.2
-0.104762 0.2
-0.0857143 0.2
-0.0666667 0.2
-0.047619 0.2
-0.0285714 0.2
-0.00952381 0.2
0.00952381 0.2
0.0285714 0.2
0.047619 0.2
0.0666667 0.2
0.0857143 0.2
0.104762 0.2
0.12381 0.2
0.142857 0.2
0.161905 0.2
0.180952 0.2
0.2 0.2
0.219048 0.2
0.238095 0.2
0.257143 0.2
0.27619 0.2
0.295238 0.2
0.314286 0.2
0.333333 0.2
0.352381 0.2
0.371429 0.2
0.390476 0.2
0.409524 0.2
0.428571 0.2
0.447619 0.2
0.466667 0.2
0.485714 0.2
0.504762 0.2
0.52381 0.2
0.542857 0.2
0.561905 0.2
0.580952 0.2
0.6 0.2
-0.6 0.180952
-0.580952 0.180952
-0.561905 0.180952
-0.542857 0.180952
-0.52381 0.180952
-0.504762 0.180952
-0.485714 0.180952
-0.466667 0.180952
-0.447619 0.180952
-0.428571 0.180952
-0.409524 0.180952
-0.390476 0.180952
-0.371429 0.180952
-0.352381 0.180952
-0.333333 0.180952
-0.314286 0.180952
-0.295238 0.180952
-0.27619 0.180952
-0.257143 0.180952
-0.238095 0.180952
-0.219048 0.180952
-0.2 0.180952
-0.180952 0.180952
-0.161905 0.180952
-0.142857 0.180952
-0.12381 0.180952
-0.104762 0.180952
-0.0857143 0.180952
-0.0666667 0.180952
-0.047619 0.180952
-0.0285714 0.180952
-0.00952381 0.180952
0.00952381 0.180952
0.0285714 0.180952
0.047619 0.180952
0.0666667 0.180952
0.0857143 0.180952
0.104762 0.180952
0.12381 0.180952
0.142857 0.180952
0.161905 0.180952
0.180952 0.180952
0.2 0.180952
0.219048 0.180952
0.238095 0.180952
0.257143 0.180952
0.27619 0.180952
0.295238 0.180952
0.314286 0.180952
0.333333 0.180952
0.352381 0.180952
0.371429 0.180952
0.390476 0.180952
0.409524 0.180952
0.428571 0.180952
0.447619 0.180952
0.466667 0.180952
0.485714 0.180952
0.504762 0.180952
0.52381 0.180952
0.542857 0.180952
0.561905 0.180952
0.580952 0.180952
0.6 0.180952
-0.6 0.161905
-0.580952 0.161905
-0.561905 0.161905
-0.542857 0.161905
-0.52381 0.161905
-0.504762 0.161905
-0.485714 0.161905
-0.466667 0.161905
-0.447619 0.161905
-0.428571 0.161905
-0.409524 0.161905
-0.390476 0.161905
-0.371429 0.161905
-0.352381 0.161905
-0.333333 0.161905
-0.314286 0.161905
-0.295238 0.161905
-0.27619 0.161905
-0.257143 0.161905
-0.238095 0.161905
-0.219048 0.161905
-0.2 0.161905
-0.180952 0.161905
-0.161905 0.161905
-0.142857 0.161905
-0.12381 0.161905
-0.104762 0.161905
-0.0857143 0.161905
-0.0666667 0.161905
-0.047619 0.161905
-0.0285714 0.161905
-0.00952381 0.161905
0.00952381 0.161905
0.0285714 0.161905
0.047619 0.161905
0.0666667 0.161905
0.0857143 0.161905
0.104762 0.161905
0.12381 0.161905
0.142857 0.161905
0.161905 0.161905
0.180952 0.161905
0.2 0.161905
0.219048 0.161905
0.238095 0.161905
0.257143 0.161905
0.27619 0.161905
0.295238 0.161905
0.314286 0.161905
0.333333 0.161905
0.352381 0.161905
0.371429 0.161905
0.390476 0.161905
0.409524 0.161905
0.428571 0.161905
0.447619 0.161905
0.466667 0.161905
0.485714 0.161905
0.504762 0.161905
0.52381 0.161905
0.542857 0.161905
0.561905 0.161905
0.580952 0.161905
0.6 0.161905
-0.6 0.142857
-0.580952 0.142857
-0.561905 0.142857
-0.542857 0.142857
-0.52381 0.142857
-0.504762 0.142857
-0.485714 0.142857
-0.466667 0.142857
-0.447619 0.142857
-0.428571 0.142857
-0.409524 0.142857
-0.390476 0.142857
-0.371429 0.142857
-0.352381 0.142857
-0.333333 0.142857
-0.314286 0.142857
-0.295238 0.142857
-0.27619 0.142857
-0.257143 0.142857
-0.238095 0.142857
-0.219048 0.142857
-0.2 0.142857
-0.180952 0.142857
-0.161905 0.142857
-0.142857 0.142857
-0.12381 0.142857
-0.104762 0.142857
-0.0857143 0.142857
-0.0666667 0.142857
-0.047619 0.142857
-0.0285714 0.142857
-0.00952381 0.142857
0.00952381 0.142857
0.0285714 0.142857
0.047619 0.142857
0.0666667 0.142857
0.0857143 0.142857
0.104762 0.142857
0.12381 0.142857
0.142857 0.142857
0.161905 0.142857
0.180952 0.142857
0.2 0.142857
0.219048 0.142857
0.238095 0.142857
0.257143 0.142857
0.27619 0.142857
0.295238 0.142857
0.314286 0.142857
0.333333 0.142857
0.352381 0.142857
0.371429 0.142857
0.390476 0.142857
0.409524 0.142857
0.428571 0.142857
0.447619 0.142857
0.466667 0.142857
0.485714 0.142857
0.504762 0.142857
0.52381 0.142857
0.542857 0.142857
0.561905 0.142857
0.580952 0.142857
0.6 0.142857
-0.6 0.12381
-0.580952 0.12381
-0.561905 0.12381
-0.542857 0.12381
-0.52381 0.12381
-0.504762 0.12381
-0.485714 0.12381
-0.466667 0.12381
-0.447619 0.12381
-0.428571 0.12381
-0.409524 0.12381
-0.390476 0.12381
-0.371429 0.12381
-0.352381 0.12381
-0.333333 0.12381
-0.314286 0.12381
-0.295238 0.12381
-0.27619 0.12381
-0.257143 0.12381
-0.238095 0.12381
-0.219048 0.12381
-0.2 0.12381
-0.180952 0.12381
-0.161905 0.12381
-0.142857 0.12381
-0.12381 0.12381
-0.104762 0.12381
-0.0857143 0.12381
-0.0666667 0.12381
-0.047619 0.12381
-0.0285714 0.12381
-0.00952381 0.12381
0.00952381 0.12381
0.0285714 0.12381
0.047619 0.12381
0.0666667 0.12381
0.0857143 0.12381
0.104762 0.12381
0.12381 0.12381
0.142857 0.12381
0.161905 0.12381
0.180952 0.12381
0.2 0.12381
0.219048 0.12381
0.238095 0.12381
0.257143 0.12381
0.27619 0.12381
0.295238 0.12381
0.314286 0.12381
0.333333 0.12381
0.352381 0.12381
0.371429 0.12381
0.390476 0.12381
0.409524 0.12381
0.428571 0.12381
0.447619 0.12381
0.466667 0.12381
0.485714 0.12381
0.504762 0.12381
0.52381 0.12381
0.542857 0.12381
0.561905 0.12381
0.580952 0.12381
0.6 0.12381
-0.6 0.104762
-0.580952 0.104762
-0.561905 0.104762
-0.542857 0.104762
-0.52381 0.104762
-0.504762 0.104762
-0.485714 0.104762
-0.466667 0.104762
-0.447619 0.104762
-0.428571 0.104762
-0.409524 0.104762
-0.390476 0.104762
-0.371429 0.104762
-0.352381 0.104762
-0.333333 0.104762
-0.314286 0.104762
-0.295238 0.104762
-0.27619 0.104762
-0.257143 0.104762
-0.238095 0.104762
-0.219048 0.104762
-0.2 0.104762
-0.180952 0.104762
-0.161905 0.104762
-0.142857 0.104762
-0.12381 0.104762
-0.104762 0.104762
-0.0857143 0.104762
-0.0666667 0.104762
-0.047619 0.104762
-0.0285714 0.104762
-0.00952381 0.104762
0.00952381 0.104762
0.0285714 0.104762
0.047619 0.104762
0.0666667 0.104762
0.0857143 0.104762
0.104762 0.104762
0.12381 0.104762
0.142857 0.104762
0.161905 0.104762
0.180952 0.104762
0.2 0.104762
0.219048 0.104762
0.238095 0.104762
0.257143 0.104762
0.27619 0.104762
0.295238 0.104762
0.314286 0.104762
0.333333 0.104762
0.352381 0.104762
0.371429 0.104762
0.390476 0.104762
0.409524 0.104762
0.428571 0.104762
0.447619 0.104762
0.466667 0.104762
0.485714 0.104762
0.504762 0.104762
0.52381 0.104762
0.542857 0.104762
0.561905 0.104762
0.580952 0.104762
0.6 0.104762
-0.6 0.0857143
-0.580952 0.0857143
-0.561905 0.0857143
-0.542857 0.0857143
-0.52381 0.0857143
-0.504762 0.0857143
-0.485714 0.0857143
-0.466667 0.0857143
-0.447619 0.0857143
-0.428571 0.0857143
-0.409524 0.0857143
-0.390476 0.0857143
-0.371429 0.0857143
-0.352381 0.0857143
-0.333333 0.0857143
-0.314286 0.0857143
-0.295238 0.0857143
-0.27619 0.0857143
-0.257143 0.0857143
-0.238095 0.0857143
-0.219048 0.0857143
-0.2 0.0857143
-0.180952 0.0857143
-0.161905 0.0857143
-0.142857 0.0857143
-0.12381 0.0857143
-0.104762 0.0857143
-0.0857143 0.0857143
-0.0666667 0.0857143
-0.047619 0.0857143
-0.0285714 0.0857143
-0.00952381 0.0857143
0.00952381 0.0857143
0.0285714 0.0857143
0.047619 0.0857143
0.0666667 0.0857143
0.0857143 0.0857143
0.104762 0.0857143
0.12381 0.0857143
0.142857 0.0857143
0.161905 0.0857143
0.180952 0.0857143
0.2 0.0857143
0.219048 0.0857143
0.238095 0.0857143
0.257143 0.0857143
0.27619 0.0857143
0.295238 0.0857143
0.314286 0.0857143
0.333333 0.0857143
0.352381 0.0857143
0.371429 0.0857143
0.390476 0.0857143
0.409524 0.0857143
0.428571 0.0857143
0.447619 0.0857143
0.466667 0.0857143
0.485714 0.0857143
0.504762 0.0857143
0.52381 0.0857143
0.542857 0.0857143
0.561905 0.0857143
0.580952 0.0857143
0.6 0.0857143
-0.6 0.0666667
-0.580952 0.0666667
-0.561905 0.0666667
-0.542857 0.0666667
-0.52381 0.0666667
-0.504762 0.0666667
-0.485714 0.0666667
-0.466667 0.0666667
-0.447619 0.0666667
-0.428571 0.0666667
-0.409524 0.0666667
-0.390476 0.0666667
-0.371429 0.0666667
-0.352381 0.0666667
-0.333333 0.0666667
-0.314286 0.0666667
-0.295238 0.0666667
-0.27619 0.0666667
-0.257143 0.0666667
-0.238095 0.0666667
-0.219048 0.0666667
-0.2 0.0666667
-0.180952 0.0666667
-0.161905 0.0666667
-0.142857 0.0666667
-0.12381 0.0666667
-0.104762 0.0666667
-0.0857143 0.0666667
-0.0666667 0.0666667
-0.047619 0.0666667
-0.0285714 0.0666667
-0.00952381 0.0666667
0.00952381 0.0666667
0.0285714 0.0666667
0.047619 0.0666667
0.0666667 0.0666667
0.0857143 0.0666667
0.104762 0.0666667
0.12381 0.0666667
0.142857 0.0666667
0.161905 0.0666667
0.180952 0.0666667
0.2 0.0666667
0.219048 0.0666667
0.238095 0.0666667
0.257143 0.0666667
0.27619 0.0666667
0.295238 0.0666667
0.314286 0.0666667
0.333333 0.0666667
0.352381 0.0666667
0.371429 0.0666667
0.390476 0.0666667
0.409524 0.0666667
0.428571 0.0666667
0.447619 0.0666667
0.466667 0.0666667
0.485714 0.0666667
0.504762 0.0666667
0.52381 0.0666667
0.542857 0.0666667
0.561905 0.0666667
0.580952 0.0666667
0.6 0.0666667
-0.6 0.047619
-0.580952 0.047619
-0.561905 0.047619
-0.542857 0.047619
-0.52381 0.047619
-0.504762 0.047619
-0.485714 0.047619
-0.466667 0.047619
-0.447619 0.047619
-0.428571 0.047619
-0.409524 0.047619
-0.390476 0.047619
-0.371429 0.047619
-0.352381 0.047619
-0.333333 0.047619
-0.314286 0.047619
-0.295238 0.047619
-0.27619 0.047619
-0.257143 0.047619
-0.238095 0.047619
-0.219048 0.047619
-0.2 0.047619
-0.180952 0.047619
-0.161905 0.047619
-0.142857 0.047619
-0.12381 0.047619
-0.104762 0.047619
-0.0857143 0.047619
-0.0666667 0.047619
-0.047619 0.047619
-0.0285714 0.047619
-0.00952381 0.047619
0.00952381 0.047619
0.0285714 0.047619
0.047619 0.047619
0.0666667 0.047619
0.0857143 0.047619
0.104762 0.047619
0.12381 0.047619
0.142857 0.047619
0.161905 0.047619
0.180952 0.047619
0.2 0.047619
0.219048 0.047619
0.238095 0.047619
0.257143 0.047619
0.27619 0.047619
0.295238 0.047619
0.314286 0.047619
0.333333 0.047619
0.352381 0.047619
0.371429 0.047619
0.390476 0.047619
0.409524 0.047619
0.428571 0.047619
0.447619 0.047619
0.466667 0.047619
0.485714 0.047619
0.504762 0.047619
0.52381 0.047619
0.542857 0.047619
0.561905 0.047619
0.580952 0.047619
0.6 0.047619
-0.6 0.0285714
-0.580952 0.0285714
-0.561905 0.0285714
-0.542857 0.0285714
-0.52381 0.0285714
-0.504762 0.0285714
-0.485714 0.0285714
-0.466667 0.0285714
-0.447619 0.0285714
-0.428571 0.0285714
-0.409524 0.0285714
-0.390476 0.0285714
-0.371429 0.0285714
-0.352381 0.0285714
-0.333333 0.0285714
-0.314286 0.0285714
-0.295238 0.0285714
-0.27619 0.0285714
-0.257143 0.0285714
-0.238095 0.0285714
-0.219048 0.0285714
-0.2 0.0285714
-0.180952 0.0285714
-0.161905 0.0285714
-0.142857 0.0285714
-0.12381 0.0285714
-0.104762 0.0285714
-0.0857143 0.0285714
-0.0666667 0.0285714
-0.047619 0.0285714
-0.0285714 0.0285714
-0.00952381 0.0285714
0.00952381 0.0285714
0.0285714 0.0285714
0.047619 0.0285714
0.0666667 0.0285714
0.0857143 0.0285714
0.104762 0.0285714
0.12381 0.0285714
0.142857 0.0285714
0.161905 0.0285714
0.180952 0.0285714
0.2 0.0285714
0.219048 0.0285714
0.238095 0.0285714
0.257143 0.0285714
0.27619 0.0285714
0.295238 0.0285714
0.314286 0.0285714
0.333333 0.0285714
0.352381 0.0285714
0.371429 0.0285714
0.390476 0.0285714
0.409524 0.0285714
0.428571 0.0285714
0.447619 0.0285714
0.466667 0.0285714
0.485714 0.0285714
0.504762 0.0285714
0.52381 0.0285714
0.542857 0.0285714
0.561905 0.0285714
0.580952 0.0285714
0.6 0.0285714
-0.6 0.00952381
-0.580952 0.00952381
-0.561905 0.00952381
-0.542857 0.00952381
-0.52381 0.00952381
-0.504762 0.00952381
-0.485714 0.00952381
-0.466667 0.00952381
-0.447619 0.00952381
-0.428571 0.00952381
-0.409524 0.00952381
-0.390476 0.00952381
-0.371429 0.00952381
-0.352381 0.00952381
-0.333333 0.00952381
-0.314286 0.00952381
-0.295238 0.00952381
-0.27619 0.00952381
-0.257143 0.00952381
-0.238095 0.00952381
-0.219048 0.00952381
-0.2 0.00952381
-0.180952 0.00952381
-0.161905 0.00952381
-0.142857 0.00952381
-0.12381 0.00952381
-0.104762 0.00952381
-0.0857143 0.00952381
-0.0666667 0.00952381
-0.047619 0.00952381
-0.0285714 0.00952381
-0.00952381 0.00952381
0.00952381 0.00952381
0.0285714 0.00952381
0.047619 0.00952381
0.0666667 0.00952381
0.0857143 0.00952381
0.104762 0.00952381
0.12381 0.00952381
0.142857 0.00952381
0.161905 0.00952381
0.180952 0.00952381
0.2 0.00952381
0.219048 0.00952381
0.238095 0.00952381
0.257143 0.00952381
0.27619 0.00952381
0.295238 0.00952381
0.314286 0.00952381
0.333333 0.00952381
0.352381 0.00952381
0.371429 0.00952381
0.390476 0.00952381
0.409524 0.00952381
0.428571 0.00952381
0.447619 0.00952381
0.466667 0.00952381
0.485714 0.00952381
0.504762 0.00952381
0.52381 0.00952381
0.542857 0.00952381
0.561905 0.00952381
0.580952 0.00952381
0.6 0.00952381
-0.6 -0.00952381
-0.580952 -0.00952381
-0.561905 -0.00952381
-0.542857 -0.00952381
-0.52381 -0.00952381
-0.504762 -0.00952381
-0.485714 -0.00952381
-0.466667 -0.00952381
-0.447619 -0.00952381
-0.428571 -0.00952381
-0.409524 -0.00952381
-0.390476 -0.00952381
-0.371429 -0.00952381
-0.352381 -0.00952381
-0.333333 -0.00952381
-0.314286 -0.00952381
-0.295238 -0.00952381
-0.27619 -0.00952381
-0.257143 -0.00952381
-0.238095 -0.00952381
-0.219048 -0.00952381
-0.2 -0.00952381
-0.180952 -0.00952381
-0.161905 -0.00952381
-0.142857 -0.00952381
-0.12381 -0.00952381
-0.104762 -0.00952381
-0.0857143 -0.00952381
-0.0666667 -0.00952381
-0.047619 -0.00952381
-0.0285714 -0.00952381
-0.00952381 -0.00952381
0.00952381 -0.00952381
0.0285714 -0.00952381
0.047619 -0.00952381
0.0666667 -0.00952381
0.0857143 -0.00952381
0.104762 -0.00952381
0.12381 -0.00952381
0.142857 -0.00952381
0.161905 -0.00952381
0.180952 -0.00952381
0.2 -0.00952381
0.219048 -0.00952381
0.238095 -0.00952381
0.257143 -0.00952381
0.27619 -0.00952381
0.295238 -0.00952381
0.314286 -0.00952381
0.333333 -0.00952381
0.352381 -0.00952381
0.371429 -0.00952381
0.390476 -0.00952381
0.409524 -0.00952381
0.428571 -0.00952381
0.447619 -0.00952381
0.466667 -0.00952381
0.485714 -0.00952381
0.504762 -0.00952381
0.52381 -0.00952381
0.542857 -0.00952381
0.561905 -0.00952381
0.580952 -0.00952381
0.6 -0.00952381
-0.6 -0.0285714
-0.580952 -0.0285714
-0.561905 -0.0285714
-0.542857 -0.0285714
-0.52381 -0.0285714
-0.504762 -0.0285714
-0.485714 -0.0285714
-0.466667 -0.0285714
-0.447619 -0.0285714
-0.428571 -0.0285714
-0.409524 -0.0285714
-0.390476 -0.0285714
-0.371429 -0.0285714
-0.352381 -0.0285714
-0.333333 -0.0285714
-0.314286 -0.0285714
-0.295238 -0.0285714
-0.27619 -0.0285714
-0.257143 -0.0285714
-0.238095 -0.0285714
-0.219048 -0.0285714
-0.2 -0.0285714
-0.180952 -0.0285714
-0.161905 -0.0285714
-0.142857 -0.0285714
-0.12381 -0.0285714
-0.104762 -0.0285714
-0.0857143 -0.0285714
-0.0666667 -0.0285714
-0.047619 -0.0285714
-0.0285714 -0.0285714
-0.00952381 -0.0285714
0.00952381 -0.0285714
0.0285714 -0.0285714
0.047619 -0.0285714
0.0666667 -0.0285714
0.0857143 -0.0285714
0.104762 -0.0285714
0.12381 -0.0285714
0.142857 -0.0285714
0.161905 -0.0285714
0.180952 -0.0285714
0.2 -0.0285714
0.219048 -0.0285714
0.238095 -0.0285714
0.257143 -0.0285714
0.27619 -0.0285714
0.295238 -0.0285714
0.314286 -0.0285714
0.333333 -0.0285714
0.352381 -0.0285714
0.371429 -0.0285714
0.390476 -0.0285714
0.409524 -0.0285714
0.428571 -0.0285714
0.447619 -0.0285714
0.466667 -0.0285714
0.485714 -0.0285714
0.504762 -0.0285714
0.52381 -0.0285714
0.542857 -0.0285714
0.561905 -0.0285714
0.580952 -0.0285714
0.6 -0.0285714
-0.6 -0.047619
-0.580952 -0.047619
-0.561905 -0.047619
-0.542857 -0.047619
-0.52381 -0.047619
-0.504762 -0.047619
-0.485714 -0.047619
-0.466667 -0.047619
-0.447619 -0.047619
-0.428571 -0.047619
-0.409524 -0.047619
-0.390476 -0.047619
-0.371429 -0.047619
-0.352381 -0.047619
-0.333333 -0.047619
-0.314286 -0.047619
-0.295238 -0.047619
-0.27619 -0.047619
-0.257143 -0.047619
-0.238095 -0.047619
-0.219048 -0.047619
-0.2 -0.047619
-0.180952 -0.047619
-0.161905 -0.047619
-0.142857 -0.047619
-0.12381 -0.047619
-0.104762 -0.047619
-0.0857143 -0.047619
-0.0666667 -0.047619
-0.047619 -0.047619
-0.0285714 -0.047619
-0.00952381 -0.047619
0.00952381 -0.047619
0.0285714 -0.047619
0.047619 -0.047619
0.0666667 -0.047619
0.0857143 -0.047619
0.104762 -0.047619
0.12381 -0.047619
0.142857 -0.047619
0.161905 -0.047619
0.180952 -0.047619
0.2 -0.047619
0.219048 -0.047619
0.238095 -0.047619
0.257143 -0.047619
0.27619 -0.047619
0.295238 -0.047619
0.314286 -0.047619
0.333333 -0.047619
0.352381 -0.047619
0.371429 -0.047619
0.390476 -0.047619
0.409524 -0.047619
0.428571 -0.047619
0.447619 -0.047619
0.466667 -0.047619
0.485714 -0.047619
0.504762 -0.047619
0.52381 -0.047619
0.542857 -0.047619
0.561905 -0.047619
0.580952 -0.047619
0.6 -0.047619
-0.6 -0.0666667
-0.580952 -0.0666667
-0.561905 -0.0666667
-0.542857 -0.0666667
-0.52381 -0.0666667
-0.504762 -0.0666667
-0.485714 -0.0666667
-0.466667 -0.0666667
-0.447619 -0.0666667
-0.428571 -0.0666667
-0.409524 -0.0666667
-0.390476 -0.0666667
-0.371429 -0.0666667
-0.352381 -0.0666667
-0.333333 -0.0666667
-0.314286 -0.0666667
-0.295238 -0.0666667
-0.27619 -0.0666667
-0.257143 -0.0666667
-0.238095 -0.0666667
-0.219048 -0.0666667
-0.2 -0.0666667
-0.180952 -0.0666667
-0.161905 -0.0666667
-0.142857 -0.0666667
-0.12381 -0.0666667
-0.104762 -0.0666667
-0.0857143 -0.0666667
-0.0666667 -0.0666667
-0.047619 -0.0666667
-0.0285714 -0.0666667
-0.00952381 -0.0666667
0.00952381 -0.0666667
0.0285714 -0.0666667
0.047619 -0.0666667
0.0666667 -0.0666667
0.0857143 -0.0666667
0.104762 -0.0666667
0.12381 -0.0666667
0.142857 -0.0666667
0.161905 -0.0666667
0.180952 -0.0666667
0.2 -0.0666667
0.219048 -0.0666667
0.238095 -0.0666667
0.257143 -0.0666667
0.27619 -0.0666667
0.295238 -0.0666667
0.314286 -0.0666667
0.333333 -0.0666667
0.352381 -0.0666667
0.371429 -0.0666667
0.390476 -0.0666667
0.409524 -0.0666667
0.428571 -0.0666667
0.447619 -0.0666667
0.466667 -0.0666667
0.485714 -0.0666667
0.504762 -0.0666667
0.52381 -0.0666667
0.542857 -0.0666667
0.561905 -0.0666667
0.580952 -0.0666667
0.6 -0.0666667
-0.6 -0.0857143
-0.580952 -0.0857143
-0.561905 -0.0857143
-0.542857 -0.0857143
-0.52381 -0.0857143
-0.504762 -0.0857143
-0.485714 -0.0857143
-0.466667 -0.0857143
-0.447619 -0.0857143
-0.428571 -0.0857143
-0.409524 -0.0857143
-0.390476 -0.0857143
-0.371429 -0.0857143
-0.352381 -0.0857143
-0.333333 -0.0857143
-0.314286 -0.0857143
-0.295238 -0.0857143
-0.27619 -0.0857143
-0.257143 -0.0857143
-0.238095 -0.0857143
-0.219048 -0.0857143
-0.2 -0.0857143
-0.180952 -0.0857143
-0.161905 -0.0857143
-0.142857 -0.0857143
-0.12381 -0.0857143
-0.104762 -0.0857143
-0.0857143 -0.0857143
-0.0666667 -0.0857143
-0.047619 -0.0857143
-0.0285714 -0.0857143
-0.00952381 -0.0857143
0.00952381 -0.0857143
0.0285714 -0.0857143
0.047619 -0.0857143
0.0666667 -0.0857143
0.0857143 -0.0857143
0.104762 -0.0857143
0.12381 -0.0857143
0.142857 -0.0857143
0.161905 -0.0857143
0.180952 -0.0857143
0.2 -0.0857143
0.219048 -0.0857143
0.238095 -0.0857143
0.257143 -0.0857143
0.27619 -0.0857143
0.295238 -0.0857143
0.314286 -0.0857143
0.333333 -0.0857143
0.352381 -0.0857143
0.371429 -0.0857143
0.390476 -0.0857143
0.409524 -0.0857143
0.428571 -0.0857143
0.447619 -0.0857143
0.466667 -0.0857143
0.485714 -0.0857143
0.504762 -0.0857143
0.52381 -0.0857143
0.542857 -0.0857143
0.561905 -0.0857143
0.580952 -0.0857143
0.6 -0.0857143
-0.6 -0.104762
-0.580952 -0.104762
-0.561905 -0.104762
-0.542857 -0.104762
-0.52381 -0.104762
-0.504762 -0.104762
-0.485714 -0.104762
-0.466667 -0.104762
-0.447619 -0.104762
-0.428571 -0.104762
-0.409524 -0.104762
-0.390476 -0.104762
-0.371429 -0.104762
-0.352381 -0.104762
-0.333333 -0.104762
-0.314286 -0.104762
-0.295238 -0.104762
-0.27619 -0.104762
-0.257143 -0.104762
-0.238095 -0.104762
-0.219048 -0.104762
-0.2 -0.104762
-0.180952 -0.104762
-0.161905 -0.104762
-0.142857 -0.104762
-0.12381 -0.104762
-0.104762 -0.104762
-0.0857143 -0.104762
-0.0666667 -0.104762
-0.047619 -0.104762
-0.0285714 -0.104762
-0.00952381 -0.104762
0.00952381 -0.104762
0.0285714 -0.104762
0.047619 -0.104762
0.0666667 -0.104762
0.0857143 -0.104762
0.104762 -0.104762
0.12381 -0.104762
0.142857 -0.104762
0.161905 -0.104762
0.180952 -0.104762
0.2 -0.104762
0.219048 -0.104762
0.238095 -0.104762
0.257143 -0.104762
0.27619 -0.104762
0.295238 -0.104762
0.314286 -0.104762
0.333333 -0.104762
0.352381 -0.104762
0.371429 -0.104762
0.390476 -0.104762
0.409524 -0.104762
0.428571 -0.104762
0.447619 -0.104762
0.466667 -0.104762
0.485714 -0.104762
0.504762 -0.104762
0.52381 -0.104762
0.542857 -0.104762
0.561905 -0.104762
0.580952 -0.104762
0.6 -0.104762
-0.6 -0.12381
-0.580952 -0.12381
-0.561905 -0.12381
-0.542857 -0.12381
-0.52381 -0.12381
-0.504762 -0.12381
-0.485714 -0.12381
-0.466667 -0.12381
-0.447619 -0.12381
-0.428571 -0.12381
-0.409524 -0.12381
-0.390476 -0.12381
-0.371429 -0.12381
-0.352381 -0.12381
-0.333333 -0.12381
-0.314286 -0.12381
-0.295238 -0.12381
-0.27619 -0.12381
-0.257143 -0.12381
-0.238095 -0.12381
-0.219048 -0.12381
-0.2 -0.12381
-0.180952 -0.12381
-0.161905 -0.12381
-0.142857 -0.12381
-0.12381 -0.12381
-0.104762 -0.12381
-0.0857143 -0.12381
-0.0666667 -0.12381
-0.047619 -0.12381
-0.0285714 -0.12381
-0.00952381 -0.12381
0.00952381 -0.12381
0.0285714 -0.12381
0.047619 -0.12381
0.0666667 -0.12381
0.0857143 -0.12381
0.104762 -0.12381
0.12381 -0.12381
0.142857 -0.12381
0.161905 -0.12381
0.180952 -0.12381
0.2 -0.12381
0.219048 -0.12381
0.238095 -0.12381
0.257143 -0.12381
0.27619 -0.12381
0.295238 -0.12381
0.314286 -0.12381
0.333333 -0.12381
0.352381 -0.12381
0.371429 -0.12381
0.390476 -0.12381
0.409524 -0.12381
0.428571 -0.12381
0.447619 -0.12381
0.466667 -0.12381
0.485714 -0.12381
0.504762 -0.12381
0.52381 -0.12381
0.542857 -0.12381
0.561905 -0.12381
0.580952 -0.12381
0.6 -0.12381
-0.6 -0.142857
-0.580952 -0.142857
-0.561905 -0.142857
-0.542857 -0.142857
-0.52381 -0.142857
-0.504762 -0.142857
-0.485714 -0.142857
-0.466667 -0.142857
-0.447619 -0.142857
-0.428571 -0.142857
-0.409524 -0.142857
-0.390476 -0.142857
-0.371429 -0.142857
-0.352381 -0.142857
-0.333333 -0.142857
-0.314286 -0.142857
-0.295238 -0.142857
-0.27619 -0.142857
-0.257143 -0.142857
-0.238095 -0.142857
-0.219048 -0.142857
-0.2 -0.142857
-0.180952 -0.142857
-0.161905 -0.142857
-0.142857 -0.142857
-0.12381 -0.142857
-0.104762 -0.142857
-0.0857143 -0.142857
-0.0666667 -0.142857
-0.047619 -0.142857
-0.0285714 -0.142857
-0.00952381 -0.142857
0.00952381 -0.142857
0.0285714 -0.142857
0.047619 -0.142857
0.0666667 -0.142857
0.0857143 -0.142857
0.104762 -0.142857
0.12381 -0.142857
0.142857 -0.142857
0.161905 -0.142857
0.180952 -0.142857
0.2 -0.142857
0.219048 -0.142857
0.238095 -0.142857
0.257143 -0.142857
0.27619 -0.142857
0.295238 -0.142857
0.314286 -0.142857
0.333333 -0.142857
0.352381 -0.142857
0.371429 -0.142857
0.390476 -0.142857
0.409524 -0.142857
0.428571 -0.142857
0.447619 -0.142857
0.466667 -0.142857
0.485714 -0.142857
0.504762 -0.142857
0.52381 -0.142857
0.542857 -0.142857
0.561905 -0.142857
0.580952 -0.142857
0.6 -0.142857
-0.6 -0.161905
-0.580952 -0.161905
-0.561905 -0.161905
-0.542857 -0.161905
-0.52381 -0.161905
-0.504762 -0.161905
-0.485714 -0.161905
-0.466667 -0.161905
-0.447619 -0.161905
-0.428571 -0.161905
-0.409524 -0.161905
-0.390476 -0.161905
-0.371429 -0.161905
-0.352381 -0.161905
-0.333333 -0.161905
-0.314286 -0.161905
-0.295238 -0.161905
-0.27619 -0.161905
-0.257143 -0.161905
-0.238095 -0.161905
-0.219048 -0.161905
-0.2 -0.161905
-0.180952 -0.161905
-0.161905 -0.161905
-0.142857 -0.161905
-0.12381 -0.161905
-0.104762 -0.161905
-0.0857143 -0.161905
-0.0666667 -0.161905
-0.047619 -0.161905
-0.0285714 -0.161905
-0.00952381 -0.161905
0.00952381 -0.161905
0.0285714 -0.161905
0.047619 -0.161905
0.0666667 -0.161905
0.0857143 -0.161905
0.104762 -0.161905
0.12381 -0.161905
0.142857 -0.161905
0.161905 -0.161905
0.180952 -0.161905
0.2 -0.161905
0.219048 -0.161905
0.238095 -0.161905
0.257143 -0.161905
0.27619 -0.161905
0.295238 -0.161905
0.314286 -0.161905
0.333333 -0.161905
0.352381 -0.161905
0.371429 -0.161905
0.390476 -0.161905
0.409524 -0.161905
0.428571 -0.161905
0.447619 -0.161905
0.466667 -0.161905
0.485714 -0.161905
0.504762 -0.161905
0.52381 -0.161905
0.542857 -0.161905
0.561905 -0.161905
0.580952 -0.161905
0.6 -0.161905
-0.6 -0.180952
-0.580952 -0.180952
-0.561905 -0.180952
-0.542857 -0.180952
-0.52381 -0.180952
-0.504762 -0.180952
-0.485714 -0.180952
-0.466667 -0.180952
-0.447619 -0.180952
-0.428571 -0.180952
-0.409524 -0.180952
-0.390476 -0.180952
-0.371429 -0.180952
-0.352381 -0.180952
-0.333333 -0.180952
-0.314286 -0.180952
-0.295238 -0.180952
-0.27619 -0.180952
-0.257143 -0.180952
-0.238095 -0.180952
-0.219048 -0.180952
-0.2 -0.180952
-0.180952 -0.180952
-0.161905 -0.180952
-0.142857 -0.180952
-0.12381 -0.180952
-0.104762 -0.180952
-0.0857143 -0.180952
-0.0666667 -0.180952
-0.047619 -0.180952
-0.0285714 -0.180952
-0.00952381 -0.180952
0.00952381 -0.180952
0.0285714 -0.180952
0.047619 -0.180952
0.0666667 -0.180952
0.0857143 -0.180952
0.104762 -0.180952
0.12381 -0.180952
0.142857 -0.180952
0.161905 -0.180952
0.180952 -0.180952
0.2 -0.180952
0.219048 -0.180952
0.238095 -0.180952
0.257143 -0.180952
0.27619 -0.180952
0.295238 -0.180952
0.314286 -0.180952
0.333333 -0.180952
0.352381 -0.180952
0.371429 -0.180952
0.390476 -0.180952
0.409524 -0.180952
0.428571 -0.180952
0.447619 -0.180952
0.466667 -0.180952
0.485714 -0.180952
0.504762 -0.180952
0.52381 -0.180952
0.542857 -0.180952
0.561905 -0.180952
0.580952 -0.180952
0.6 -0.180952
-0.6 -0.2
-0.580952 -0.2
-0.561905 -0.2
-0.542857 -0.2
-0.52381 -0.2
-0.504762 -0.2
-0.485714 -0.2
-0.466667 -0.2
-0.447619 -0.2
-0.428571 -0.2
-0.409524 -0.2
-0.390476 -0.2
-0.371429 -0.2
-0.352381 -0.2
-0.333333 -0.2
-0.314286 -0.2
-0.295238 -0.2
-0.27619 -0.2
-0.257143 -0.2
-0.238095 -0.2
-0.219048 -0.2
-0.2 -0.2
-0.180952 -0.2
-0.161905 -0.2
-0.142857 -0.2
-0.12381 -0.2
-0.104762 -0.2
-0.0857143 -0.2
-0.0666667 -0.2
-0.047619 -0.2
-0.0285714 -0.2
-0.00952381 -0.2
0.00952381 -0.2
0.0285714 -0.2
0.047619 -0.2
0.0666667 -0.2
0.0857143 -0.2
0.104762 -0.2
0.12381 -0.2
0.142857 -0.2
0.161905 -0.2
0.180952 -0.2
0.2 -0.2
0.219048 -0.2
0.238095 -0.2
0.257143 -0.2
0.27619 -0.2
0.295238 -0.2
0.314286 -0.2
0.333333 -0.2
0.352381 -0.2
0.371429 -0.2
0.390476 -0.2
0.409524 -0.2
0.428571 -0.2
0.447619 -0.2
0.466667 -0.2
0.485714 -0.2
0.504762 -0.2
0.52381 -0.2
0.542857 -0.2
0.561905 -0.2
0.580952 -0.2
0.6 -0.2
-0.6 -0.219048
-0.580952 -0.219048
-0.561905 -0.219048
-0.542857 -0.219048
-0.52381 -0.219048
-0.504762 -0.219048
-0.485714 -0.219048
-0.466667 -0.219048
-0.447619 -0.219048
-0.428571 -0.219048
-0.409524 -0.219048
-0.390476 -0.219048
-0.371429 -0.219048
-0.352381 -0.219048
-0.333333 -0.219048
-0.314286 -0.219048
-0.295238 -0.219048
-0.27619 -0.219048
-0.257143 -0.219048
-0.238095 -0.219048
-0.219048 -0.219048
-0.2 -0.219048
-0.180952 -0.219048
-0.161905 -0.219048
-0.142857 -0.219048
-0.12381 -0.219048
-0.104762 -0.219048
-0.0857143 -0.219048
-0.0666667 -0.219048
-0.047619 -0.219048
-0.0285714 -0.219048
-0.00952381 -0.219048
0.00952381 -0.219048
0.0285714 -0.219048
0.047619 -0.219048
0.0666667 -0.219048
0.0857143 -0.219048
0.104762 -0.219048
0.12381 -0.219048
0.142857 -0.219048
0.161905 -0.219048
0.180952 -0.219048
0.2 -0.219048
0.219048 -0.219048
0.238095 -0.219048
0.257143 -0.219048
0.27619 -0.219048
0.295238 -0.219048
0.314286 -0.219048
0.333333 -0.219048
0.352381 -0.219048
0.371429 -0.219048
0.390476 -0.219048
0.409524 -0.219048
0.428571 -0.219048
0.447619 -0.219048
0.466667 -0.219048
0.485714 -0.219048
0.504762 -0.219048
0.52381 -0.219048
0.542857 -0.219048
0.561905 -0.219048
0.580952 -0.219048
0.6 -0.219048
-0.6 -0.238095
-0.580952 -0.238095
-0.561905 -0.238095
-0.542857 -0.238095
-0.52381 -0.238095
-0.504762 -0.238095
-0.485714 -0.238095
-0.466667 -0.238095
-0.447619 -0.238095
-0.428571 -0.238095
-0.409524 -0.238095
-0.390476 -0.238095
-0.371429 -0.238095
-0.352381 -0.238095
-0.333333 -0.238095
-0.314286 -0.238095
-0.295238 -0.238095
-0.27619 -0.238095
-0.257143 -0.238095
-0.238095 -0.238095
-0.219048 -0.238095
-0.2 -0.238095
-0.180952 -0.238095
-0.161905 -0.238095
-0.142857 -0.238095
-0.12381 -0.238095
-0.104762 -0.238095
-0.0857143 -0.238095
-0.0666667 -0.238095
-0.047619 -0.238095
-0.0285714 -0.238095
-0.00952381 -0.238095
0.00952381 -0.238095
0.0285714 -0.238095
0.047619 -0.238095
0.0666667 -0.238095
0.0857143 -0.238095
0.104762 -0.238095
0.12381 -0.238095
0.142857 -0.238095
0.161905 -0.238095
0.180952 -0.238095
0.2 -0.238095
0.219048 -0.238095
0.238095 -0.238095
0.257143 -0.238095
0.27619 -0.238095
0.295238 -0.238095
0.314286 -0.238095
0.333333 -0.238095
0.352381 -0.238095
0.371429 -0.238095
0.390476 -0.238095
0.409524 -0.238095
0.428571 -0.238095
0.447619 -0.238095
0.466667 -0.238095
0.485714 -0.238095
0.504762 -0.238095
0.52381 -0.238095
0.542857 -0.238095
0.561905 -0.238095
0.580952 -0.238095
0.6 -0.238095
-0.6 -0.257143
-0.580952 -0.257143
-0.561905 -0.257143
-0.542857 -0.257143
-0.52381 -0.257143
-0.504762 -0.257143
-0.485714 -0.257143
-0.466667 -0.257143
-0.447619 -0.257143
-0.428571 -0.257143
-0.409524 -0.257143
-0.390476 -0.257143
-0.371429 -0.257143
-0.352381 -0.257143
-0.333333 -0.257143
-0.314286 -0.257143
-0.295238 -0.257143
-0.27619 -0.257143
-0.257143 -0.257143
-0.238095 -0.257143
-0.219048 -0.257143
-0.2 -0.257143
-0.180952 -0.257143
-0.161905 -0.257143
-0.142857 -0.257143
-0.12381 -0.257143
-0.104762 -0.257143
-0.0857143 -0.257143
-0.0666667 -0.257143
-0.047619 -0.257143
-0.0285714 -0.257143
-0.00952381 -0.257143
0.00952381 -0.257143
0.0285714 -0.257143
0.047619 -0.257143
0.0666667 -0.257143
0.0857143 -0.257143
0.104762 -0.257143
0.12381 -0.257143
0.142857 -0.257143
0.161905 -0.257143
0.180952 -0.257143
0.2 -0.257143
0.219048 -0.257143
0.238095 -0.257143
0.257143 -0.257143
0.27619 -0.257143
0.295238 -0.257143
0.314286 -0.257143
0.333333 -0.257143
0.352381 -0.257143
0.371429 -0.257143
0.390476 -0.257143
0.409524 -0.257143
0.428571 -0.257143
0.447619 -0.257143
0.466667 -0.257143
0.485714 -0.257143
0.504762 -0.257143
0.52381 -0.257143
0.542857 -0.257143
0.561905 -0.257143
0.580952 -0.257143
0.6 -0.257143
-0.6 -0.27619
-0.580952 -0.27619
-0.561905 -0.27619
-0.542857 -0.27619
-0.52381 -0.27619
-0.504762 -0.27619
-0.485714 -0.27619
-0.466667 -0.27619
-0.447619 -0.27619
-0.428571 -0.27619
-0.409524 -0.27619
-0.390476 -0.27619
-0.371429 -0.27619
-0.352381 -0.27619
-0.333333 -0.27619
-0.314286 -0.27619
-0.295238 -0.27619
-0.27619 -0.27619
-0.257143 -0.27619
-0.238095 -0.27619
-0.219048 -0.27619
-0.2 -0.27619
-0.180952 -0.27619
-0.161905 -0.27619
-0.142857 -0.27619
-0.12381 -0.27619
-0.104762 -0.27619
-0.0857143 -0.27619
-0.0666667 -0.27619
-0.047619 -0.27619
-0.0285714 -0.27619
-0.00952381 -0.27619
0.00952381 -0.27619
0.0285714 -0.27619
0.047619 -0.27619
0.0666667 -0.27619
0.0857143 -0.27619
0.104762 -0.27619
0.12381 -0.27619
0.142857 -0.27619
0.161905 -0.27619
0.180952 -0.27619
0.2 -0.27619
0.219048 -0.27619
0.238095 -0.27619
0.257143 -0.27619
0.27619 -0.27619
0.295238 -0.27619
0.314286 -0.27619
0.333333 -0.27619
0.352381 -0.27619
0.371429 -0.27619
0.390476 -0.27619
0.409524 -0.27619
0.428571 -0.27619
0.447619 -0.27619
0.466667 -0.27619
0.485714 -0.27619
0.504762 -0.27619
0.52381 -0.27619
0.542857 -0.27619
0.561905 -0.27619
0.580952 -0.27619
0.6 -0.27619
-0.6 -0.295238
-0.580952 -0.295238
-0.561905 -0.295238
-0.542857 -0.295238
-0.52381 -0.295238
-0.504762 -0.295238
-0.485714 -0.295238
-0.466667 -0.295238
-0.447619 -0.295238
-0.428571 -0.295238
-0.409524 -0.295238
-0.390476 -0.295238
-0.371429 -0.295238
-0.352381 -0.295238
-0.333333 -0.295238
-0.314286 -0.295238
-0.295238 -0.295238
-0.27619 -0.295238
-0.257143 -0.295238
-0.238095 -0.295238
-0.219048 -0.295238
-0.2 -0.295238
-0.180952 -0.295238
-0.161905 -0.295238
-0.142857 -0.295238
-0.12381 -0.295238
-0.104762 -0.295238
-0.0857143 -0.295238
-0.0666667 -0.295238
-0.047619 -0.295238
-0.0285714 -0.295238
-0.00952381 -0.295238
0.00952381 -0.295238
0.0285714 -0.295238
0.047619 -0.295238
0.0666667 -0.295238
0.0857143 -0.295238
0.104762 -0.295238
0.12381 -0.295238
0.142857 -0.295238
0.161905 -0.295238
0.180952 -0.295238
0.2 -0.295238
0.219048 -0.295238
0.238095 -0.295238
0.257143 -0.295238
0.27619 -0.295238
0.295238 -0.295238
0.314286 -0.295238
0.333333 -0.295238
0.352381 -0.295238
0.371429 -0.295238
0.390476 -0.295238
0.409524 -0.295238
0.428571 -0.295238
0.447619 -0.295238
0.466667 -0.295238
0.485714 -0.295238
0.504762 -0.295238
0.52381 -0.295238
0.542857 -0.295238
0.561905 -0.295238
0.580952 -0.295238
0.6 -0.295238
-0.6 -0.314286
-0.580952 -0.314286
-0.561905 -0.314286
-0.542857 -0.314286
-0.52381 -0.314286
-0.504762 -0.314286
-0.485714 -0.314286
-0.466667 -0.314286
-0.447619 -0.314286
-0.428571 -0.314286
-0.409524 -0.314286
-0.390476 -0.314286
-0.371429 -0.314286
-0.352381 -0.314286
-0.333333 -0.314286
-0.314286 -0.314286
-0.295238 -0.314286
-0.27619 -0.314286
-0.257143 -0.314286
-0.238095 -0.314286
-0.219048 -0.314286
-0.2 -0.314286
-0.180952 -0.314286
-0.161905 -0.314286
-0.142857 -0.314286
-0.12381 -0.314286
-0.104762 -0.314286
-0.0857143 -0.314286
-0.0666667 -0.314286
-0.047619 -0.314286
-0.0285714 -0.314286
-0.00952381 -0.314286
0.00952381 -0.314286
0.0285714 -0.314286
0.047619 -0.314286
0.0666667 -0.314286
0.0857143 -0.314286
0.104762 -0.314286
0.12381 -0.314286
0.142857 -0.314286
0.161905 -0.314286
0.180952 -0.314286
0.2 -0.314286
0.219048 -0.314286
0.238095 -0.314286
0.257143 -0.314286
0.27619 -0.314286
0.295238 -0.314286
0.314286 -0.314286
0.333333 -0.314286
0.352381 -0.314286
0.371429 -0.314286
0.390476 -0.314286
0.409524 -0.314286
0.428571 -0.314286
0.447619 -0.314286
0.466667 -0.314286
0.485714 -0.314286
0.504762 -0.314286
0.52381 -0.314286
0.542857 -0.314286
0.561905 -0.314286
0.580952 -0.314286
0.6 -0.314286
-0.6 -0.333333
-0.580952 -0.333333
-0.561905 -0.333333
-0.542857 -0.333333
-0.52381 -0.333333
-0.504762 -0.333333
-0.485714 -0.333333
-0.466667 -0.333333
-0.447619 -0.333333
-0.428571 -0.333333
-0.409524 -0.333333
-0.390476 -0.333333
-0.371429 -0.333333
-0.352381 -0.333333
-0.333333 -0.333333
-0.314286 -0.333333
-0.295238 -0.333333
-0.27619 -0.333333
-0.257143 -0.333333
-0.238095 -0.333333
-0.219048 -0.333333
-0.2 -0.333333
-0.180952 -0.333333
-0.161905 -0.333333
-0.142857 -0.333333
-0.12381 -0.333333
-0.104762 -0.333333
-0.0857143 -0.333333
-0.0666667 -0.333333
-0.047619 -0.333333
-0.0285714 -0.333333
-0.00952381 -0.333333
0.00952381 -0.333333
0.0285714 -0.333333
0.047619 -0.333333
0.0666667 -0.333333
0.0857143 -0.333333
0.104762 -0.333333
0.12381 -0.333333
0.142857 -0.333333
0.161905 -0.333333
0.180952 -0.333333
0.2 -0.333333
0.219048 -0.333333
0.238095 -0.333333
0.257143 -0.333333
0.27619 -0.333333
0.295238 -0.333333
0.314286 -0.333333
0.333333 -0.333333
0.352381 -0.333333
0.371429 -0.333333
0.390476 -0.333333
0.409524 -0.333333
0.428571 -0.333333
0.447619 -0.333333
0.466667 -0.333333
0.485714 -0.333333
0.504762 -0.333333
0.52381 -0.333333
0.542857 -0.333333
0.561905 -0.333333
0.580952 -0.333333
0.6 -0.333333
-0.6 -0.352381
-0.580952 -0.352381
-0.561905 -0.352381
-0.542857 -0.352381
-0.52381 -0.352381
-0.504762 -0.352381
-0.485714 -0.352381
-0.466667 -0.352381
-0.447619 -0.352381
-0.428571 -0.352381
-0.409524 -0.352381
-0.390476 -0.352381
-0.371429 -0.352381
-0.352381 -0.352381
-0.333333 -0.352381
-0.314286 -0.352381
-0.295238 -0.352381
-0.27619 -0.352381
-0.257143 -0.352381
-0.238095 -0.352381
-0.219048 -0.352381
-0.2 -0.352381
-0.180952 -0.352381
-0.161905 -0.352381
-0.142857 -0.352381
-0.12381 -0.352381
-0.104762 -0.352381
-0.0857143 -0.352381
-0.0666667 -0.352381
-0.047619 -0.352381
-0.0285714 -0.352381
-0.00952381 -0.352381
0.00952381 -0.352381
0.0285714 -0.352381
0.047619 -0.352381
0.0666667 -0.352381
0.0857143 -0.352381
0.104762 -0.352381
0.12381 -0.352381
0.142857 -0.352381
0.161905 -0.352381
0.180952 -0.352381
0.2 -0.352381
0.219048 -0.352381
0.238095 -0.352381
0.257143 -0.352381
0.27619 -0.352381
0.295238 -0.352381
0.314286 -0.352381
0.333333 -0.352381
0.352381 -0.352381
0.371429 -0.352381
0.390476 -0.352381
0.409524 -0.352381
0.428571 -0.352381
0.447619 -0.352381
0.466667 -0.352381
0.485714 -0.352381
0.504762 -0.352381
0.52381 -0.352381
0.542857 -0.352381
0.561905 -0.352381
0.580952 -0.352381
0.6 -0.352381
-0.6 -0.371429
-0.580952 -0.371429
-0.561905 -0.371429
-0.542857 -0.371429
-0.52381 -0.371429
-0.504762 -0.371429
-0.485714 -0.371429
-0.466667 -0.371429
-0.447619 -0.371429
-0.428571 -0.371429
-0.409524 -0.371429
-0.390476 -0.371429
-0.371429 -0.371429
-0.352381 -0.371429
-0.333333 -0.371429
-0.314286 -0.371429
-0.295238 -0.371429
-0.27619 -0.371429
-0.257143 -0.371429
-0.238095 -0.371429
-0.219048 -0.371429
-0.2 -0.371429
-0.180952 -0.371429
-0.161905 -0.371429
-0.142857 -0.371429
-0.12381 -0.371429
-0.104762 -0.371429
-0.0857143 -0.371429
-0.0666667 -0.371429
-0.047619 -0.371429
-0.0285714 -0.371429
-0.00952381 -0.371429
0.00952381 -0.371429
0.0285714 -0.371429
0.047619 -0.371429
0.0666667 -0.371429
0.0857143 -0.371429
0.104762 -0.371429
0.12381 -0.371429
0.142857 -0.371429
0.161905 -0.371429
0.180952 -0.371429
0.2 -0.371429
0.219048 -0.371429
0.238095 -0.371429
0.257143 -0.371429
0.27619 -0.371429
0.295238 -0.371429
0.314286 -0.371429
0.333333 -0.371429
0.352381 -0.371429
0.371429 -0.371429
0.390476 -0.371429
0.409524 -0.371429
0.428571 -0.371429
0.447619 -0.371429
0.466667 -0.371429
0.485714 -0.371429
0.504762 -0.371429
0.52381 -0.371429
0.542857 -0.371429
0.561905 -0.371429
0.580952 -0.371429
0.6 -0.371429
-0.6 -0.390476
-0.580952 -0.390476
-0.561905 -0.390476
-0.542857 -0.390476
-0.52381 -0.390476
-0.504762 -0.390476
-0.485714 -0.390476
-0.466667 -0.390476
-0.447619 -0.390476
-0.428571 -0.390476
-0.409524 -0.390476
-0.390476 -0.390476
-0.371429 -0.390476
-0.352381 -0.390476
-0.333333 -0.390476
-0.314286 -0.390476
-0.295238 -0.390476
-0.27619 -0.390476
-0.257143 -0.390476
-0.238095 -0.390476
-0.219048 -0.390476
-0.2 -0.390476
-0.180952 -0.390476
-0.161905 -0.390476
-0.142857 -0.390476
-0.12381 -0.390476
-0.104762 -0.390476
-0.0857143 -0.390476
-0.0666667 -0.390476
-0.047619 -0.390476
-0.0285714 -0.390476
-0.00952381 -0.390476
0.00952381 -0.390476
0.0285714 -0.390476
0.047619 -0.390476
0.0666667 -0.390476
0.0857143 -0.390476
0.104762 -0.390476
0.12381 -0.390476
0.142857 -0.390476
0.161905 -0.390476
0.180952 -0.390476
0.2 -0.390476
0.219048 -0.390476
0.238095 -0.390476
0.257143 -0.390476
0.27619 -0.390476
0.295238 -0.390476
0.314286 -0.390476
0.333333 -0.390476
0.352381 -0.390476
0.371429 -0.390476
0.390476 -0.390476
0.409524 -0.390476
0.428571 -0.390476
0.447619 -0.390476
0.466667 -0.390476
0.485714 -0.390476
0.504762 -0.390476
0.52381 -0.390476
0.542857 -0.390476
0.561905 -0.390476
0.580952 -0.390476
0.6 -0.390476
-0.6 -0.409524
-0.580952 -0.409524
-0.561905 -0.409524
-0.542857 -0.409524
-0.52381 -0.409524
-0.504762 -0.409524
-0.485714 -0.409524
-0.466667 -0.409524
-0.447619 -0.409524
-0.428571 -0.409524
-0.409524 -0.409524
-0.390476 -0.409524
-0.371429 -0.409524
-0.352381 -0.409524
-0.333333 -0.409524
-0.314286 -0.409524
-0.295238 -0.409524
-0.27619 -0.409524
-0.257143 -0.409524
-0.238095 -0.409524
-0.219048 -0.409524
-0.2 -0.409524
-0.180952 -0.409524
-0.161905 -0.409524
-0.142857 -0.409524
-0.12381 -0.409524
-0.104762 -0.409524
-0.0857143 -0.409524
-0.0666667 -0.409524
-0.047619 -0.409524
-0.0285714 -0.409524
-0.00952381 -0.409524
0.00952381 -0.409524
0.0285714 -0.409524
0.047619 -0.409524
0.0666667 -0.409524
0.0857143 -0.409524
0.104762 -0.409524
0.12381 -0.409524
0.142857 -0.409524
0.161905 -0.409524
0.180952 -0.409524
0.2 -0.409524
0.219048 -0.409524
0.238095 -0.409524
0.257143 -0.409524
0.27619 -0.409524
0.295238 -0.409524
0.314286 -0.409524
0.333333 -0.409524
0.352381 -0.409524
0.371429 -0.409524
0.390476 -0.409524
0.409524 -0.409524
0.428571 -0.409524
0.447619 -0.409524
0.466667 -0.409524
0.485714 -0.409524
0.504762 -0.409524
0.52381 -0.409524
0.542857 -0.409524
0.561905 -0.409524
0.580952 -0.409524
0.6 -0.409524
-0.6 -0.428571
-0.580952 -0.428571
-0.561905 -0.428571
-0.542857 -0.428571
-0.52381 -0.428571
-0.504762 -0.428571
-0.485714 -0.428571
-0.466667 -0.428571
-0.447619 -0.428571
-0.428571 -0.428571
-0.409524 -0.428571
-0.390476 -0.428571
-0.371429 -0.428571
-0.352381 -0.428571
-0.333333 -0.428571
-0.314286 -0.428571
-0.295238 -0.428571
-0.27619 -0.428571
-0.257143 -0.428571
-0.238095 -0.428571
-0.219048 -0.428571
-0.2 -0.428571
-0.180952 -0.428571
-0.161905 -0.428571
-0.142857 -0.428571
-0.12381 -0.428571
-0.104762 -0.428571
-0.0857143 -0.428571
-0.0666667 -0.428571
-0.047619 -0.428571
-0.0285714 -0.428571
-0.00952381 -0.428571
0.00952381 -0.428571
0.0285714 -0.428571
0.047619 -0.428571
0.0666667 -0.428571
0.0857143 -0.428571
0.104762 -0.428571
0.12381 -0.428571
0.142857 -0.428571
0.161905 -0.428571
0.180952 -0.428571
0.2 -0.428571
0.219048 -0.428571
0.238095 -0.428571
0.257143 -0.428571
0.27619 -0.428571
0.295238 -0.428571
0.314286 -0.428571
0.333333 -0.428571
0.352381 -0.428571
0.371429 -0.428571
0.390476 -0.428571
0.409524 -0.428571
0.428571 -0.428571
0.447619 -0.428571
0.466667 -0.428571
0.485714 -0.428571
0.504762 -0.428571
0.52381 -0.428571
0.542857 -0.428571
0.561905 -0.428571
0.580952 -0.428571
0.6 -0.428571
-0.6 -0.447619
-0.580952 -0.447619
-0.561905 -0.447619
-0.542857 -0.447619
-0.52381 -0.447619
-0.504762 -0.447619
-0.485714 -0.447619
-0.466667 -0.447619
-0.447619 -0.447619
-0.428571 -0.447619
-0.409524 -0.447619
-0.390476 -0.447619
-0.371429 -0.447619
-0.352381 -0.447619
-0.333333 -0.447619
-0.314286 -0.447619
-0.295238 -0.447619
-0.27619 -0.447619
-0.257143 -0.447619
-0.238095 -0.447619
-0.219048 -0.447619
-0.2 -0.447619
-0.180952 -0.447619
-0.161905 -0.447619
-0.142857 -0.447619
-0.12381 -0.447619
-0.104762 -0.447619
-0.0857143 -0.447619
-0.0666667 -0.447619
-0.047619 -0.447619
-0.0285714 -0.447619
-0.00952381 -0.447619
0.00952381 -0.447619
0.0285714 -0.447619
0.047619 -0.447619
0.0666667 -0.447619
0.0857143 -0.447619
0.104762 -0.447619
0.12381 -0.447619
0.142857 -0.447619
0.161905 -0.447619
0.180952 -0.447619
0.2 -0.447619
0.219048 -0.447619
0.238095 -0.447619
0.257143 -0.447619
0.27619 -0.447619
0.295238 -0.447619
0.314286 -0.447619
0.333333 -0.447619
0.352381 -0.447619
0.371429 -0.447619
0.390476 -0.447619
0.409524 -0.447619
0.428571 -0.447619
0.447619 -0.447619
0.466667 -0.447619
0.485714 -0.447619
0.504762 -0.447619
0.52381 -0.447619
0.542857 -0.447619
0.561905 -0.447619
0.580952 -0.447619
0.6 -0.447619
-0.6 -0.466667
-0.580952 -0.466667
-0.561905 -0.466667
-0.542857 -0.466667
-0.52381 -0.466667
-0.504762 -0.466667
-0.485714 -0.466667
-0.466667 -0.466667
-0.447619 -0.466667
-0.428571 -0.466667
-0.409524 -0.466667
-0.390476 -0.466667
-0.371429 -0.466667
-0.352381 -0.466667
-0.333333 -0.466667
-0.314286 -0.466667
-0.295238 -0.466667
-0.27619 -0.466667
-0.257143 -0.466667
-0.238095 -0.466667
-0.219048 -0.466667
-0.2 -0.466667
-0.180952 -0.466667
-0.161905 -0.466667
-0.142857 -0.466667
-0.12381 -0.466667
-0.104762 -0.466667
-0.0857143 -0.466667
-0.0666667 -0.466667
-0.047619 -0.466667
-0.0285714 -0.466667
-0.00952381 -0.466667
0.00952381 -0.466667
0.0285714 -0.466667
0.047619 -0.466667
0.0666667 -0.466667
0.0857143 -0.466667
0.104762 -0.466667
0.12381 -0.466667
0.142857 -0.466667
0.161905 -0.466667
0.180952 -0.466667
0.2 -0.466667
0.219048 -0.466667
0.238095 -0.466667
0.257143 -0.466667
0.27619 -0.466667
0.295238 -0.466667
0.314286 -0.466667
0.333333 -0.466667
0.352381 -0.466667
0.371429 -0.466667
0.390476 -0.466667
0.409524 -0.466667
0.428571 -0.466667
0.447619 -0.466667
0.466667 -0.466667
0.485714 -0.466667
0.504762 -0.466667
0.52381 -0.466667
0.542857 -0.466667
0.561905 -0.466667
0.580952 -0.466667
0.6 -0.466667
-0.6 -0.485714
-0.580952 -0.485714
-0.561905 -0.485714
-0.542857 -0.485714
-0.52381 -0.485714
-0.504762 -0.485714
-0.485714 -0.485714
-0.466667 -0.485714
-0.447619 -0.485714
-0.428571 -0.485714
-0.409524 -0.485714
-0.390476 -0.485714
-0.371429 -0.485714
-0.352381 -0.485714
-0.333333 -0.485714
-0.314286 -0.485714
-0.295238 -0.485714
-0.27619 -0.485714
-0.257143 -0.485714
-0.238095 -0.485714
-0.219048 -0.485714
-0.2 -0.485714
-0.180952 -0.485714
-0.161905 -0.485714
-0.142857 -0.485714
-0.12381 -0.485714
-0.104762 -0.485714
-0.0857143 -0.485714
-0.0666667 -0.485714
-0.047619 -0.485714
-0.0285714 -0.485714
-0.00952381 -0.485714
0.00952381 -0.485714
0.0285714 -0.485714
0.047619 -0.485714
0.0666667 -0.485714
0.0857143 -0.485714
0.104762 -0.485714
0.12381 -0.485714
0.142857 -0.485714
0.161905 -0.485714
0.180952 -0.485714
0.2 -0.485714
0.219048 -0.485714
0.238095 -0.485714
0.257143 -0.485714
0.27619 -0.485714
0.295238 -0.485714
0.314286 -0.485714
0.333333 -0.485714
0.352381 -0.485714
0.371429 -0.485714
0.390476 -0.485714
0.409524 -0.485714
0.428571 -0.485714
0.447619 -0.485714
0.466667 -0.485714
0.485714 -0.485714
0.504762 -0.485714
0.52381 -0.485714
0.542857 -0.485714
0.561905 -0.485714
0.580952 -0.485714
0.6 -0.485714
-0.6 -0.504762
-0.580952 -0.504762
-0.561905 -0.504762
-0.542857 -0.504762
-0.52381 -0.504762
-0.504762 -0.504762
-0.485714 -0.504762
-0.466667 -0.504762
-0.447619 -0.504762
-0.428571 -0.504762
-0.409524 -0.504762
-0.390476 -0.504762
-0.371429 -0.504762
-0.352381 -0.504762
-0.333333 -0.504762
-0.314286 -0.504762
-0.295238 -0.504762
-0.27619 -0.504762
-0.257143 -0.504762
-0.238095 -0.504762
-0.219048 -0.504762
-0.2 -0.504762
-0.180952 -0.504762
-0.161905 -0.504762
-0.142857 -0.504762
-0.12381 -0.504762
-0.104762 -0.504762
-0.0857143 -0.504762
-0.0666667 -0.504762
-0.047619 -0.504762
-0.0285714 -0.504762
-0.00952381 -0.504762
0.00952381 -0.504762
0.0285714 -0.504762
0.047619 -0.504762
0.0666667 -0.504762
0.0857143 -0.504762
0.104762 -0.504762
0.12381 -0.504762
0.142857 -0.504762
0.161905 -0.504762
0.180952 -0.504762
0.2 -0.504762
0.219048 -0.504762
0.238095 -0.504762
0.257143 -0.504762
0.27619 -0.504762
0.295238 -0.504762
0.314286 -0.504762
0.333333 -0.504762
0.352381 -0.504762
0.371429 -0.504762
0.390476 -0.504762
0.409524 -0.504762
0.428571 -0.504762
0.447619 -0.504762
0.466667 -0.504762
0.485714 -0.504762
0.504762 -0.504762
0.52381 -0.504762
0.542857 -0.504762
0.561905 -0.504762
0.580952 -0.504762
0.6 -0.504762
-0.6 -0.52381
-0.580952 -0.52381
-0.561905 -0.52381
-0.542857 -0.52381
-0.52381 -0.52381
-0.504762 -0.52381
-0.485714 -0.52381
-0.466667 -0.52381
-0.447619 -0.52381
-0.428571 -0.52381
-0.409524 -0.52381
-0.390476 -0.52381
-0.371429 -0.52381
-0.352381 -0.52381
-0.333333 -0.52381
-0.314286 -0.52381
-0.295238 -0.52381
-0.27619 -0.52381
-0.257143 -0.52381
-0.238095 -0.52381
-0.219048 -0.52381
-0.2 -0.52381
-0.180952 -0.52381
-0.161905 -0.52381
-0.142857 -0.52381
-0.12381 -0.52381
-0.104762 -0.52381
-0.0857143 -0.52381
-0.0666667 -0.52381
-0.047619 -0.52381
-0.0285714 -0.52381
-0.00952381 -0.52381
0.00952381 -0.52381
0.0285714 -0.52381
0.047619 -0.52381
0.0666667 -0.52381
0.0857143 -0.52381
0.104762 -0.52381
0.12381 -0.52381
0.142857 -0.52381
0.161905 -0.52381
0.180952 -0.52381
0.2 -0.52381
0.219048 -0.52381
0.238095 -0.52381
0.257143 -0.52381
0.27619 -0.52381
0.295238 -0.52381
0.314286 -0.52381
0.333333 -0.52381
0.352381 -0.52381
0.371429 -0.52381
0.390476 -0.52381
0.409524 -0.52381
0.428571 -0.52381
0.447619 -0.52381
0.466667 -0.52381
0.485714 -0.52381
0.504762 -0.52381
0.52381 -0.52381
0.542857 -0.52381
0.561905 -0.52381
0.580952 -0.52381
0.6 -0.52381
-0.6 -0.542857
-0.580952 -0.542857
-0.561905 -0.542857
-0.542857 -0.542857
-0.52381 -0.542857
-0.504762 -0.542857
-0.485714 -0.542857
-0.466667 -0.542857
-0.447619 -0.542857
-0.428571 -0.542857
-0.409524 -0.542857
-0.390476 -0.542857
-0.371429 -0.542857
-0.352381 -0.542857
-0.333333 -0.542857
-0.314286 -0.542857
-0.295238 -0.542857
-0.27619 -0.542857
-0.257143 -0.542857
-0.238095 -0.542857
-0.219048 -0.542857
-0.2 -0.542857
-0.180952 -0.542857
-0.161905 -0.542857
-0.142857 -0.542857
-0.12381 -0.542857
-0.104762 -0.542857
-0.0857143 -0.542857
-0.0666667 -0.542857
-0.047619 -0.542857
-0.0285714 -0.542857
-0.00952381 -0.542857
0.00952381 -0.542857
0.0285714 -0.542857
0.047619 -0.542857
0.0666667 -0.542857
0.0857143 -0.542857
0.104762 -0.542857
0.12381 -0.542857
0.142857 -0.542857
0.161905 -0.542857
0.180952 -0.542857
0.2 -0.542857
0.219048 -0.542857
0.238095 -0.542857
0.257143 -0.542857
0.27619 -0.542857
0.295238 -0.542857
0.314286 -0.542857
0.333333 -0.542857
0.352381 -0.542857
0.371429 -0.542857
0.390476 -0.542857
0.409524 -0.542857
0.428571 -0.542857
0.447619 -0.542857
0.466667 -0.542857
0.485714 -0.542857
0.504762 -0.542857
0.52381 -0.542857
0.542857 -0.542857
0.561905 -0.542857
0.580952 -0.542857
0.6 -0.542857
-0.6 -0.561905
-0.580952 -0.561905
-0.561905 -0.561905
-0.542857 -0.561905
-0.52381 -0.561905
-0.504762 -0.561905
-0.485714 -0.561905
-0.466667 -0.561905
-0.447619 -0.561905
-0.428571 -0.561905
-0.409524 -0.561905
-0.390476 -0.561905
-0.371429 -0.561905
-0.352381 -0.561905
-0.333333 -0.561905
-0.314286 -0.561905
-0.295238 -0.561905
-0.27619 -0.561905
-0.257143 -0.561905
-0.238095 -0.561905
-0.219048 -0.561905
-0.2 -0.561905
-0.180952 -0.561905
-0.161905 -0.561905
-0.142857 -0.561905
-0.12381 -0.561905
-0.104762 -0.561905
-0.0857143 -0.561905
-0.0666667 -0.561905
-0.047619 -0.561905
-0.0285714 -0.561905
-0.00952381 -0.561905
0.00952381 -0.561905
0.0285714 -0.561905
0.047619 -0.561905
0.0666667 -0.561905
0.0857143 -0.561905
0.104762 -0.561905
0.12381 -0.561905
0.142857 -0.561905
0.161905 -0.561905
0.180952 -0.561905
0.2 -0.561905
0.219048 -0.561905
0.238095 -0.561905
0.257143 -0.561905
0.27619 -0.561905
0.295238 -0.561905
0.314286 -0.561905
0.333333 -0.561905
0.352381 -0.561905
0.371429 -0.561905
0.390476 -0.561905
0.409524 -0.561905
0.428571 -0.561905
0.447619 -0.561905
0.466667 -0.561905
0.485714 -0.561905
0.504762 -0.561905
0.52381 -0.561905
0.542857 -0.561905
0.561905 -0.561905
0.580952 -0.561905
0.6 -0.561905
-0.6 -0.580952
-0.580952 -0.580952
-0.561905 -0.580952
-0.542857 -0.580952
-0.52381 -0.580952
-0.504762 -0.580952
-0.485714 -0.580952
-0.466667 -0.580952
-0.447619 -0.580952
-0.428571 -0.580952
-0.409524 -0.580952
-0.390476 -0.580952
-0.371429 -0.580952
-0.352381 -0.580952
-0.333333 -0.580952
-0.314286 -0.580952
-0.295238 -0.580952
-0.27619 -0.580952
-0.257143 -0.580952
-0.238095 -0.580952
-0.219048 -0.580952
-0.2 -0.580952
-0.180952 -0.580952
-0.161905 -0.580952
-0.142857 -0.580952
-0.12381 -0.580952
-0.104762 -0.580952
-0.0857143 -0.580952
-0.0666667 -0.580952
-0.047619 -0.580952
-0.0285714 -0.580952
-0.00952381 -0.580952
0.00952381 -0.580952
0.0285714 -0.580952
0.047619 -0.580952
0.0666667 -0.580952
0.0857143 -0.580952
0.104762 -0.580952
0.12381 -0.580952
0.142857 -0.580952
0.161905 -0.580952
0.180952 -0.580952
0.2 -0.580952
0.219048 -0.580952
0.238095 -0.580952
0.257143 -0.580952
0.27619 -0.580952
0.295238 -0.580952
0.314286 -0.580952
0.333333 -0.580952
0.352381 -0.580952
0.371429 -0.580952
0.390476 -0.580952
0.409524 -0.580952
0.428571 -0.580952
0.447619 -0.580952
0.466667 -0.580952
0.485714 -0.580952
0.504762 -0.580952
0.52381 -0.580952
0.542857 -0.580952
0.561905 -0.580952
0.580952 -0.580952
0.6 -0.580952
-0.6 -0.6
-0.580952 -0.6
-0.561905 -0.6
-0.542857 -0.6
-0.52381 -0.6
-0.504762 -0.6
-0.485714 -0.6
-0.466667 -0.6
-0.447619 -0.6
-0.428571 -0.6
-0.409524 -0.6
-0.390476 -0.6
-0.371429 -0.6
-0.352381 -0.6
-0.333333 -0.6
-0.314286 -0.6
-0.295238 -0.6
-0.27619 -0.6
-0.257143 -0.6
-0.238095 -0.6
-0.219048 -0.6
-0.2 -0.6
-0.180952 -0.6
-0.161905 -0.6
-0.142857 -0.6
-0.12381 -0.6
-0.104762 -0.6
-0.0857143 -0.6
-0.0666667 -0.6
-0.047619 -0.6
-0.0285714 -0.6
-0.00952381 -0.6
0.00952381 -0.6
0.0285714 -0.6
0.047619 -0.6
0.0666667 -0.6
0.0857143 -0.6
0.104762 -0.6
0.12381 -0.6
0.142857 -0.6
0.161905 -0.6
0.180952 -0.6
0.2 -0.6
0.219048 -0.6
0.238095 -0.6
0.257143 -0.6
0.27619 -0.6
0.295238 -0.6
0.314286 -0.6
0.333333 -0.6
0.352381 -0.6
0.371429 -0.6
0.390476 -0.6
0.409524 -0.6
0.428571 -0.6
0.447619 -0.6
0.466667 -0.6
0.485714 -0.6
0.504762 -0.6
0.52381 -0.6
0.542857 -0.6
0.561905 -0.6
0.580952 -0.6
0.6 -0.6
