-0.6 0.6
-0.428571 0.6
-0.257143 0.6
-0.0857143 0.6
0.0857143 0.6
0.257143 0.6
0.428571 0.6
0.6 0.6
-0.6 0.428571
-0.428571 0.428571
-0.257143 0.428571
-0.0857143 0.428571
0.0857143 0.428571
0.257143 0.428571
0.428571 0.428571
0.6 0.428571
-0.6 0.257143
-0.428571 0.257143
-0.257143 0.257143
-0.0857143 0.257143
0.0857143 0.257143
0.257143 0.257143
0.428571 0.257143
0.6 0.257143
-0.6 0.0857143
-0.428571 0.0857143
-0.257143 0.0857143
-0.0857143 0.0857143
0.0857143 0.0857143
0.257143 0.0857143
0.428571 0.0857143
0.6 0.0857143
-0.6 -0.0857143
-0.428571 -0.0857143
-0.257143 -0.0857143
-0.0857143 -0.0857143
0.0857143 -0.0857143
0.257143 -0.0857143
0.428571 -0.0857143
0.6 -0.0857143
-0.6 -0.257143
-0.428571 -0.257143
-0.257143 -0.257143
-0.0857143 -0.257143
0.0857143 -0.257143
0.257143 -0.257143
0.428571 -0.257143
0.6 -0.257143
-0.6 -0.428571
-0.428571 -0.428571
-0.257143 -0.428571
-0.0857143 -0.428571
0.0857143 -0.428571
0.257143 -0.428571
0.428571 -0.428571
0.6 -0.428571
-0.6 -0.6
-0.428571 -0.6
-0.257143 -0.6
-0.0857143 -0.6
0.0857143 -0.6
0.257143 -0.6
0.428571 -0.6
0.6 -0.6
