433 443 435 
310 286 297 
5 3 12 
34 45 48 
48 45 63 
34 48 38 
38 48 58 
191 173 197 
160 136 146 
223 248 235 
63 45 57 
445 437 447 
445 443 433 
433 437 445 
426 434 440 
419 434 426 
166 179 192 
255 269 247 
321 310 297 
332 310 321 
332 321 346 
346 321 334 
356 334 344 
356 346 334 
263 249 275 
192 179 204 
264 239 250 
371 362 350 
335 357 347 
375 353 364 
26 12 14 
14 3 1 
14 12 3 
43 32 26 
18 12 26 
26 32 18 
5 12 18 
17 25 10 
49 38 58 
30 25 17 
38 49 30 
41 25 30 
30 49 41 
34 38 22 
22 30 17 
38 30 22 
169 173 191 
172 160 146 
172 185 160 
85 74 95 
223 235 211 
211 197 223 
191 197 211 
345 361 342 
248 274 261 
261 235 248 
418 426 431 
431 426 440 
420 400 409 
380 400 390 
380 390 369 
369 358 380 
411 419 401 
401 390 411 
390 400 411 
411 400 420 
112 98 99 
99 98 78 
208 221 195 
222 210 196 
181 166 192 
297 286 273 
286 269 273 
269 255 273 
247 221 234 
234 255 247 
234 221 208 
208 210 234 
441 435 443 
429 435 441 
441 438 429 
425 417 408 
408 388 398 
334 321 309 
309 321 297 
378 356 368 
368 392 378 
368 356 344 
367 356 378 
346 356 367 
365 388 374 
344 333 355 
355 368 344 
374 368 355 
355 365 374 
232 220 245 
245 257 232 
232 257 244 
70 58 82 
70 49 58 
50 62 68 
250 263 277 
277 264 250 
228 239 252 
239 264 252 
410 426 418 
401 419 410 
419 426 410 
347 357 370 
371 350 359 
359 382 371 
359 370 382 
347 370 359 
325 335 347 
311 335 325 
302 312 326 
348 358 369 
336 358 348 
369 357 348 
357 335 348 
353 330 340 
364 353 340 
329 340 317 
317 340 330 
341 330 353 
433 435 422 
422 435 429 
429 414 422 
396 414 407 
353 375 366 
354 341 366 
366 341 353 
363 339 351 
386 375 364 
396 375 386 
383 362 371 
436 444 446 
29 43 26 
29 24 40 
26 14 29 
14 24 29 
32 43 52 
52 43 61 
61 74 52 
176 169 191 
145 169 176 
149 169 145 
173 169 149 
68 80 59 
59 50 68 
40 50 59 
84 74 61 
84 95 74 
238 263 250 
249 263 238 
190 204 179 
175 185 200 
160 185 175 
125 113 136 
77 57 73 
63 57 77 
89 77 73 
101 77 89 
349 327 342 
349 358 336 
336 327 349 
360 361 379 
360 342 361 
360 349 342 
284 303 291 
284 261 274 
336 348 324 
324 335 311 
324 348 335 
442 431 440 
389 409 400 
400 380 389 
393 409 389 
428 434 419 
419 411 428 
428 411 420 
79 100 87 
87 78 65 
99 78 87 
96 100 79 
20 42 28 
67 56 79 
67 51 56 
65 51 67 
67 87 65 
79 87 67 
151 161 170 
170 161 183 
208 195 183 
183 195 170 
183 161 171 
171 196 183 
183 210 208 
183 196 210 
111 100 123 
123 134 111 
99 87 111 
111 87 100 
171 161 147 
233 244 258 
260 273 255 
388 408 399 
374 388 399 
399 417 406 
399 408 417 
344 334 320 
334 309 320 
320 333 344 
320 308 333 
384 368 374 
392 368 384 
374 399 384 
406 392 384 
384 399 406 
131 155 139 
144 131 120 
144 155 131 
343 355 333 
365 355 343 
354 365 343 
256 267 281 
242 267 256 
257 245 268 
245 256 268 
281 294 268 
268 256 281 
270 244 257 
283 258 270 
270 258 244 
35 25 41 
41 53 35 
44 53 62 
62 50 44 
44 35 53 
288 277 263 
288 263 275 
288 312 302 
302 277 288 
228 252 240 
290 277 302 
264 277 290 
316 339 329 
266 240 252 
402 410 418 
418 413 402 
381 390 401 
381 370 357 
369 390 381 
381 357 369 
382 370 391 
391 402 382 
410 402 391 
370 381 391 
401 410 391 
391 381 401 
311 325 299 
275 287 299 
299 287 311 
299 288 275 
299 325 312 
312 288 299 
337 326 312 
347 359 337 
337 359 350 
350 326 337 
337 325 347 
312 325 337 
338 326 350 
338 362 351 
338 350 362 
306 317 330 
306 294 281 
429 438 424 
424 414 429 
424 407 414 
387 375 396 
387 366 375 
387 407 398 
396 407 387 
376 363 385 
376 386 364 
339 363 352 
329 339 352 
352 340 329 
364 340 352 
352 376 364 
363 376 352 
397 385 405 
397 376 385 
386 376 397 
362 383 373 
351 362 373 
373 363 351 
385 363 373 
405 385 394 
385 373 394 
394 373 383 
444 436 430 
430 442 444 
431 442 430 
430 413 418 
418 431 430 
439 446 447 
439 436 446 
447 437 439 
31 50 40 
40 24 31 
31 44 50 
11 14 1 
11 24 14 
79 56 75 
75 66 86 
75 96 79 
86 96 75 
85 97 76 
76 97 86 
86 66 76 
46 42 33 
33 42 20 
21 18 32 
23 9 21 
132 149 145 
69 59 80 
69 84 61 
40 59 47 
47 29 40 
43 29 47 
61 43 47 
47 69 61 
59 69 47 
166 181 156 
156 181 167 
166 156 142 
142 156 129 
94 80 105 
94 69 80 
84 69 94 
250 239 227 
227 238 250 
249 238 224 
165 190 179 
141 153 165 
160 175 150 
138 125 150 
136 160 150 
150 125 136 
164 177 188 
164 153 140 
152 164 140 
177 164 152 
188 177 201 
212 224 201 
187 175 200 
187 201 177 
200 212 187 
212 201 187 
113 125 102 
126 152 140 
138 152 126 
62 53 71 
90 77 101 
90 101 113 
90 102 82 
113 102 90 
88 89 73 
145 135 124 
109 132 124 
124 132 145 
145 176 158 
158 135 145 
146 135 158 
158 172 146 
186 172 158 
158 176 186 
289 279 301 
301 279 291 
342 327 313 
291 303 313 
313 301 291 
327 301 313 
298 322 303 
298 284 274 
303 284 298 
261 284 253 
235 261 253 
275 249 262 
262 287 275 
300 324 311 
311 287 300 
225 211 235 
243 215 225 
235 253 225 
225 253 243 
186 215 199 
199 172 186 
185 172 199 
358 349 372 
349 360 372 
372 380 358 
372 389 380 
372 360 379 
372 379 393 
393 389 372 
108 96 86 
120 131 108 
108 97 120 
86 97 108 
123 100 117 
100 96 117 
117 139 123 
96 108 117 
131 139 117 
117 108 131 
37 42 56 
37 28 42 
56 51 37 
134 147 121 
99 111 121 
121 111 134 
121 112 99 
171 147 159 
159 147 134 
222 196 209 
232 244 219 
219 244 233 
293 267 280 
317 306 293 
281 267 293 
293 306 281 
182 157 167 
255 234 236 
236 260 255 
236 210 222 
236 234 210 
233 258 246 
246 236 222 
260 236 246 
222 209 246 
246 209 233 
283 308 296 
296 320 309 
308 320 296 
297 273 285 
273 260 285 
285 309 297 
285 296 309 
163 139 155 
231 256 245 
231 245 220 
220 206 231 
242 256 231 
231 218 242 
206 218 231 
8 13 6 
25 35 19 
8 10 19 
19 10 25 
19 13 8 
35 44 27 
13 19 27 
27 19 35 
44 31 27 
280 267 254 
254 267 242 
254 266 280 
240 266 254 
304 290 315 
326 338 315 
302 326 315 
315 290 302 
278 290 304 
278 266 252 
278 252 264 
264 290 278 
305 293 280 
317 293 305 
329 317 305 
305 316 329 
280 266 292 
292 305 280 
292 278 304 
266 278 292 
304 316 292 
316 305 292 
395 402 413 
395 383 371 
371 382 395 
382 402 395 
328 316 304 
304 315 328 
328 315 338 
328 338 351 
351 339 328 
339 316 328 
432 424 438 
425 408 416 
416 432 425 
424 432 416 
407 424 416 
416 408 398 
398 407 416 
366 387 377 
388 365 377 
398 388 377 
377 387 398 
377 365 354 
354 366 377 
415 397 405 
433 422 415 
404 414 396 
404 422 414 
396 386 404 
386 397 404 
404 415 422 
397 415 404 
405 394 412 
13 27 15 
15 27 31 
15 31 24 
24 11 15 
56 42 55 
55 75 56 
66 75 55 
46 66 55 
55 42 46 
16 9 23 
16 33 20 
23 33 16 
5 18 7 
18 21 7 
7 21 9 
32 52 39 
39 21 32 
167 157 143 
143 156 167 
143 119 129 
129 156 143 
119 143 130 
130 143 157 
130 144 120 
157 144 130 
85 95 107 
95 119 107 
107 97 85 
119 130 107 
120 97 107 
107 130 120 
179 166 154 
166 142 154 
154 165 179 
141 165 154 
118 94 105 
118 142 129 
216 227 239 
204 190 216 
216 239 228 
228 204 216 
203 216 190 
227 216 203 
214 224 238 
214 203 188 
188 201 214 
214 201 224 
238 227 214 
227 203 214 
162 152 138 
138 150 162 
162 150 175 
175 187 162 
177 152 162 
162 187 177 
140 153 127 
116 104 127 
141 116 127 
127 153 141 
93 104 83 
62 71 83 
83 71 93 
68 62 83 
115 126 140 
115 104 93 
140 127 115 
115 127 104 
114 102 125 
114 125 138 
138 126 114 
60 71 53 
60 53 41 
41 49 60 
49 70 60 
63 77 72 
77 90 72 
72 90 82 
82 58 72 
72 48 63 
58 48 72 
110 124 135 
101 89 110 
89 88 110 
110 88 109 
109 124 110 
289 301 314 
314 300 289 
314 327 336 
314 301 327 
336 324 314 
324 300 314 
303 322 323 
323 313 303 
323 322 345 
345 342 323 
342 313 323 
271 284 291 
271 253 284 
291 279 271 
243 253 271 
249 224 237 
237 262 249 
237 224 212 
237 251 262 
202 225 215 
202 215 186 
191 211 202 
211 225 202 
202 176 191 
186 176 202 
200 185 213 
185 199 213 
265 279 289 
276 300 287 
287 262 276 
262 251 276 
251 265 276 
289 300 276 
276 265 289 
137 121 147 
137 147 161 
133 112 137 
112 121 137 
137 151 133 
161 151 137 
148 134 123 
148 159 134 
123 139 148 
174 159 148 
148 163 174 
139 163 148 
184 209 196 
184 159 174 
184 196 171 
171 159 184 
198 184 174 
209 184 198 
233 209 198 
198 219 233 
207 220 232 
232 219 207 
155 144 168 
168 144 157 
157 182 168 
205 181 192 
206 182 193 
193 218 206 
193 182 167 
193 205 218 
167 181 193 
181 205 193 
283 296 272 
272 258 283 
272 285 260 
296 285 272 
272 246 258 
260 246 272 
294 306 318 
318 307 294 
330 341 318 
318 306 330 
282 268 294 
294 307 282 
257 268 282 
282 270 257 
242 218 230 
230 254 242 
218 205 230 
240 254 230 
413 430 421 
421 430 436 
405 412 423 
423 415 405 
423 437 433 
433 415 423 
4 6 13 
13 15 4 
64 39 52 
64 52 74 
64 74 85 
85 76 64 
23 21 36 
21 39 36 
46 33 36 
36 33 23 
141 154 128 
128 116 141 
128 154 142 
142 118 128 
105 116 128 
128 118 105 
84 94 106 
94 118 106 
95 84 106 
106 118 129 
106 119 95 
129 119 106 
178 165 153 
188 203 178 
190 165 178 
178 203 190 
178 164 188 
153 164 178 
92 104 116 
92 83 104 
92 116 105 
105 80 92 
92 80 68 
68 83 92 
82 102 91 
102 114 91 
91 70 82 
101 110 122 
122 110 135 
113 101 122 
122 135 146 
146 136 122 
136 113 122 
279 265 259 
243 271 259 
259 271 279 
251 237 226 
226 237 212 
226 212 200 
200 213 226 
241 265 251 
251 226 241 
241 226 213 
241 259 265 
219 198 189 
189 207 219 
174 163 189 
189 198 174 
217 205 192 
228 240 217 
240 230 217 
217 230 205 
217 204 228 
192 204 217 
319 343 333 
333 308 319 
283 270 295 
270 282 295 
295 308 283 
295 319 308 
295 282 307 
307 319 295 
403 421 412 
383 395 403 
403 395 413 
413 421 403 
403 394 383 
403 412 394 
412 421 427 
427 423 412 
436 439 427 
427 421 436 
427 439 437 
437 423 427 
2 15 11 
2 4 15 
2 11 1 
39 64 54 
54 36 39 
46 36 54 
54 64 76 
54 66 46 
54 76 66 
93 71 81 
70 91 81 
81 60 70 
71 60 81 
103 114 126 
103 91 114 
103 81 91 
93 81 103 
103 115 93 
126 115 103 
243 259 229 
259 241 229 
229 215 243 
229 241 213 
229 199 215 
229 213 199 
207 189 180 
155 168 180 
180 163 155 
180 189 163 
307 318 331 
331 319 307 
331 341 354 
331 318 341 
354 343 331 
343 319 331 
220 207 194 
207 180 194 
194 180 168 
194 206 220 
194 182 206 
194 168 182 
