-5.0441506560156046 0.1171494538237561 
-5.0332924010746449 -0.3339767053079964 
-4.9915222144248252 -0.7247486226820501 
-4.9166873721397186 -1.1322178287332498 
-4.8146846526684888 -1.5207700559965427 
-4.6663907784723904 -1.9196719613900635 
-4.4820188472483338 -2.3147648802768455 
-4.2594064736759911 -2.7020526009255224 
-4.0012240498262956 -3.0776580459171528 
-3.6969145970583548 -3.4331487284266653 
-3.3461214853599612 -3.7740705235823038 
-3.0160358122293269 -4.0507133499578618 
-2.6127445850255948 -4.3165675472762324 
-2.2434787642412490 -4.5184127375251739 
-1.8067020325604375 -4.7092028296846555 
-1.4055794560503443 -4.8457445345522396 
-0.9311296543622264 -4.9599564946871917 
-0.4628730688201285 -5.0268174377308830 
0.0140067162508966 -5.0493007683428202 
0.5025126093090154 -5.0248230035192645 
0.9984773361909168 -4.9495697261510436 
1.4122589076566221 -4.8439957812047441 
1.8446416814256155 -4.6948851884914422 
2.2874779593755812 -4.4960025014231277 
2.6603160012534963 -4.2862489418644376 
3.0636390929108779 -4.0126646831233073 
3.3971892140695479 -3.7290240809936424 
3.7467438962035615 -3.3771406753493221 
4.0528978477184721 -3.0131755989851885 
4.3114722485494088 -2.6207564739374440 
4.5345001065527279 -2.2120963474747946 
4.7182951282243097 -1.7824403126018036 
4.8695689129523307 -1.3146423281283326 
4.9652561697619255 -0.8967037223467695 
5.0280461478470739 -0.4384315062835475 
5.0467549810258170 0.0650088307363533 
5.0192481474458015 0.5411611017251520 
4.9519427410936521 0.9831197557347716 
4.8278309059087796 1.4733773745488490 
4.6681647904226473 1.9150170205097965 
4.4732550494061449 2.3317813908311016 
4.2443834315897009 2.7252507551712037 
3.9868901887721910 3.0951652769219891 
3.6948986466569886 3.4354197468807612 
3.3749393294914092 3.7487029837385850 
3.0631451706741992 4.0131045806362513 
2.7194585518636911 4.2481024184370684 
2.3664590802947125 4.4553350962592235 
2.0031093848889516 4.6358506676747870 
1.6046072133420284 4.7841729953158216 
1.2004186431722448 4.8991839978365794 
0.7905687160664205 4.9815015789838455 
0.3628099766727945 5.0318453095683848 
-0.0828818756971231 5.0458624780049401 
-0.5586367209486247 5.0166638490793334 
-0.9714683352637403 4.9537451728277135 
-1.3816140912724004 4.8520463733850603 
-1.7727188739104029 4.7219372608656744 
-2.1451193174606562 4.5673818522634466 
-2.4975884022382764 4.3863261540588141 
-2.8573662802424566 4.1574150348541359 
-3.1745638887560541 3.9210581276103946 
-3.5169278026571136 3.6222687142829533 
-3.8001664793132708 3.3162591491686544 
-4.0601440715090646 3.0007235043410647 
-4.2898670197341975 2.6546414731121031 
-4.5048098985001914 2.2701751893829729 
-4.6965964359639711 1.8401471854362474 
-4.8356342209445717 1.4439487477755548 
-4.9497469291861114 1.0021964041150089 
-5.0210391113631223 0.5294378881021995 
-5.0441506560156046 0.1171494538237561 
