1 2 
1 3 
1 11 
1 15 
2 4 
2 11 
3 5 
3 12 
3 15 
4 6 
4 11 
4 16 
5 7 
5 12 
5 19 
6 8 
6 14 
6 16 
7 9 
7 17 
7 19 
8 10 
8 14 
8 21 
9 13 
9 17 
9 22 
10 18 
10 21 
10 23 
11 15 
11 16 
11 25 
12 15 
12 19 
12 26 
13 20 
13 22 
13 29 
14 16 
14 21 
14 28 
15 25 
15 26 
15 32 
16 25 
16 28 
16 34 
17 19 
17 22 
17 30 
18 23 
18 24 
18 31 
19 26 
19 30 
19 35 
20 27 
20 29 
20 37 
21 23 
21 28 
21 36 
21 40 
22 29 
22 30 
22 39 
23 31 
23 36 
23 41 
24 31 
24 33 
24 43 
25 32 
25 34 
25 42 
26 32 
26 35 
26 44 
27 37 
27 38 
27 46 
28 34 
28 40 
28 47 
29 37 
29 39 
29 48 
30 35 
30 39 
30 49 
31 41 
31 43 
32 42 
32 44 
32 53 
33 43 
33 45 
33 52 
34 42 
34 47 
34 54 
35 44 
35 49 
35 55 
36 40 
36 41 
36 51 
37 46 
37 48 
37 57 
38 46 
38 50 
38 56 
39 48 
39 49 
39 59 
40 47 
40 51 
40 60 
41 43 
41 51 
41 61 
42 53 
42 54 
42 64 
43 52 
43 61 
43 66 
44 53 
44 55 
44 65 
45 52 
45 58 
45 63 
46 56 
46 57 
46 69 
47 54 
47 60 
47 67 
48 57 
48 59 
48 70 
49 55 
49 59 
49 68 
50 56 
50 62 
50 71 
51 60 
51 61 
51 72 
52 63 
52 66 
52 75 
53 64 
53 65 
53 74 
54 64 
54 67 
54 76 
55 65 
55 68 
55 77 
56 69 
56 71 
56 84 
57 69 
57 70 
57 83 
58 63 
58 73 
58 78 
59 68 
59 70 
59 82 
60 67 
60 72 
60 80 
61 66 
61 72 
61 81 
62 71 
62 79 
62 85 
63 75 
63 78 
63 89 
64 74 
64 76 
64 86 
65 74 
65 77 
65 87 
66 75 
66 81 
66 88 
67 76 
67 80 
67 90 
68 77 
68 82 
68 91 
69 83 
69 84 
69 94 
70 82 
70 83 
70 92 
71 84 
71 85 
72 80 
72 81 
72 95 
73 78 
73 93 
73 97 
74 86 
74 87 
74 99 
75 88 
75 89 
75 101 
76 86 
76 90 
76 100 
77 87 
77 91 
77 103 
78 89 
78 97 
79 85 
79 96 
79 98 
80 90 
80 95 
80 105 
81 88 
81 95 
81 104 
82 91 
82 92 
82 106 
83 92 
83 94 
83 107 
84 85 
84 94 
84 102 
85 98 
85 102 
85 110 
86 99 
86 100 
86 112 
87 99 
87 103 
87 113 
88 101 
88 104 
88 114 
89 97 
89 101 
89 109 
90 100 
90 105 
90 115 
91 103 
91 106 
91 117 
92 106 
92 107 
92 119 
93 97 
93 108 
93 111 
94 102 
94 107 
94 116 
95 104 
95 105 
95 118 
96 98 
96 120 
96 121 
97 109 
97 111 
97 122 
98 110 
98 121 
99 112 
99 113 
99 125 
100 112 
100 115 
100 126 
101 109 
101 114 
101 123 
102 110 
102 116 
102 124 
103 113 
103 117 
103 127 
104 114 
104 118 
104 128 
105 115 
105 118 
105 129 
106 117 
106 119 
106 131 
107 116 
107 119 
107 130 
108 111 
108 132 
108 133 
109 122 
109 123 
109 136 
110 121 
110 124 
110 135 
111 122 
111 132 
111 146 
112 125 
112 126 
112 139 
113 125 
113 127 
113 141 
114 123 
114 128 
114 138 
115 126 
115 129 
115 142 
116 124 
116 130 
116 140 
117 127 
117 131 
117 144 
118 128 
118 129 
118 143 
119 130 
119 131 
119 145 
120 121 
120 134 
120 137 
121 134 
121 135 
121 147 
122 136 
122 146 
122 156 
123 136 
123 138 
123 149 
124 135 
124 140 
124 148 
125 139 
125 141 
125 150 
126 139 
126 142 
126 151 
127 141 
127 144 
127 153 
128 138 
128 143 
128 152 
129 142 
129 143 
129 154 
130 140 
130 145 
130 155 
131 144 
131 145 
131 157 
132 133 
132 146 
132 158 
133 158 
133 159 
134 137 
134 147 
134 160 
135 147 
135 148 
135 162 
136 149 
136 156 
136 166 
137 160 
137 161 
138 149 
138 152 
138 164 
139 150 
139 151 
139 165 
140 148 
140 155 
140 163 
141 150 
141 153 
141 168 
142 151 
142 154 
142 167 
143 152 
143 154 
143 169 
144 153 
144 157 
144 170 
145 155 
145 157 
145 171 
146 156 
146 158 
146 172 
147 160 
147 162 
147 173 
148 162 
148 163 
148 175 
149 164 
149 166 
149 177 
150 165 
150 168 
150 181 
151 165 
151 167 
151 179 
152 164 
152 169 
152 178 
153 168 
153 170 
153 184 
154 167 
154 169 
154 183 
155 163 
155 171 
155 180 
156 166 
156 172 
156 182 
157 170 
157 171 
157 185 
158 159 
158 172 
158 176 
159 176 
159 186 
160 161 
160 173 
160 174 
160 188 
161 174 
161 187 
162 173 
162 175 
162 189 
163 175 
163 180 
163 191 
164 177 
164 178 
164 193 
165 179 
165 181 
165 194 
166 177 
166 182 
166 192 
167 179 
167 183 
167 195 
168 181 
168 184 
168 197 
169 178 
169 183 
169 196 
170 184 
170 185 
170 199 
171 180 
171 185 
171 198 
172 176 
172 182 
172 190 
173 188 
173 189 
173 201 
174 187 
174 188 
174 202 
175 189 
175 191 
175 203 
176 186 
176 190 
176 200 
176 213 
177 192 
177 193 
177 205 
178 193 
178 196 
178 206 
179 194 
179 195 
179 207 
180 191 
180 198 
180 210 
181 194 
181 197 
181 209 
182 190 
182 192 
182 204 
183 195 
183 196 
183 208 
184 197 
184 199 
184 211 
185 198 
185 199 
185 212 
186 200 
186 214 
187 202 
187 215 
188 201 
188 202 
188 216 
189 201 
189 203 
189 217 
190 204 
190 213 
190 227 
191 203 
191 210 
191 219 
192 204 
192 205 
192 218 
193 205 
193 206 
193 220 
194 207 
194 209 
194 223 
195 207 
195 208 
195 222 
196 206 
196 208 
196 221 
197 209 
197 211 
197 224 
198 210 
198 212 
198 226 
199 211 
199 212 
199 225 
200 213 
200 214 
200 228 
201 216 
201 217 
201 230 
202 215 
202 216 
202 229 
203 217 
203 219 
203 231 
204 218 
204 227 
204 234 
205 218 
205 220 
205 232 
206 220 
206 221 
206 233 
207 222 
207 223 
207 235 
208 221 
208 222 
208 236 
209 223 
209 224 
209 237 
210 219 
210 226 
210 239 
211 224 
211 225 
211 238 
212 225 
212 226 
212 240 
213 227 
213 228 
213 242 
214 228 
214 241 
215 229 
215 243 
216 229 
216 230 
216 244 
217 230 
217 231 
217 245 
218 232 
218 234 
218 247 
219 231 
219 239 
219 252 
220 232 
220 233 
220 246 
221 233 
221 236 
221 248 
222 235 
222 236 
222 249 
223 235 
223 237 
223 250 
224 237 
224 238 
224 251 
225 238 
225 240 
225 253 
226 239 
226 240 
226 254 
227 234 
227 242 
227 255 
228 241 
228 242 
228 256 
229 243 
229 244 
229 257 
230 244 
230 245 
230 258 
231 245 
231 252 
231 266 
232 246 
232 247 
232 259 
233 246 
233 248 
233 260 
234 247 
234 255 
234 265 
235 249 
235 250 
235 261 
236 248 
236 249 
236 262 
237 250 
237 251 
237 263 
238 251 
238 253 
238 264 
239 252 
239 254 
239 267 
240 253 
240 254 
240 268 
241 256 
241 269 
242 255 
242 256 
242 270 
243 257 
243 271 
244 257 
244 258 
244 272 
245 258 
245 266 
245 274 
246 259 
246 260 
246 279 
247 259 
247 265 
247 278 
248 260 
248 262 
248 280 
249 261 
249 262 
249 281 
250 261 
250 263 
250 282 
251 263 
251 264 
251 284 
252 266 
252 267 
252 275 
253 264 
253 268 
253 285 
254 267 
254 268 
254 286 
255 265 
255 270 
255 277 
256 269 
256 270 
256 276 
257 271 
257 272 
257 283 
258 272 
258 273 
258 274 
259 278 
259 279 
259 300 
260 279 
260 280 
260 299 
261 281 
261 282 
261 298 
262 280 
262 281 
262 297 
263 282 
263 284 
263 296 
264 284 
264 285 
264 295 
265 277 
265 278 
265 292 
266 274 
266 275 
266 291 
267 275 
267 286 
267 293 
268 285 
268 286 
268 294 
269 276 
269 290 
270 276 
270 277 
270 289 
271 283 
271 288 
272 273 
272 283 
272 287 
273 274 
273 287 
273 301 
274 291 
274 301 
274 314 
275 291 
275 293 
275 305 
276 289 
276 290 
276 303 
277 289 
277 292 
277 304 
278 292 
278 300 
278 312 
279 299 
279 300 
279 313 
280 297 
280 299 
280 311 
281 297 
281 298 
281 309 
282 296 
282 298 
282 310 
283 287 
283 288 
283 302 
284 295 
284 296 
284 308 
285 294 
285 295 
285 307 
286 293 
286 294 
286 306 
287 301 
287 302 
287 315 
288 302 
288 316 
289 303 
289 304 
289 317 
290 303 
290 318 
291 305 
291 314 
291 328 
292 304 
292 312 
292 325 
293 305 
293 306 
293 320 
294 306 
294 307 
294 319 
295 307 
295 308 
295 321 
296 308 
296 310 
296 322 
297 309 
297 311 
297 323 
298 309 
298 310 
298 324 
299 311 
299 313 
299 326 
300 312 
300 313 
300 327 
301 314 
301 315 
301 329 
302 315 
302 316 
302 330 
303 317 
303 318 
303 331 
304 317 
304 325 
304 332 
305 320 
305 328 
305 340 
306 319 
306 320 
306 333 
307 319 
307 321 
307 334 
308 321 
308 322 
308 335 
309 323 
309 324 
309 336 
310 322 
310 324 
310 337 
311 323 
311 326 
311 338 
312 325 
312 327 
312 341 
313 326 
313 327 
313 339 
314 328 
314 329 
314 342 
315 329 
315 330 
315 343 
316 330 
316 344 
317 331 
317 332 
317 346 
318 331 
318 345 
319 333 
319 334 
319 347 
320 333 
320 340 
320 349 
321 334 
321 335 
321 348 
322 335 
322 337 
322 350 
323 336 
323 338 
323 351 
324 336 
324 337 
324 352 
325 332 
325 341 
325 355 
326 338 
326 339 
326 353 
327 339 
327 341 
327 354 
328 340 
328 342 
328 356 
329 342 
329 343 
329 358 
330 343 
330 344 
330 357 
331 345 
331 346 
331 359 
332 346 
332 355 
332 369 
333 347 
333 349 
333 361 
334 347 
334 348 
334 360 
335 348 
335 350 
335 362 
336 351 
336 352 
336 364 
337 350 
337 352 
337 365 
338 351 
338 353 
338 363 
339 353 
339 354 
339 366 
340 349 
340 356 
340 368 
341 354 
341 355 
341 367 
342 356 
342 358 
342 370 
343 357 
343 358 
343 371 
344 357 
344 372 
345 359 
345 373 
346 359 
346 369 
346 383 
347 360 
347 361 
347 374 
348 360 
348 362 
348 375 
349 361 
349 368 
349 378 
350 362 
350 365 
350 379 
351 363 
351 364 
351 376 
352 364 
352 365 
352 380 
353 363 
353 366 
353 381 
354 366 
354 367 
354 382 
355 367 
355 369 
355 377 
356 368 
356 370 
356 384 
357 371 
357 372 
357 385 
358 370 
358 371 
358 386 
359 373 
359 383 
360 374 
360 375 
360 389 
361 374 
361 378 
361 388 
362 375 
362 379 
362 391 
363 376 
363 381 
363 390 
364 376 
364 380 
364 392 
365 379 
365 380 
365 394 
366 381 
366 382 
366 395 
367 377 
367 382 
367 393 
368 378 
368 384 
368 396 
369 377 
369 383 
369 387 
370 384 
370 386 
370 397 
371 385 
371 386 
371 399 
372 385 
372 398 
373 383 
373 400 
374 388 
374 389 
374 402 
375 389 
375 391 
375 406 
376 390 
376 392 
376 405 
377 387 
377 393 
377 403 
378 388 
378 396 
378 404 
379 391 
379 394 
379 409 
380 392 
380 394 
380 408 
381 390 
381 395 
381 407 
382 393 
382 395 
382 410 
383 387 
383 400 
383 401 
384 396 
384 397 
384 411 
385 398 
385 399 
386 397 
386 399 
386 412 
387 401 
387 403 
387 413 
388 402 
388 404 
388 414 
389 402 
389 406 
389 415 
390 405 
390 407 
390 416 
391 406 
391 409 
391 418 
392 405 
392 408 
392 417 
393 403 
393 410 
393 423 
394 408 
394 409 
394 420 
395 407 
395 410 
395 421 
396 404 
396 411 
396 419 
397 411 
397 412 
397 424 
398 399 
398 422 
399 412 
399 422 
399 425 
400 401 
400 426 
401 413 
401 426 
401 427 
402 414 
402 415 
402 428 
403 413 
403 423 
403 437 
404 414 
404 419 
404 429 
405 416 
405 417 
405 430 
406 415 
406 418 
406 432 
407 416 
407 421 
407 431 
408 417 
408 420 
408 433 
409 418 
409 420 
409 434 
410 421 
410 423 
410 436 
411 419 
411 424 
411 435 
412 424 
412 425 
412 438 
413 427 
413 437 
413 448 
414 428 
414 429 
414 440 
415 428 
415 432 
415 442 
416 430 
416 431 
416 441 
417 430 
417 433 
417 444 
418 432 
418 434 
418 446 
419 429 
419 435 
419 443 
420 433 
420 434 
420 447 
421 431 
421 436 
421 445 
422 425 
422 439 
423 436 
423 437 
423 450 
424 435 
424 438 
424 449 
425 438 
425 439 
426 427 
426 451 
427 448 
427 451 
428 440 
428 442 
428 453 
429 440 
429 443 
429 452 
430 441 
430 444 
430 454 
431 441 
431 445 
431 455 
432 442 
432 446 
432 456 
433 444 
433 447 
433 459 
434 446 
434 447 
434 460 
435 443 
435 449 
435 457 
436 445 
436 450 
436 458 
437 448 
437 450 
437 462 
438 439 
438 449 
438 461 
438 463 
439 463 
440 452 
440 453 
440 467 
441 454 
441 455 
441 464 
442 453 
442 456 
442 468 
443 452 
443 457 
443 465 
444 454 
444 459 
444 469 
445 455 
445 458 
445 471 
446 456 
446 460 
446 472 
447 459 
447 460 
447 473 
448 451 
448 462 
448 466 
449 457 
449 461 
449 474 
450 458 
450 462 
450 470 
451 466 
452 465 
452 467 
452 476 
453 467 
453 468 
453 477 
454 464 
454 469 
454 479 
455 464 
455 471 
455 478 
456 468 
456 472 
456 482 
457 465 
457 474 
457 475 
458 470 
458 471 
458 484 
459 469 
459 473 
459 483 
460 472 
460 473 
460 485 
461 463 
461 474 
461 480 
462 466 
462 470 
462 481 
462 486 
463 480 
464 478 
464 479 
464 487 
465 475 
465 476 
465 490 
466 486 
467 476 
467 477 
467 489 
468 477 
468 482 
468 491 
469 479 
469 483 
469 492 
470 481 
470 484 
470 496 
471 478 
471 484 
471 493 
472 482 
472 485 
472 494 
473 483 
473 485 
473 495 
474 475 
474 480 
474 488 
474 497 
475 488 
475 490 
475 503 
476 489 
476 490 
476 502 
477 489 
477 491 
477 500 
478 487 
478 493 
478 498 
479 487 
479 492 
479 499 
480 497 
481 486 
481 496 
481 501 
482 491 
482 494 
482 504 
483 492 
483 495 
483 505 
484 493 
484 496 
484 507 
485 494 
485 495 
485 506 
486 501 
487 498 
487 499 
487 508 
488 497 
488 503 
488 509 
489 500 
489 502 
489 511 
490 502 
490 503 
490 513 
491 500 
491 504 
491 510 
492 499 
492 505 
492 512 
493 498 
493 507 
493 516 
494 504 
494 506 
494 515 
495 505 
495 506 
495 517 
496 501 
496 507 
496 514 
497 509 
498 508 
498 516 
498 518 
499 508 
499 512 
499 519 
500 510 
500 511 
500 520 
501 514 
502 511 
502 513 
502 522 
503 509 
503 513 
503 521 
504 510 
504 515 
504 524 
505 512 
505 517 
505 525 
506 515 
506 517 
506 527 
507 514 
507 516 
507 526 
508 518 
508 519 
508 523 
509 521 
510 520 
510 524 
510 529 
511 520 
511 522 
511 530 
512 519 
512 525 
512 531 
513 521 
513 522 
513 532 
514 526 
515 524 
515 527 
515 533 
516 518 
516 526 
516 528 
516 535 
517 525 
517 527 
517 534 
518 523 
518 528 
518 536 
519 523 
519 531 
519 538 
520 529 
520 530 
520 537 
521 532 
522 530 
522 532 
522 539 
523 536 
523 538 
524 529 
524 533 
524 540 
525 531 
525 534 
525 543 
526 535 
527 533 
527 534 
527 544 
528 535 
528 536 
528 541 
529 537 
529 540 
529 542 
530 537 
530 539 
530 546 
531 538 
531 543 
531 545 
532 539 
533 540 
533 544 
533 547 
534 543 
534 544 
534 548 
535 541 
536 538 
536 541 
536 549 
537 542 
537 546 
537 550 
538 545 
538 549 
538 551 
539 546 
540 542 
540 547 
540 552 
540 554 
541 549 
542 550 
542 552 
543 545 
543 548 
543 553 
543 555 
544 547 
544 548 
544 556 
544 558 
545 551 
545 553 
546 550 
547 554 
547 556 
548 555 
548 557 
548 558 
549 551 
550 552 
551 553 
552 554 
553 555 
554 556 
555 557 
556 558 
557 558 
