-4.9942085703124794 0.1159895582413427 
-4.9834578228461828 -0.3306700052554420 
-4.9713258528347746 0.5241959288140589 
-4.9421012024008171 -0.7175728937446041 
-4.9007395338476352 0.9922736674406027 
-4.8680072991482364 -1.1210077512210395 
-4.7877566544005656 1.4296522255203512 
-4.7670145075925632 -1.5057129267292502 
-4.6500954811524462 1.8219279063725222 
-4.6201888895766237 -1.9006653083069935 
-4.6089230938570811 -0.1469637195093213 
-4.5768667905912093 0.6880148234525238 
-4.5098161477373235 -1.0027195486996838 
-4.4908029499162252 0.2687681555694120 
-4.4711595693593686 -0.5651632688541357 
-4.4602078202972191 2.2476982073098744 
-4.4376424230181524 -2.2918464161156886 
-4.4312225108363092 1.1122420548245275 
-4.3561155882049860 -1.4277104681826744 
-4.2473930888457403 2.6283578941703989 
-4.2393804208507673 1.4982806357822258 
-4.2172341323524662 -2.6752996048767548 
-4.2106988858637751 1.9204834113033649 
-4.1829195478491377 -0.1463378980386506 
-4.1774508151885161 -1.8369700788724079 
-4.1621584153625566 0.6716961256093832 
-4.1157906047089741 -0.9685198092688015 
-4.0199446252564996 2.9710133706347177 
-3.9883994169119603 0.2587286641720288 
-3.9752453041828630 -2.2304755923014228 
-3.9742630510423469 -0.5529716850904195 
-3.9638666944926477 1.0832461360326879 
-3.9638319789923044 2.3287882415813579 
-3.9616079701250451 -3.0471861840763887 
-3.9173862642522823 -1.3971044257782512 
-3.8240831101369550 1.8502216353506187 
-3.7625410686270007 3.2834249001669846 
-3.7464203636802424 -2.6060487493961939 
-3.7191419049073171 1.4506011437959563 
-3.7186209134416024 -0.1465862418426076 
-3.7142345340393570 -1.8073935522348576 
-3.7116168131872911 2.7447888719823710 
-3.7091773286516041 0.6629259661231574 
-3.6801901898755811 -0.9667635464054257 
-3.6603114822359948 -3.3991571568580845 
-3.5609270691500030 2.2542559183310158 
-3.4958878586316997 0.2559767246081167 
-3.4924359330668429 -2.9617531122508169 
-3.4919955123216138 -2.2024910406451763 
-3.4883778379248671 -0.5538429894675378 
-3.4821067353040727 3.5864046676068844 
-3.4733675697408253 1.0567930446502718 
-3.4608128157841889 -1.3859026775485039 
-3.3794859998162980 1.8356816181566011 
-3.3230846213922804 2.6439136881151746 
-3.3225988215693558 3.0902704575550923 
-3.3129915696633279 -3.7367034886953503 
-3.2462938751103922 -2.5860648223914784 
-3.2442949882720908 -0.1488520741704593 
-3.2408335650394413 -1.7930084639833950 
-3.2329415026220447 0.6537120802993873 
-3.2246581430783050 -0.9658624005511041 
-3.2244253212709588 -3.3237066080632327 
-3.2159020271104342 1.4422579330593213 
-3.1431325631248059 3.8822357699112819 
-3.1092837130324043 2.2494807354853106 
-3.0580138678308901 3.4545731482148256 
-3.0079729617130195 -0.5555578360303808 
-3.0077791903395110 0.2522298149232614 
-3.0062593717889601 -2.1916699437585287 
-2.9951457155564483 -1.3792558442951282 
-2.9916201656785408 -2.9832434196207447 
-2.9861740715141849 -4.0106072771860015 
-2.9843917537729410 1.0521534631970442 
-2.9311010856861808 2.7313609395778506 
-2.9204558496589228 1.8527401627160252 
-2.8391639640360267 -3.4908514461296449 
-2.8290755249925312 4.1162525097565705 
-2.7918930715284489 3.1394783782173139 
-2.7661804180740894 -0.1508477639506736 
-2.7653461371264045 -1.7868959668145685 
-2.7645247917493889 -2.6003636850383782 
-2.7589053026943784 -0.9654538361236664 
-2.7525814529231760 0.6542686744707339 
-2.7310315880871032 1.4592180825504777 
-2.6870286676572670 2.3151279074663456 
-2.6487956495848617 3.6299625264984732 
-2.5868758267580145 -4.2738292547289429 
-2.5806473055803338 -3.8378454647093254 
-2.5657437030069290 -3.0643967114594353 
-2.5321796629589097 -2.1990686781896258 
-2.5298952512535293 -0.5566345975401270 
-2.5254469603247101 -1.3766821649060930 
-2.5248144719589964 0.2537341137742771 
-2.5050734233222158 1.0643433345153297 
-2.4844275545699888 2.7533873631667714 
-2.4759630769401659 1.8988870861737701 
-2.4728598041963132 4.3428971822364497 
-2.3548082970266448 3.9600300106250170 
-2.3474172248322898 3.2065825845498979 
-2.3423009759444793 -3.4617202285091397 
-2.3170196885106114 -2.6362092684322489 
-2.2952202582729337 -1.7898159089470440 
-2.2888096763262449 -0.9655760483650574 
-2.2887920521622629 -0.1495681562662256 
-2.2765463755529942 0.6636045507620491 
-2.2646637092207724 1.4895979473676979 
-2.2427317892671894 2.3349613936589968 
-2.2212661032091576 -4.4736759777476971 
-2.1605589048369946 -3.9326554117862358 
-2.1283451768595483 3.5882318715908954 
-2.1238805123372835 4.5221602497657889 
-2.0969066472681805 -3.0459478385203211 
-2.0736617363719536 -2.2131371071120651 
-2.0565628331870727 -1.3780438982022147 
-2.0542513817349288 -0.5559586774884724 
-2.0500667831081003 2.7799065864887487 
-2.0476713011638745 0.2603113907140189 
-2.0360912738715520 1.0831114566479876 
-2.0206969436358779 1.9170509931528077 
-1.9271837500231965 4.0466716877267448 
-1.8991072767991182 -3.4784414372466230 
-1.8619722138310688 3.1876498401372757 
-1.8571640709120794 -4.2299989553079591 
-1.8516760753013162 -2.6245147329899754 
-1.8310345211341128 -1.7949320472931691 
-1.8186572894514474 -0.9660619861439200 
-1.8143474715299359 -0.1454128107928712 
-1.8058664875570336 0.6760443126838275 
-1.7983567492055990 1.5039937732962521 
-1.7976303510624199 2.3511244295983098 
-1.7888138936241955 -4.6625770590937181 
-1.7551672018914881 4.6751854067976977 
-1.6644791715407459 3.6118686966921283 
-1.6547368186160485 -3.8367815203687949 
-1.6406513160434590 -3.0416246249889083 
-1.6079523839476926 4.3262926058633262 
-1.6065349296247367 -2.2062630325148072 
-1.5897207526457831 2.7696417427280680 
-1.5894108809379190 -1.3797152086874565 
-1.5816807397583184 -0.5541468431424301 
-1.5752512661487006 0.2685066694129644 
-1.5675389560181592 1.0939592114978638 
-1.5636755050327349 1.9283451465222430 
-1.4237006896638860 -4.2672708902471292 
-1.4131849319206264 -3.4246726563497023 
-1.4049411219908268 3.9660142689530233 
-1.3943522473033050 3.1869403254870390 
-1.3916628277726182 -4.7977668658933066 
-1.3869277660199222 -2.6179806508625845 
-1.3679347438340599 4.8040063102822375 
-1.3623597771127076 -1.7911507244264362 
-1.3496229717504760 -0.9657844722883009 
-1.3430294062595032 -0.1407493688370983 
-1.3385684686739667 2.3465319824058422 
-1.3359824350868650 0.6845943999692130 
-1.3323065260800298 1.5131875706643048 
-1.1890086016198913 -3.8261788619821444 
-1.1650341834140641 3.5712513593978690 
-1.1610280872555181 -3.0130364005277124 
-1.1564909780589681 4.4162777955389005 
-1.1375791828407027 -2.2017852369096107 
-1.1276444940192660 2.7613574377727468 
-1.1201258512839827 -1.3774412052968454 
-1.1114921908159756 -0.5518658166562034 
-1.1048796968302885 0.2741533174924424 
-1.0988685417008459 1.1022471987627862 
-1.0984324359702833 1.9296964296347860 
-1.0878802637112386 -4.5030485315387523 
-0.9618498368947924 4.9046981909185279 
-0.9487240819787719 3.9976443290727892 
-0.9350389794964197 -3.4098313514684100 
-0.9219105488734914 -4.9108480145417737 
-0.9118154434853410 3.1558201311124741 
-0.9096704212710427 -2.6039294958079937 
-0.9001181292182091 -4.1354919812322466 
-0.8921921870354081 -1.7886987457447676 
-0.8802161737218347 -0.9636589848328746 
-0.8732787209950054 -0.1373178831305625 
-0.8724238221896700 2.3439704005283133 
-0.8670202383830943 0.6902574883549624 
-0.8626257609683312 1.5193733406190952 
-0.7209319069807145 4.4422423481578308 
-0.6980304674804461 3.5570460462684967 
-0.6800243874112767 -3.0035426889914194 
-0.6723372083298508 -3.7606091469076253 
-0.6623874532682378 -2.1959019457110909 
-0.6503220657501131 -1.3757184684709942 
-0.6495095953560882 2.7460508742667300 
-0.6419674172884610 -0.5493179415514948 
-0.6368660739146615 -4.5435048647756338 
-0.6355766594046525 0.2778611489282954 
-0.6300475047547325 1.1065030751316158 
-0.6275624286230992 1.9370085198357827 
-0.5531056643055691 4.9669939099795384 
-0.5174064189234818 3.9638273308472023 
-0.4582901671486421 -4.9770469680503790 
-0.4306990596226695 3.1411959075467464 
-0.4301344597575547 -3.3787619209631039 
-0.4298836571658297 -2.6008626048771348 
-0.4196609426338199 -1.7862398768057997 
-0.4171209893159178 -4.1516805293978827 
-0.4109658892094397 -0.9616327139809420 
-0.4040164104564346 -0.1346547417634675 
-0.3980842189905370 0.6931564289173017 
-0.3939245973161801 1.5229999186229068 
-0.3930330651690137 2.3524687884405524 
-0.3451926293808091 4.6260728988500386 
-0.2263653793102292 3.5239236917162686 
-0.2182460302153649 4.2472112388402818 
-0.1967225448564727 -4.5786616864329979 
-0.1865543124498086 -2.1959627547942553 
-0.1849306740032480 -2.9937813268150055 
-0.1801407174129833 -1.3734134599560812 
-0.1788126504079062 -3.7671786225464330 
-0.1727322929054969 -0.5472557173246256 
-0.1663286375658337 0.2800023445099418 
-0.1613229798482344 1.1084723392461433 
-0.1584000061103780 2.7701795537666265 
-0.1578035180853010 1.9386368684769082 
-0.0820612630664585 4.9959034435692473 
-0.0347914945139629 3.8468964843337101 
0.0138680358919769 -4.9993076914285348 
0.0517287888302245 -1.7848690153557578 
0.0534597107517661 -4.1739801905058771 
0.0547318596486631 -2.6015240383551648 
0.0584879426523240 -0.9595753168010128 
0.0652536490660222 -0.1329824521104468 
0.0658708762594691 -3.3909678557737037 
0.0711068294957918 0.6944948929926921 
0.0751645643684734 1.5230983611114770 
0.0772029103003959 2.3548522586997582 
0.0779926186578763 3.1941875460184006 
0.1162664391213649 4.5757661325722818 
0.2471332049299014 -4.5873969761068052 
0.2654897516481520 4.1363333890602760 
0.2878704131480960 -2.1948616583701774 
0.2896170937583816 -1.3717709491806516 
0.2966803829833901 -0.5456507675501824 
0.3031402697356207 0.2810310821370843 
0.3033255623844671 -3.0124523407284740 
0.3081484435748461 1.1083564316177785 
0.3099712516454915 -3.7975207606768322 
0.3109756589276682 2.7716929203196474 
0.3111796102618198 1.9373392569500316 
0.3324399673113024 3.6128749355410679 
0.3592177986859351 4.9820250589785990 
0.4975372369396192 -4.9750722807121432 
0.5223875603836668 -1.7836708418026062 
0.5279368271750758 -0.9581844410089191 
0.5284436782645799 -2.6082354335909743 
0.5347967942633545 -0.1317701025207405 
0.5366435837272044 -4.2013440615492748 
0.5409707145364420 0.6942185284472538 
0.5444021960655504 4.5189370564785474 
0.5449383492223102 1.5215845553894420 
0.5462294206555300 2.3503389677277968 
0.5503420254386842 3.1812230986768588 
0.5547647467597223 -3.4377050257590689 
0.6580875450247874 4.0159031980198776 
0.7058295605586897 -4.5871047668084701 
0.7575092708838136 -2.1978092704542473 
0.7589845662322737 -1.3708907937560186 
0.7661240364429396 -0.5441692829607437 
0.7707750391625021 -3.0301227102969528 
0.7733653393486484 0.2812988220704289 
0.7782798167945132 1.1063385309729159 
0.7817625566202917 1.9336203771746008 
0.7827413030360599 4.9321797811721240 
0.7834111958912809 2.7571079143125075 
0.8061898857942145 -3.8828767240271427 
0.8091339975707948 3.5744106227195522 
0.9417022164120527 4.4342793701913488 
0.9885914219712048 -4.9005640852980630 
0.9905469819882193 -1.7857568253534073 
0.9940295415044528 -2.6166095307815085 
0.9970035069789313 -0.9562985741432368 
1.0048549827788784 -0.1308183948647713 
1.0111787427739065 -3.4621154149359388 
1.0120395778347773 0.6929865304519307 
1.0155395822757096 1.5168599680614605 
1.0203874586627926 2.3421993895724413 
1.0301439978652993 3.1513847116019287 
1.0494256277124923 -4.3597111778129349 
1.0973762673274339 3.9670086267058955 
1.1885333100715294 4.8506772255807720 
1.2233220977553836 -2.2048331229252089 
1.2260137668554123 -1.3695307443460156 
1.2303437534882027 -3.0391684179797838 
1.2359110885044537 -0.5422122367439116 
1.2439888505270884 -3.9014057249993699 
1.2446854428757774 0.2811612174118357 
1.2500618654058413 1.1026960502836185 
1.2538849829544314 1.9243839436539316 
1.2655768110154728 2.7449480020577450 
1.2889954911179922 3.5349964479938856 
1.3608294088274469 4.3574231548196609 
1.3982761461946753 -4.7960354269353900 
1.4540039342062725 -1.7855069946202524 
1.4580244345354165 -2.6286927007860408 
1.4641341737540530 -3.4586768806341235 
1.4657006938243757 -0.9536959728789779 
1.4713633590429700 -4.3191954715417618 
1.4757790555428101 -0.1289375910419027 
1.4849625184121074 0.6902336994278455 
1.4886539199368922 1.5100318016423393 
1.4953591035177418 2.3272202300410503 
1.5222794793958454 3.1442864856672403 
1.5569106614496426 3.9070162518482512 
1.5887200132099291 4.7368049458572488 
1.6826030504631750 -2.2042074511060936 
1.6913480024475191 -1.3667394402380275 
1.6954212404784825 -3.8539007932207592 
1.6970335309224354 -3.0560348825812738 
1.7059206101513977 -0.5383687517926218 
1.7183515222336279 0.2813265052453815 
1.7236576854155827 1.0960104283421122 
1.7295497570751364 1.9144553805511328 
1.7422429579013112 2.7254487334370374 
1.7949038513863347 3.5447085437464376 
1.8025166703685660 4.2591239660346467 
1.8263779024015994 -4.6484011767242004 
1.9058818844177166 -4.2147220317984271 
1.9131610982352498 -2.6232941445347198 
1.9155317129154572 -1.7826794187198796 
1.9339481885309180 -0.9472608680583186 
1.9478956309562958 -3.4826540316181664 
1.9482181610506171 -0.1263342176363259 
1.9616020015241815 0.6874086851635407 
1.9628918369863910 1.4985192219420573 
1.9741876674114534 2.3165980867596794 
1.9832766187019324 4.5899511561136501 
1.9965858918917845 3.1193994562526886 
2.0770352715406308 3.9609578478981442 
2.1421269960302918 -2.2009118053369559 
2.1486262151416899 -3.0373995697016305 
2.1540928491538742 -1.3563404356194457 
2.1776702236494425 -0.5337613966057028 
2.1949207862938640 0.2817967598948567 
2.2012433151540391 1.0900369399794352 
2.2039861708007784 1.8968634648358103 
2.2103738174347809 -3.9158672103638152 
2.2246627527311649 2.7188420369851030 
2.2571375178335855 3.5084370631410402 
2.2648296627481002 -4.4514876251714135 
2.3430287923710025 4.4112228675833896 
2.3722596365566990 -1.7660132566606837 
2.3743083205524371 -2.6199630637603750 
2.3906610221421651 -3.4402150363153070 
2.4053752237547408 -0.9395866535504599 
2.4221395271732411 -0.1242209245407132 
2.4423314135551371 0.6851568363851056 
2.4423768822660361 1.4906040364288802 
2.4459277183758648 2.2894165140983449 
2.4846411324000428 3.1262686847518535 
2.4984663940450771 3.8839176108763720 
2.5933892529336888 -2.1724844131277621 
2.6174409282422544 -3.0405805431246127 
2.6196342034120881 -1.3449191020645139 
2.6284284427118152 -3.8084751521595566 
2.6339762388648480 -4.2438108335291460 
2.6522135384529655 -0.5309614316615423 
2.6740509855981318 0.2820751101986462 
2.6812125691900017 1.0861267886578541 
2.6862782200276767 2.6739706059154291 
2.6876756248203333 1.8878306462264278 
2.6925332196670211 4.2060419984525428 
2.7633224315273202 3.5425668326545021 
2.8161124534591164 -2.5698510552663985 
2.8351828374276140 -1.7516980230028254 
2.8825466555743349 -0.9349086799885284 
2.8876037163754509 -3.4592912447271136 
2.8960157960318083 -0.1238017281162745 
2.9218830459220979 3.0446563441436711 
2.9240112502282987 1.4884713619209460 
2.9270635869775496 0.6827189707016865 
2.9352417294551354 2.2790673946062152 
3.0328170006675239 3.9733708719170804 
3.0333060325850276 -3.9729353298250567 
3.0387291365996241 -2.9488142691767267 
3.0603684318715967 -2.1551796430425458 
3.0876881914964622 -1.3392845589723870 
3.1292110748592532 -0.5323544748229818 
3.1534509155989330 3.3806555174913973 
3.1551365453987690 0.2819007494603097 
3.1596449347214026 1.0827597426832491 
3.1761775568241606 1.8901061958438057 
3.1829283817907368 2.6608722900744204 
3.2702486642111674 -3.2855513997307892 
3.2925385414298791 -2.5482849491544370 
3.3023071833180562 -1.7506950859147590 
3.3415240886053557 3.7115871126124604 
3.3635536772965819 -3.6921030504887549 
3.3660863520263971 -0.1261949416367350 
3.3669617134790135 -0.9355659896278948 
3.4014592033535669 1.4900931913291804 
3.4175112519202644 0.6794623698031134 
3.4342071916984143 2.2867210882470754 
3.4342883817467000 3.0248522613604583 
3.5366717664013327 -2.9198691667736147 
3.5382331202453474 -2.1613635652906282 
3.5515916796631273 -1.3405992887831220 
3.6075593624120255 -0.5412901014555712 
3.6316134924253327 1.0790091180000543 
3.6370523780440736 0.2823268646198151 
3.6583154917395926 3.4014056899809515 
3.6618253434942400 1.8988879113737409 
3.6967279448969053 2.6738209028291164 
3.7096474219837243 -3.3437036389597248 
3.7641715539235263 -1.7614342763108837 
3.7888055419974154 -2.5634931556440317 
3.8237962575200251 -0.1320592411262534 
3.8630449240394040 -0.9467980006862585 
3.8693486477278158 1.4944140487139079 
3.9189953352107332 0.6777017755690844 
3.9321603494340134 2.3043858932961845 
3.9474160284873179 3.0645200761603850 
4.0026840513506317 -1.3503915016765557 
4.0127303742901281 -2.1875758486756625 
4.0127701462559129 -2.9833421772130579 
4.0822097161245630 -0.5658762339721307 
4.0895114277487137 1.0749542703211179 
4.1151223455356867 0.2893779443738843 
4.1390839204130625 1.9188567168918764 
4.2023598332571295 2.6982680744269345 
4.2112887019635927 -1.7983942013370728 
4.2490533347750761 -0.1424346071246286 
4.2687844045043652 -2.5948083900370733 
4.3189231767804541 1.5190743901805341 
4.3806069139021728 -0.9814846441109906 
4.4167223290801401 -1.3967946350220164 
4.4289653954516286 2.3086944463674275 
4.4433567328395300 0.6850972624712283 
4.4896040658937899 -2.1901944034403908 
4.5071125266581724 1.1061631808983639 
4.5346698980784703 -0.5914309139398295 
4.5703782402070052 0.2792611110986916 
4.6219453370521260 1.8960564559502935 
4.6391525475171962 -0.1621759717285718 
4.6715793348755543 -1.7647923887146570 
4.7800305999096828 1.4587894797513357 
4.8213553593587433 -1.3016260674537947 
4.9029136050432198 0.9733858967671006 
4.9160952175860650 -0.8878254676700689 
4.9695526212334666 0.5358030710150019 
4.9782635127198755 -0.4340906002807401 
4.9967871099265517 0.0643651789468844 
