-4.0012240498262956 -3.0000000000000000 
-3.6969145970583548 -3.0000000000000000 
-3.3461214853599612 -3.0000000000000000 
-3.0160358122293269 -3.0000000000000000 
-2.6127445850255948 -3.0000000000000000 
-2.2434787642412490 -3.0000000000000000 
-1.8067020325604375 -3.0000000000000000 
-1.4055794560503443 -3.0000000000000000 
-0.9311296543622264 -3.0000000000000000 
-0.4628730688201285 -3.0000000000000000 
0.0140067162508966 -3.0000000000000000 
0.5025126093090154 -3.0000000000000000 
0.9984773361909168 -3.0000000000000000 
1.4122589076566221 -3.0000000000000000 
1.8446416814256155 -3.0000000000000000 
2.2874779593755812 -3.0000000000000000 
2.6603160012534963 -3.0000000000000000 
3.0636390929108779 -3.0000000000000000 
3.3971892140695479 -3.0000000000000000 
3.7467438962035615 -3.0000000000000000 
4.0528978477184721 -3.0000000000000000 
3.9868901887721910 3.0000000000000000 
3.6948986466569886 3.0000000000000000 
3.3749393294914092 3.0000000000000000 
3.0631451706741992 3.0000000000000000 
2.7194585518636911 3.0000000000000000 
2.3664590802947125 3.0000000000000000 
2.0031093848889516 3.0000000000000000 
1.6046072133420284 3.0000000000000000 
1.2004186431722448 3.0000000000000000 
0.7905687160664205 3.0000000000000000 
0.3628099766727945 3.0000000000000000 
-0.0828818756971231 3.0000000000000000 
-0.5586367209486247 3.0000000000000000 
-0.9714683352637403 3.0000000000000000 
-1.3816140912724004 3.0000000000000000 
-1.7727188739104029 3.0000000000000000 
-2.1451193174606562 3.0000000000000000 
-2.4975884022382764 3.0000000000000000 
-2.8573662802424566 3.0000000000000000 
-3.1745638887560541 3.0000000000000000 
-3.5169278026571136 3.0000000000000000 
-3.8001664793132708 3.0000000000000000 
-4.0601440715090646 3.0000000000000000 
