-4.0012240498262956 -6.0000000000000000 
-3.6969145970583548 -6.0000000000000000 
-3.3461214853599612 -6.0000000000000000 
-3.0160358122293269 -6.0000000000000000 
-2.6127445850255948 -6.0000000000000000 
-2.2434787642412490 -6.0000000000000000 
-1.8067020325604375 -6.0000000000000000 
-1.4055794560503443 -6.0000000000000000 
-0.9311296543622264 -6.0000000000000000 
-0.4628730688201285 -6.0000000000000000 
0.0140067162508966 -6.0000000000000000 
0.5025126093090154 -6.0000000000000000 
0.9984773361909168 -6.0000000000000000 
1.4122589076566221 -6.0000000000000000 
1.8446416814256155 -6.0000000000000000 
2.2874779593755812 -6.0000000000000000 
2.6603160012534963 -6.0000000000000000 
3.0636390929108779 -6.0000000000000000 
3.3971892140695479 -6.0000000000000000 
3.7467438962035615 -6.0000000000000000 
4.0528978477184721 -6.0000000000000000 
3.9868901887721910 6.0000000000000000 
3.6948986466569886 6.0000000000000000 
3.3749393294914092 6.0000000000000000 
3.0631451706741992 6.0000000000000000 
2.7194585518636911 6.0000000000000000 
2.3664590802947125 6.0000000000000000 
2.0031093848889516 6.0000000000000000 
1.6046072133420284 6.0000000000000000 
1.2004186431722448 6.0000000000000000 
0.7905687160664205 6.0000000000000000 
0.3628099766727945 6.0000000000000000 
-0.0828818756971231 6.0000000000000000 
-0.5586367209486247 6.0000000000000000 
-0.9714683352637403 6.0000000000000000 
-1.3816140912724004 6.0000000000000000 
-1.7727188739104029 6.0000000000000000 
-2.1451193174606562 6.0000000000000000 
-2.4975884022382764 6.0000000000000000 
-2.8573662802424566 6.0000000000000000 
-3.1745638887560541 6.0000000000000000 
-3.5169278026571136 6.0000000000000000 
-3.8001664793132708 6.0000000000000000 
-4.0601440715090646 6.0000000000000000 
