1 2 
1 18 
2 9 
2 16 
2 18 
2 23 
3 9 
3 10 
3 15 
3 16 
3 21 
4 10 
4 11 
4 13 
4 15 
4 20 
5 11 
5 12 
5 13 
5 14 
5 22 
6 8 
6 12 
6 14 
6 19 
6 24 
7 8 
7 17 
8 17 
8 19 
9 16 
10 15 
11 13 
12 14 
13 20 
13 22 
13 27 
14 22 
14 24 
14 29 
15 20 
15 21 
15 26 
16 21 
16 23 
16 28 
17 19 
17 25 
18 23 
18 30 
19 24 
19 25 
19 31 
20 26 
20 27 
20 32 
21 26 
21 28 
21 33 
22 27 
22 29 
22 34 
23 28 
23 30 
23 35 
24 29 
24 31 
24 36 
25 31 
25 37 
26 32 
26 33 
26 38 
27 32 
27 34 
27 39 
28 33 
28 35 
28 40 
29 34 
29 36 
29 41 
30 35 
30 42 
31 36 
31 37 
31 43 
32 38 
32 39 
32 44 
33 38 
33 40 
33 45 
34 39 
34 41 
34 46 
35 40 
35 42 
35 47 
36 41 
36 43 
36 48 
37 43 
37 49 
38 44 
38 45 
38 50 
39 44 
39 46 
39 51 
40 45 
40 47 
40 52 
41 46 
41 48 
41 53 
42 47 
42 54 
43 48 
43 49 
43 55 
44 50 
44 51 
44 56 
45 50 
45 52 
45 57 
46 51 
46 53 
46 58 
47 52 
47 54 
47 59 
48 53 
48 55 
48 60 
49 55 
49 61 
50 56 
50 57 
50 62 
51 56 
51 58 
51 63 
52 57 
52 59 
52 64 
53 58 
53 60 
53 65 
54 59 
54 66 
55 60 
55 61 
55 67 
56 62 
56 63 
56 68 
57 62 
57 64 
57 69 
58 63 
58 65 
58 70 
59 64 
59 66 
59 71 
60 65 
60 67 
60 72 
61 67 
61 73 
62 68 
62 69 
62 74 
63 68 
63 70 
63 75 
64 69 
64 71 
64 76 
65 70 
65 72 
65 78 
66 71 
66 77 
67 72 
67 73 
67 79 
68 74 
68 75 
68 80 
69 74 
69 76 
69 81 
70 75 
70 78 
70 82 
71 76 
71 77 
71 83 
72 78 
72 79 
72 84 
73 79 
73 85 
74 80 
74 81 
74 86 
75 80 
75 82 
75 87 
76 81 
76 83 
76 88 
77 83 
77 89 
78 82 
78 84 
78 90 
79 84 
79 85 
79 91 
80 86 
80 87 
80 92 
81 86 
81 88 
81 93 
82 87 
82 90 
82 95 
83 88 
83 89 
83 94 
84 90 
84 91 
84 96 
85 91 
85 97 
86 92 
86 93 
86 98 
87 92 
87 95 
87 100 
88 93 
88 94 
88 99 
89 94 
89 101 
90 95 
90 96 
90 102 
91 96 
91 97 
91 103 
92 98 
92 100 
92 105 
93 98 
93 99 
93 104 
94 99 
94 101 
94 106 
95 100 
95 102 
95 107 
96 102 
96 103 
96 108 
97 103 
97 109 
98 104 
98 105 
98 110 
99 104 
99 106 
99 111 
100 105 
100 107 
100 112 
101 106 
101 113 
102 107 
102 108 
102 114 
103 108 
103 109 
103 115 
104 110 
104 111 
104 116 
105 110 
105 112 
105 117 
106 111 
106 113 
106 118 
107 112 
107 114 
107 119 
108 114 
108 115 
108 120 
109 115 
109 121 
110 116 
110 117 
110 122 
111 116 
111 118 
111 123 
112 117 
112 119 
112 124 
113 118 
113 125 
114 119 
114 120 
114 126 
115 120 
115 121 
115 127 
116 122 
116 123 
116 128 
117 122 
117 124 
117 129 
118 123 
118 125 
118 130 
119 124 
119 126 
119 131 
120 126 
120 127 
120 132 
121 127 
121 133 
122 128 
122 129 
122 134 
123 128 
123 130 
123 135 
124 129 
124 131 
124 136 
125 130 
125 137 
126 131 
126 132 
126 138 
127 132 
127 133 
127 139 
128 134 
128 135 
128 140 
129 134 
129 136 
129 141 
130 135 
130 137 
130 142 
131 136 
131 138 
131 143 
132 138 
132 139 
132 144 
133 139 
133 145 
134 140 
134 141 
134 146 
135 140 
135 142 
135 147 
136 141 
136 143 
136 148 
137 142 
137 149 
138 143 
138 144 
138 150 
139 144 
139 145 
139 151 
140 146 
140 147 
140 152 
141 146 
141 148 
141 153 
142 147 
142 149 
142 154 
143 148 
143 150 
143 155 
144 150 
144 151 
144 156 
145 151 
145 157 
146 152 
146 153 
146 158 
147 152 
147 154 
147 159 
148 153 
148 155 
148 161 
149 154 
149 160 
150 155 
150 156 
150 162 
151 156 
151 157 
151 163 
152 158 
152 159 
152 164 
153 158 
153 161 
153 165 
154 159 
154 160 
154 166 
155 161 
155 162 
155 167 
156 162 
156 163 
156 168 
157 163 
157 169 
158 164 
158 165 
158 170 
159 164 
159 166 
159 171 
160 166 
160 172 
161 165 
161 167 
161 173 
162 167 
162 168 
162 174 
163 168 
163 169 
163 175 
164 170 
164 171 
164 176 
165 170 
165 173 
165 177 
166 171 
166 172 
166 178 
167 173 
167 174 
167 179 
168 174 
168 175 
168 180 
169 175 
169 181 
170 176 
170 177 
170 186 
171 176 
171 178 
171 185 
172 178 
172 187 
173 177 
173 179 
173 183 
174 179 
174 180 
174 184 
175 180 
175 181 
175 182 
176 185 
176 186 
176 193 
177 183 
177 186 
177 192 
178 185 
178 187 
178 191 
179 183 
179 184 
179 190 
180 182 
180 184 
180 189 
181 182 
181 188 
182 188 
182 189 
182 194 
183 190 
183 192 
183 196 
184 189 
184 190 
184 195 
185 191 
185 193 
185 198 
186 192 
186 193 
186 199 
187 191 
187 197 
188 194 
188 200 
189 194 
189 195 
189 201 
190 195 
190 196 
190 202 
191 197 
191 198 
191 203 
192 196 
192 199 
192 204 
193 198 
193 199 
193 205 
194 200 
194 201 
194 206 
195 201 
195 202 
195 207 
196 202 
196 204 
196 208 
197 203 
197 209 
198 203 
198 205 
198 210 
199 204 
199 205 
199 211 
200 206 
200 212 
201 206 
201 207 
201 213 
202 207 
202 208 
202 214 
203 209 
203 210 
203 215 
204 208 
204 211 
204 216 
205 210 
205 211 
205 217 
206 212 
206 213 
206 218 
207 213 
207 214 
207 219 
208 214 
208 216 
208 221 
209 215 
209 220 
210 215 
210 217 
210 222 
211 216 
211 217 
211 223 
212 218 
212 224 
213 218 
213 219 
213 225 
214 219 
214 221 
214 226 
215 220 
215 222 
215 227 
216 221 
216 223 
216 228 
217 222 
217 223 
217 229 
218 224 
218 225 
218 230 
219 225 
219 226 
219 231 
220 227 
220 232 
221 226 
221 228 
221 233 
222 227 
222 229 
222 234 
223 228 
223 229 
223 235 
224 230 
224 236 
225 230 
225 231 
225 237 
226 231 
226 233 
226 238 
227 232 
227 234 
227 239 
228 233 
228 235 
228 240 
229 234 
229 235 
229 241 
230 236 
230 237 
230 242 
231 237 
231 238 
231 243 
232 239 
232 244 
233 238 
233 240 
233 245 
234 239 
234 241 
234 246 
235 240 
235 241 
235 247 
236 242 
236 248 
237 242 
237 243 
237 249 
238 243 
238 245 
238 250 
239 244 
239 246 
239 251 
240 245 
240 247 
240 252 
241 246 
241 247 
241 253 
242 248 
242 249 
242 254 
243 249 
243 250 
243 255 
244 251 
244 256 
245 250 
245 252 
245 257 
246 251 
246 253 
246 258 
247 252 
247 253 
247 259 
248 254 
248 260 
249 254 
249 255 
249 261 
250 255 
250 257 
250 262 
251 256 
251 258 
251 263 
252 257 
252 259 
252 264 
253 258 
253 259 
253 265 
254 260 
254 261 
254 266 
255 261 
255 262 
255 267 
256 263 
256 268 
257 262 
257 264 
257 269 
258 263 
258 265 
258 270 
259 264 
259 265 
259 271 
260 266 
260 272 
261 266 
261 267 
261 273 
262 267 
262 269 
262 274 
263 268 
263 270 
263 275 
264 269 
264 271 
264 277 
265 270 
265 271 
265 276 
266 272 
266 273 
266 278 
267 273 
267 274 
267 279 
268 275 
268 280 
269 274 
269 277 
269 282 
270 275 
270 276 
270 281 
271 276 
271 277 
271 283 
272 278 
272 284 
273 278 
273 279 
273 285 
274 279 
274 282 
274 287 
275 280 
275 281 
275 286 
276 281 
276 283 
276 288 
277 282 
277 283 
277 289 
278 284 
278 285 
278 290 
279 285 
279 287 
279 291 
280 286 
280 292 
281 286 
281 288 
281 293 
282 287 
282 289 
282 294 
283 288 
283 289 
283 295 
284 290 
284 296 
285 290 
285 291 
285 297 
286 292 
286 293 
286 298 
287 291 
287 294 
287 299 
288 293 
288 295 
288 300 
289 294 
289 295 
289 301 
290 296 
290 297 
290 302 
291 297 
291 299 
291 304 
292 298 
292 303 
293 298 
293 300 
293 305 
294 299 
294 301 
294 306 
295 300 
295 301 
295 307 
296 302 
296 308 
297 302 
297 304 
297 309 
298 303 
298 305 
298 310 
299 304 
299 306 
299 311 
300 305 
300 307 
300 312 
301 306 
301 307 
301 313 
302 308 
302 309 
302 314 
303 310 
303 315 
304 309 
304 311 
304 316 
305 310 
305 312 
305 317 
306 311 
306 313 
306 318 
307 312 
307 313 
307 319 
308 314 
308 320 
309 314 
309 316 
309 321 
310 315 
310 317 
310 322 
311 316 
311 318 
311 323 
312 317 
312 319 
312 324 
313 318 
313 319 
313 325 
314 320 
314 321 
314 326 
315 322 
315 327 
316 321 
316 323 
316 328 
317 322 
317 324 
317 329 
318 323 
318 325 
318 330 
319 324 
319 325 
319 331 
320 326 
320 332 
321 326 
321 328 
321 333 
322 327 
322 329 
322 334 
323 328 
323 330 
323 335 
324 329 
324 331 
324 336 
325 330 
325 331 
325 337 
326 332 
326 333 
326 338 
327 334 
327 339 
328 333 
328 335 
328 340 
329 334 
329 336 
329 341 
330 335 
330 337 
330 342 
331 336 
331 337 
331 343 
332 338 
332 344 
333 338 
333 340 
333 345 
334 339 
334 341 
334 346 
335 340 
335 342 
335 347 
336 341 
336 343 
336 348 
337 342 
337 343 
337 349 
338 344 
338 345 
338 350 
339 346 
339 351 
340 345 
340 347 
340 355 
341 346 
341 348 
341 353 
342 347 
342 349 
342 356 
343 348 
343 349 
343 354 
344 350 
344 352 
345 350 
345 355 
345 366 
346 351 
346 353 
346 365 
347 355 
347 356 
347 364 
348 353 
348 354 
348 362 
349 354 
349 356 
349 363 
350 352 
350 361 
350 366 
351 365 
351 367 
352 361 
352 368 
353 360 
353 362 
353 365 
354 359 
354 362 
354 363 
355 358 
355 364 
355 366 
356 357 
356 363 
356 364 
357 363 
357 364 
358 364 
358 366 
359 362 
359 363 
360 362 
360 365 
361 366 
361 368 
365 367 
