0.0000000000000000 0.0000000000000000 
-0.0000000000001556 0.0889825507422022 
-0.0000000000001940 0.2711764020929927 
-0.0000000000001945 0.4538035910041330 
-0.0000000000001891 0.6368721556682985 
-0.0000000000001206 0.8203821375874978 
0.0000000000000000 1.0000000000000000 
0.0000000000016021 0.9106949161630976 
0.0000000000020341 0.1801132888968101 
0.0000000000020397 0.3624776849184649 
0.0000000000020424 0.5453176360630352 
0.0000000000020420 0.7288514488244342 
0.0801369637300385 0.5451694548227303 
0.0801384570379007 0.7278689306075187 
0.0801943867871288 0.3623137862335919 
0.0803132742645544 0.1798589543013404 
0.0837240881520015 0.9999999996471822 
0.0870989653149377 0.0000000000013802 
0.0904065764128898 0.9047534303752314 
0.1104465246666116 0.4535940452491876 
0.1106225416942805 0.2710929134523495 
0.1110148284138692 0.6362392188461174 
0.1124174434330765 0.0897004900683909 
0.1148584219965473 0.8166068178115218 
0.1683676064168787 0.9999999996720789 
0.1746714252740158 0.3623160196188397 
0.1747593522830164 0.5444646665976455 
0.1754930143206922 0.1807515536545174 
0.1765597030955546 0.7256433722978711 
0.1825364023321094 0.0000000000014710 
0.1880826302952153 0.9054200589158370 
0.2178702800686985 0.4532366914644956 
0.2182460821856028 0.2715973874527308 
0.2190698965929768 0.6347536573807647 
0.2206987649400420 0.0907023229243355 
0.2241317358217558 0.8152934214960013 
0.2580223839074043 0.9999999996550710 
0.2748705688901069 0.3624017361585952 
0.2751910465731064 0.5436664398024613 
0.2760856992020223 0.1813700447423316 
0.2778541139594778 0.7246141434542694 
0.2815832477092903 0.0000000000015226 
0.2882532627791243 0.9057474496767928 
0.3232743139414059 0.4529229371243797 
0.3236661063686510 0.2719335797236922 
0.3247157899321287 0.6339318221135067 
0.3260050811243707 0.0909881546979325 
0.3298531878694558 0.8149205029049558 
0.3515118748705363 0.9999999996405112 
0.3771870611501258 0.3624093180809713 
0.3776216737378215 0.5432720027925142 
0.3783486682116628 0.1815680537008431 
0.3804288487268613 0.7242342460200156 
0.3822744530448486 0.0000000000015550 
0.3890005159956487 0.9063344881888454 
0.4275995126830278 0.4527944474570124 
0.4279017219515748 0.2720116934075287 
0.4290396082140635 0.6336709874853821 
0.4298081880536805 0.0909915625669031 
0.4335999567486183 0.8151237808411443 
0.4477001812520121 0.9999999996275034 
0.4801320075604950 0.3624025969104815 
0.4806094029493822 0.5431979778968696 
0.4810634227260770 0.1815607232062571 
0.4831463887048143 0.7243507163157570 
0.4837499282199702 0.0000000000015765 
0.4898771697351477 0.9068966988091663 
0.5312654132684780 0.4528099290450323 
0.5314496812361926 0.2720028560688687 
0.5325548758128504 0.6337883916150417 
0.5328749997441903 0.0909165365718473 
0.5363254184560686 0.8155396374005152 
0.5456624688615246 0.9999999996173455 
0.5831140878649215 0.3624300406422889 
0.5835751285075033 0.5433365756730153 
0.5837903916317760 0.1815027651455427 
0.5855813776215770 0.0000000000015917 
0.5856977876824722 0.7246893921844566 
0.5908127125888548 0.9073774461584951 
0.6344379774232594 0.4529291741854599 
0.6345246435419493 0.2719944890596858 
0.6355224681525665 0.6340762694471478 
0.6355318093544717 0.0908420347355849 
0.6385026973619902 0.8159972796830679 
0.6447707391169792 0.9999999996095816 
0.6859009681026232 0.3625017814952899 
0.6863142938641522 0.5435721065998839 
0.6863612703939727 0.1814551409186906 
0.6875321771307898 0.0000000000016028 
0.6880102831166290 0.7250910806644983 
0.6918052764011248 0.9077659519742698 
0.7372028679857398 0.4530972293844718 
0.7372215756153314 0.2720109291381703 
0.7379053318715690 0.0907889435364061 
0.7380789629138035 0.6344104628056217 
0.7403606800263416 0.8164187919839945 
0.7446100003627355 0.9999999996036503 
0.7884169400267925 0.3625985021020801 
0.7887139837235246 0.1814315827280863 
0.7887701360896620 0.5438290056813205 
0.7894674923672177 0.0000000000016112 
0.7900828294183061 0.7254738963203690 
0.7928461158762821 0.9080695963973885 
0.8395949238456853 0.2720461533737818 
0.8396178146261253 0.4532726658673954 
0.8400444749929146 0.0907573837255716 
0.8403050806584612 0.6347261381586227 
0.8420087972179663 0.8167740676431071 
0.8449060454233562 0.9999999995990965 
0.8906534812987074 0.3626994066380738 
0.8908352629961344 0.1814270461099974 
0.8909446242479282 0.5440658076070919 
0.8913132810649417 0.0000000000016178 
0.8919350649928682 0.7258021630389447 
0.8939144150780102 0.9083008189826717 
0.9416869406047144 0.2720887309173071 
0.9417311445974722 0.4534314077913393 
0.9419740564748028 0.0907412139145730 
0.9422566570279152 0.6349949368607534 
0.9435004950906265 0.8170569313947421 
0.9454773343566193 0.9999999995955957 
0.9926313561687274 0.3627909603548812 
0.9927360579407017 0.1814333006740309 
0.9928634010298322 0.5442644559436933 
0.9930348439010092 0.0000000000016231 
0.9935924581425629 0.7260655338147559 
0.9949861105933137 0.9084727002838400 
1.0435374222980556 0.2721301132205404 
1.0435883377047592 0.4535629512954636 
1.0437154591564546 0.0907344441289536 
1.0439790302087326 0.6352088955856254 
1.0448650868544986 0.8172724613080710 
1.0462049247736578 0.9999999995929238 
1.0943844996117511 0.3628667970240236 
1.0944404475327143 0.1814439600470736 
1.0945621758336228 0.5444204559271902 
1.0946237388419062 0.0000000000016273 
1.0950828158857193 0.7262662182875969 
1.0960415664789400 0.9085971320000388 
1.1451868690213804 0.2721655794292251 
1.1452344828606003 0.4536648633940403 
1.1452934946481801 0.0907327432168723 
1.1455137280957597 0.6353699828821129 
1.1461235504807150 0.8174298890392659 
1.1470132959554615 0.9999999995909278 
1.1959532180082086 0.3629250269216189 
1.1959803454159725 0.1814550059821178 
1.1960814154654389 0.5445357293097723 
1.1960893606898499 0.0000000000016305 
1.1964359285928863 0.7264113215995956 
1.1970694173965650 0.9086839906042122 
1.2466774094962765 0.2721929739763362 
1.2467152087658853 0.4537383901915027 
1.2467379929055777 0.0907333226030200 
1.2469014891797110 0.6354837649648289 
1.2472958999523451 0.8175387078568170 
1.2478574137821761 0.9999999995895048 
1.2973812701090979 0.3629658029946461 
1.2973928046622145 0.1814641170442436 
1.2974532847225231 0.0000000000016328 
1.2974641887868528 0.5446142343873775 
1.2976836816320323 0.7265085852912538 
1.2980672753249471 0.9087408344116007 
1.3480529187816452 0.2722114526376768 
1.3480769660304921 0.4537857778966332 
1.3480834590518440 0.0907344898113159 
1.3481834814040579 0.6355559857659597 
1.3484040801378954 0.8176067529604520 
1.3487133823373367 0.9999999995885884 
1.3987144956054203 0.3629898553782180 
1.3987184022560681 0.1814700098135640 
1.3987452396723121 0.0000000000016342 
1.3987551647383980 0.5446596861762305 
1.3988599218220052 0.7265642972978720 
1.3990405057907804 0.9087729055725622 
1.4493587526499971 0.2722207307522047 
1.4493669812443657 0.4538089470060122 
1.4493680062540333 0.0907352889877727 
1.4494016137125154 0.6355909657674953 
1.4494725168792693 0.8176394174666702 
1.4495712063113253 0.9999999995881393 
1.4999999999880969 0.9087832618469581 
1.4999999999885809 0.5446745527781300 
1.4999999999883424 0.7265824205344040 
1.4999999999893259 0.1814720396048262 
1.4999999999888731 0.3629977972638420 
1.4999999999900138 0.0000000000016346 
1.5504287936644932 0.9999999995881393 
1.5505274830969384 0.8176394174666318 
1.5505983862641781 0.6355909657674270 
1.5506319937250530 0.0907352889876967 
1.5506330187328341 0.4538089470059024 
1.5506412473279296 0.2722207307520724 
1.6009594941844782 0.9087729055725169 
1.6011400781537546 0.7265642972977699 
1.6012448352378321 0.5446596861760544 
1.6012547603069625 0.0000000000016342 
1.6012815977217316 0.1814700098133241 
1.6012855043714123 0.3629898553779627 
1.6512866176365821 0.9999999995885884 
1.6515959198364627 0.8176067529603421 
1.6518165185707758 0.6355559857657623 
1.6519165409256351 0.0907344898110779 
1.6519230339448505 0.4537857778963026 
1.6519470811945018 0.2722114526372680 
1.7019327246474965 0.9087408344115152 
1.7023163183409407 0.7265085852910673 
1.7025358111865629 0.5446142343870347 
1.7025467152544973 0.0000000000016328 
1.7026071953130155 0.1814641170437372 
1.7026187298649718 0.3629658029941212 
1.7521425861879207 0.9999999995895048 
1.7527041000182986 0.8175387078566566 
1.7530985107913715 0.6354837649645302 
1.7532620070686777 0.0907333226025901 
1.7532847912057001 0.4537383901909498 
1.7533225904762750 0.2721929739756151 
1.8029305825711579 0.9086839906041000 
1.8035640713754029 0.7264113215993683 
1.8039106392834294 0.0000000000016305 
1.8039185845032173 0.5445357293092893 
1.8040196545549312 0.1814550059812896 
1.8040467819611832 0.3629250269207987 
1.8529867040088552 0.9999999995909278 
1.8538764494843274 0.8174298890391003 
1.8544862718696218 0.6353699828817745 
1.8547065053212235 0.0907327432161960 
1.8547655171052433 0.4536648633932729 
1.8548131309456897 0.2721655794281330 
1.9039584334821302 0.9085971319999285 
1.9049171840759420 0.7262662182874162 
1.9053762611261871 0.0000000000016273 
1.9054378241282293 0.5444204559266286 
1.9055595524320410 0.1814439600458359 
1.9056155003509363 0.3628667970228780 
1.9537950751828959 0.9999999995929238 
1.9551349131030495 0.8172724613079863 
1.9560209697489239 0.6352088955853672 
1.9562845408064622 0.0907344441279444 
1.9564116622532359 0.4535629512945152 
1.9564625776615439 0.2721301132189956 
2.0050138893591667 0.9084727002837851 
2.0064075418104799 0.7260655338147789 
2.0069651560605437 0.0000000000016231 
2.0071365989230348 0.5442644559431729 
2.0072639420159919 0.1814333006722541 
2.0073686437850693 0.3627909603533825 
2.0545226655902091 0.9999999995955957 
2.0564995048575727 0.8170569313948860 
2.0577433429199181 0.6349949368607789 
2.0580259434800063 0.0907412139130974 
2.0582688553504123 0.4534314077902791 
2.0583130593452932 0.2720887309151956 
2.1060855848639837 0.9083008189827624 
2.1080649349495313 0.7258021630394172 
2.1086867188888974 0.0000000000016178 
2.1090553756935955 0.5440658076068001 
2.1091647369504614 0.1814270461074849 
2.1093465186437919 0.3626994066361844 
2.1550939545119023 0.9999999995990965 
2.1579912027191486 0.8167740676436991 
2.1596949192773938 0.6347261381592175 
2.1599555249522275 0.0907573837234161 
2.1603821853092069 0.4532726658663070 
2.1604050760924585 0.2720461533709194 
2.2071538840534290 0.9080695963977531 
2.2099171705113942 0.7254738963216105 
2.2105325075780664 0.0000000000016112 
2.2112298638379246 0.5438290056814693 
2.2112860162107739 0.1814315827245220 
2.2115830599017050 0.3625985020996952 
2.2553899995593829 0.9999999996036503 
2.2596393198981852 0.8164187919853046 
2.2619210370078986 0.6344104628070872 
2.2620946680624976 0.0907889435332286 
2.2627784243085407 0.2720109291342322 
2.2627971319344180 0.4530972293833683 
2.3081947235146307 0.9077659519750616 
2.3119897167982333 0.7250910806668283 
2.3124678228056794 0.0000000000016028 
2.3136387295256013 0.1814551409135869 
2.3136857060465656 0.5435721066005949 
2.3140990318087642 0.3625017814921500 
2.3552292607909395 0.9999999996095816 
2.3614973025488277 0.8159972796853660 
2.3644681905674010 0.0908420347308697 
2.3644775317528568 0.6340762694496797 
2.3654753563652053 0.2719944890541691 
2.3655620224790002 0.4529291741841797 
2.4091872873113118 0.9073774461598638 
2.4143022122151505 0.7246893921881105 
2.4144186223067674 0.0000000000015917 
2.4162096082702513 0.1815027651382545 
2.4164248713828922 0.5433365756742191 
2.4168859120256858 0.3624300406379660 
2.4543375310320052 0.9999999996173455 
2.4636745814405616 0.8155396374040478 
2.4671250001648239 0.0909165365648546 
2.4674451240743900 0.6337883916186811 
2.4685503186520030 0.2720028560611799 
2.4687345866133117 0.4528099290432572 
2.5101228301475338 0.9068966988112040 
2.5162500717024514 0.0000000000015765 
2.5168536111724875 0.7243507163209111 
2.5189365771547205 0.1815607231960514 
2.5193905969163399 0.5431979778983353 
2.5198679923047562 0.3624025969045236 
2.5522998186284132 0.9999999996275034 
2.5664000431345833 0.8151237808461449 
2.5701918118424607 0.0909915625566084 
2.5709603916537227 0.6336709874900306 
2.5720982779161088 0.2720116933971479 
2.5724004871764650 0.4527944474543514 
2.6109994838666610 0.9063344881913256 
2.6177255468762493 0.0000000000015550 
2.6195711511254105 0.7242342460266125 
2.6216513316422234 0.1815680536871938 
2.6223783260970923 0.5432720027936476 
2.6228129386834551 0.3624093180729587 
2.6484881250005801 0.9999999996405112 
2.6701468120035456 0.8149205029111033 
2.6739949187597238 0.0909881546831485 
2.6752842099164185 0.6339318221181033 
2.6763338934787875 0.2719335797107918 
2.6767256858959603 0.4529229371198344 
2.7117467370570565 0.9057474496776813 
2.7184167522188885 0.0000000000015226 
2.7221458858589038 0.7246141434605488 
2.7239143006144926 0.1813700447259644 
2.7248089532209847 0.5436664398004080 
2.7251294309021845 0.3624017361487355 
2.7419776159623037 0.9999999996550710 
2.7758682640486798 0.8152934214999716 
2.7793012349335653 0.0907023229045920 
2.7809301032392679 0.6347536573791478 
2.7817539176456711 0.2715973874400579 
2.7821297197518304 0.4532366914563069 
2.8119173695014124 0.9054200589087690 
2.8174635976176039 0.0000000000014710 
2.8234402966683390 0.7256433722934800 
2.8245069854360647 0.1807515536400117 
2.8252406474526577 0.5444646665871060 
2.8253285744599315 0.3623160196088490 
2.8316323934668173 0.9999999996720789 
2.8851415778810674 0.8166068177941652 
2.8875825564304134 0.0897004900517675 
2.8889851714101296 0.6362392188258902 
2.8893774581290113 0.2710929134464910 
2.8895534751487673 0.4535940452362019 
2.9095934233097691 0.9047534303259248 
2.9129010346779936 0.0000000000013802 
2.9162759117673902 0.9999999996471822 
2.9196867253844418 0.1798589543000715 
2.9198056128503431 0.3623137862268499 
2.9198615426253820 0.7278689305750701 
2.9198630359100766 0.5451694547985633 
2.9999999994771436 0.5453176360094607 
2.9999999994772550 0.7288514487299064 
2.9999999994778426 0.3624776849159676 
2.9999999994792717 0.1801132889537232 
2.9999999995898503 0.9106949160574995 
2.9999999998013460 0.2711764021117122 
2.9999999998007958 0.4538035909791780 
2.9999999998063749 0.6368721556046244 
2.9999999998406204 0.0889825508053810 
2.9999999998765383 0.8203821374956495 
3.0000000000000000 0.0000000000000000 
3.0000000000000000 1.0000000000000000 
