349 363 356 
356 363 357 
333 326 321 
162 174 168 
19 6 24 
9 16 3 
2 16 9 
68 75 63 
364 356 357 
347 356 364 
350 366 361 
368 352 361 
361 352 350 
307 300 312 
315 327 322 
322 310 315 
317 310 322 
322 329 317 
315 310 303 
314 326 320 
321 326 314 
320 326 332 
326 333 338 
338 332 326 
345 366 350 
350 338 345 
345 338 333 
263 256 268 
265 270 276 
179 184 174 
190 184 179 
179 183 190 
173 183 179 
114 119 126 
95 87 100 
100 87 92 
107 119 114 
95 100 107 
6 19 8 
34 22 27 
46 41 34 
34 39 46 
27 39 34 
32 39 27 
18 2 1 
30 42 35 
75 68 80 
92 87 80 
80 87 75 
63 58 51 
46 39 51 
51 58 46 
65 58 70 
70 78 65 
63 75 70 
70 58 63 
244 239 232 
232 239 227 
196 183 192 
190 183 196 
245 257 250 
233 240 245 
367 365 351 
365 346 351 
339 351 346 
362 348 353 
353 346 365 
353 348 341 
341 346 353 
305 300 293 
305 310 317 
317 312 305 
305 312 300 
295 300 307 
289 283 295 
304 299 311 
319 313 307 
307 312 319 
319 331 325 
325 313 319 
328 333 321 
336 329 341 
336 343 331 
341 348 336 
348 343 336 
324 336 331 
329 336 324 
331 319 324 
324 319 312 
317 329 324 
324 312 317 
354 343 348 
354 348 362 
362 359 354 
349 343 354 
354 363 349 
354 359 363 
286 280 292 
341 329 334 
329 322 334 
334 346 341 
334 339 346 
334 322 327 
327 339 334 
245 240 252 
252 257 245 
242 248 236 
308 296 302 
308 314 320 
302 314 308 
302 296 290 
296 284 290 
332 338 344 
350 352 344 
344 338 350 
366 345 355 
347 364 355 
256 263 251 
251 244 256 
239 244 251 
161 165 173 
178 172 187 
173 165 177 
192 183 177 
177 183 173 
168 175 163 
163 175 169 
143 150 138 
53 58 65 
46 58 53 
53 41 46 
36 41 48 
48 43 36 
41 53 48 
55 43 48 
5 22 14 
14 12 5 
24 6 14 
6 12 14 
19 25 17 
7 8 17 
17 8 19 
31 43 37 
37 25 31 
36 43 31 
31 25 19 
24 36 31 
31 19 24 
3 15 10 
10 15 4 
3 16 21 
21 15 3 
26 21 33 
15 21 26 
4 15 20 
20 32 27 
20 26 32 
15 26 20 
23 16 2 
2 18 23 
23 18 30 
30 35 23 
33 21 28 
28 21 16 
16 23 28 
28 23 35 
39 32 44 
44 51 39 
78 70 82 
95 90 82 
82 90 78 
82 87 95 
75 87 82 
82 70 75 
78 90 84 
232 227 220 
217 211 205 
205 210 217 
205 199 193 
211 199 205 
223 211 217 
204 196 192 
192 199 204 
204 199 211 
262 257 269 
262 250 257 
267 255 262 
262 255 250 
228 233 221 
240 233 228 
234 227 239 
209 220 215 
215 220 227 
360 353 365 
362 353 360 
300 295 288 
293 300 288 
283 276 288 
288 295 283 
311 299 306 
299 294 306 
321 314 309 
309 314 302 
337 343 349 
337 330 325 
325 331 337 
331 343 337 
335 330 342 
342 356 347 
347 335 342 
330 337 342 
349 356 342 
342 337 349 
316 328 321 
321 309 316 
316 309 304 
316 304 311 
323 330 335 
335 328 323 
323 316 311 
328 316 323 
281 286 293 
281 276 270 
293 288 281 
281 288 276 
280 286 275 
268 280 275 
275 263 268 
270 263 275 
275 281 270 
286 281 275 
298 303 310 
293 286 298 
292 303 298 
298 286 292 
298 305 293 
310 305 298 
247 252 240 
241 253 247 
269 257 264 
257 252 264 
299 304 291 
285 279 291 
287 294 299 
299 291 287 
287 291 279 
249 255 261 
261 255 267 
260 266 272 
236 224 230 
230 242 236 
272 266 278 
278 284 272 
278 290 284 
285 290 278 
366 355 358 
358 355 364 
340 328 335 
340 335 347 
347 355 340 
333 328 340 
340 345 333 
340 355 345 
258 263 270 
258 251 263 
258 270 265 
265 253 258 
174 162 167 
167 179 174 
173 179 167 
167 161 173 
193 199 186 
192 177 186 
186 199 192 
160 172 166 
172 178 166 
187 197 191 
191 178 187 
55 61 49 
49 43 55 
37 43 49 
114 126 120 
169 175 181 
157 163 169 
168 163 156 
156 162 168 
156 150 162 
119 107 112 
112 107 100 
55 48 60 
60 53 65 
60 48 53 
29 34 41 
29 41 36 
22 34 29 
29 14 22 
29 36 24 
24 14 29 
13 11 4 
4 20 13 
13 20 27 
27 22 13 
13 22 5 
5 11 13 
71 66 77 
47 42 54 
47 35 42 
229 223 217 
229 234 241 
211 223 216 
216 204 211 
223 228 216 
216 228 221 
221 214 208 
196 204 208 
208 216 221 
204 216 208 
213 201 207 
206 201 213 
212 200 206 
239 251 246 
246 234 239 
251 258 246 
246 258 253 
241 234 246 
246 253 241 
313 306 301 
307 313 301 
301 294 289 
301 306 294 
289 295 301 
301 295 307 
318 306 313 
318 313 325 
325 330 318 
311 306 318 
318 323 311 
330 323 318 
297 309 302 
297 290 285 
302 290 297 
285 291 297 
304 309 297 
297 291 304 
241 247 235 
235 229 241 
223 229 235 
235 247 240 
240 228 235 
235 228 223 
269 264 277 
277 283 289 
265 276 271 
271 276 283 
283 277 271 
271 277 264 
294 287 282 
269 277 282 
289 294 282 
282 277 289 
274 287 279 
274 279 267 
267 262 274 
274 262 269 
269 282 274 
274 282 287 
266 260 254 
254 242 249 
248 242 254 
254 260 248 
249 261 254 
254 261 266 
266 261 273 
273 278 266 
285 278 273 
273 261 267 
273 279 285 
267 279 273 
162 150 155 
155 167 162 
155 150 143 
161 167 155 
154 149 160 
160 166 154 
171 166 178 
198 205 193 
210 205 198 
203 197 209 
203 191 197 
209 215 203 
203 215 210 
210 198 203 
203 198 191 
126 138 132 
132 120 126 
131 136 143 
131 126 119 
143 138 131 
131 138 126 
143 136 148 
148 155 143 
161 155 148 
129 136 124 
119 112 124 
124 131 119 
136 131 124 
117 122 129 
129 124 117 
117 124 112 
113 125 118 
118 123 111 
77 89 83 
83 71 77 
54 66 59 
66 71 59 
71 64 59 
59 64 52 
59 47 54 
52 47 59 
51 44 56 
56 62 68 
56 68 63 
63 51 56 
128 122 116 
116 104 111 
116 123 128 
111 123 116 
40 47 52 
52 45 40 
40 28 35 
35 47 40 
33 28 40 
40 45 33 
38 26 33 
33 45 38 
32 26 38 
38 44 32 
73 79 85 
55 60 67 
67 61 55 
67 73 61 
79 73 67 
97 103 109 
85 79 91 
91 97 85 
103 97 91 
91 79 84 
121 109 115 
109 103 115 
96 84 90 
96 91 84 
103 91 96 
234 229 222 
227 234 222 
217 210 222 
222 229 217 
222 215 227 
210 215 222 
221 233 226 
226 214 221 
250 255 243 
243 255 249 
249 242 237 
242 230 237 
237 243 249 
231 243 237 
219 207 214 
214 226 219 
219 226 231 
213 207 219 
214 207 202 
190 196 202 
196 208 202 
202 208 214 
195 207 201 
195 189 184 
201 189 195 
195 184 190 
190 202 195 
195 202 207 
184 189 180 
168 174 180 
174 184 180 
180 175 168 
188 181 182 
182 181 175 
175 180 182 
182 180 189 
218 206 213 
218 230 224 
218 224 212 
212 206 218 
194 189 201 
201 206 194 
194 182 189 
194 206 200 
194 200 188 
188 182 194 
265 271 259 
259 253 265 
259 247 253 
259 271 264 
252 247 259 
259 264 252 
137 149 142 
149 154 142 
193 186 176 
159 154 166 
166 171 159 
185 171 178 
178 191 185 
191 198 185 
185 198 193 
193 176 185 
185 176 171 
144 138 150 
144 132 138 
150 156 144 
165 161 153 
161 148 153 
92 80 86 
86 98 92 
122 117 110 
110 98 104 
110 116 122 
104 116 110 
105 112 100 
105 117 112 
105 100 92 
92 98 105 
98 110 105 
105 110 117 
94 89 101 
94 83 89 
57 45 52 
69 62 57 
57 64 69 
52 64 57 
62 56 50 
50 57 62 
50 56 44 
44 38 50 
50 38 45 
45 57 50 
72 67 60 
78 84 72 
84 79 72 
79 67 72 
65 78 72 
72 60 65 
120 132 127 
127 115 120 
121 115 127 
102 96 90 
102 107 114 
95 107 102 
102 90 95 
114 120 108 
108 102 114 
96 102 108 
103 96 108 
120 115 108 
108 115 103 
231 226 238 
238 243 231 
250 243 238 
238 226 233 
245 250 238 
238 233 245 
231 237 225 
225 219 231 
213 219 225 
225 237 230 
225 218 213 
230 218 225 
135 140 128 
128 123 135 
130 125 137 
137 142 130 
130 118 125 
123 118 130 
130 135 123 
142 135 130 
171 176 164 
164 159 171 
151 156 163 
151 144 156 
163 157 151 
157 145 151 
141 136 129 
141 148 136 
141 153 148 
74 62 69 
68 62 74 
74 80 68 
74 86 80 
83 94 88 
106 118 111 
106 94 101 
101 113 106 
113 118 106 
147 135 142 
147 142 154 
154 159 147 
140 135 147 
170 176 186 
170 164 176 
170 177 165 
170 186 177 
164 170 158 
165 153 158 
158 170 165 
121 127 133 
144 151 139 
132 144 139 
139 127 132 
139 133 127 
139 151 145 
145 133 139 
104 98 93 
98 86 93 
88 93 81 
81 74 69 
86 74 81 
81 93 86 
99 88 94 
99 106 111 
94 106 99 
111 104 99 
104 93 99 
99 93 88 
71 83 76 
83 88 76 
76 64 71 
88 81 76 
69 64 76 
76 81 69 
159 164 152 
152 147 159 
140 147 152 
164 158 152 
128 140 134 
134 122 128 
129 122 134 
134 141 129 
153 141 146 
146 158 153 
141 134 146 
146 134 140 
140 152 146 
146 152 158 
