1
2
4
6
8
10
12
16
23
29
38
51
63
79
96
118
140
167
192
227
252
291
316
356
384
424
467
494
542
572
616
666
717
767
818
870
921
972
1022
1073
1121
1173
1200
1248
1296
1343
1389
1435
1473
1502
1542
1567
1601
1622
1649
1674
1691
1709
1726
1740
1751
1760
1766
1774
1777
1779
1781
1783
1785
1787
1788
1786
1784
1782
1780
1778
1776
1771
1763
1759
1749
1739
1727
1713
1695
1676
1659
1633
1606
1582
1548
1522
1481
1438
1399
1367
1320
1272
1224
1175
1125
1074
1023
971
902
845
794
743
691
641
592
543
495
451
420
378
336
301
272
236
210
181
154
132
108
90
73
57
46
35
27
19
13
11
9
7
5
3
1
