21 31 14 
541 569 543 
4 6 21 
21 14 4 
14 2 4 
902 845 873 
92 79 110 
79 96 110 
1776 1761 1778 
1319 1344 1309 
1075 1073 1121 
972 946 921 
921 946 895 
895 870 921 
1158 1178 1132 
291 292 252 
495 541 543 
569 541 591 
472 521 503 
543 569 592 
994 1023 971 
46 35 58 
224 181 191 
47 35 27 
58 35 47 
971 902 926 
926 994 971 
947 994 926 
926 898 947 
926 902 873 
873 898 926 
1288 1261 1310 
1238 1288 1263 
1261 1288 1238 
992 1037 1018 
1015 1037 992 
1060 1036 1010 
1723 1737 1747 
702 679 728 
307 265 284 
1552 1570 1528 
1589 1570 1552 
21 6 17 
17 36 21 
63 79 92 
128 110 96 
92 110 125 
1760 1737 1751 
1766 1747 1760 
1760 1747 1737 
1706 1737 1723 
1300 1330 1277 
665 716 690 
690 716 741 
665 603 642 
642 603 616 
616 666 642 
616 603 572 
1296 1319 1271 
1271 1248 1296 
1343 1389 1344 
1344 1319 1343 
1343 1319 1296 
1344 1389 1390 
1390 1389 1435 
1200 1174 1173 
1225 1249 1202 
1158 1185 1202 
1202 1185 1225 
1202 1178 1158 
844 895 869 
869 819 844 
818 870 844 
870 895 844 
766 792 817 
741 792 766 
1084 1132 1104 
472 503 452 
451 420 452 
541 495 493 
493 503 541 
493 495 451 
451 452 493 
493 452 503 
549 591 541 
541 503 549 
549 503 521 
956 927 901 
989 1013 959 
989 959 933 
933 959 903 
210 181 224 
224 251 271 
28 37 50 
182 147 160 
142 160 126 
126 160 147 
15 3 1 
15 5 3 
7 5 22 
5 15 22 
45 37 22 
22 33 45 
22 15 33 
1256 1230 1282 
1205 1230 1256 
1204 1179 1228 
1153 1179 1204 
1213 1238 1263 
1187 1238 1213 
1263 1288 1312 
1061 1037 1015 
1015 1036 1061 
1109 1137 1087 
1087 1137 1110 
1087 1061 1109 
1037 1061 1087 
990 1036 1015 
1010 1036 990 
1187 1137 1160 
1109 1136 1160 
1160 1137 1109 
1036 1060 1085 
1085 1061 1036 
1085 1136 1109 
1109 1061 1085 
1035 1010 988 
1035 1060 1010 
1764 1753 1772 
1772 1784 1782 
1782 1764 1772 
1783 1785 1773 
1773 1785 1769 
1538 1578 1557 
1362 1385 1410 
1310 1261 1286 
1286 1333 1310 
1769 1785 1787 
1781 1770 1779 
1762 1770 1750 
1779 1770 1762 
1540 1520 1561 
1561 1520 1539 
1617 1653 1635 
1617 1637 1653 
1653 1637 1671 
1758 1747 1766 
1766 1774 1758 
1684 1714 1701 
862 916 888 
888 833 862 
410 458 433 
387 408 362 
410 433 387 
387 433 408 
485 463 440 
513 463 485 
784 811 838 
810 757 784 
784 838 810 
783 810 836 
757 810 783 
331 290 312 
312 353 331 
350 331 373 
331 353 373 
374 396 418 
418 396 441 
1313 1265 1290 
1653 1671 1689 
1651 1685 1666 
1535 1557 1575 
1575 1555 1535 
1557 1578 1594 
1594 1575 1557 
1612 1575 1594 
1627 1610 1644 
1589 1610 1627 
1593 1575 1612 
1555 1575 1593 
1589 1552 1572 
1572 1610 1589 
1555 1593 1572 
1572 1593 1610 
1532 1569 1554 
1554 1569 1588 
255 232 214 
274 232 255 
255 297 274 
274 297 318 
276 297 255 
320 297 276 
322 367 343 
343 367 389 
413 367 391 
389 367 413 
78 63 92 
51 63 78 
148 114 129 
129 114 98 
98 112 129 
129 112 146 
74 59 84 
98 114 84 
49 74 54 
49 59 74 
104 71 89 
228 207 242 
186 207 228 
1752 1776 1771 
1752 1761 1776 
1707 1692 1677 
1664 1677 1644 
1666 1682 1648 
1682 1664 1648 
1698 1682 1666 
1666 1685 1698 
1698 1715 1724 
1685 1715 1698 
1754 1752 1771 
1712 1698 1724 
1682 1698 1712 
1738 1748 1761 
1761 1752 1738 
1738 1752 1725 
1725 1712 1738 
1724 1748 1738 
1738 1712 1724 
1742 1753 1764 
1764 1748 1742 
1742 1748 1724 
1724 1715 1742 
1767 1748 1764 
1767 1778 1761 
1761 1748 1767 
1688 1706 1675 
1675 1657 1688 
1641 1657 1675 
1737 1706 1716 
1688 1703 1716 
1716 1706 1688 
1479 1500 1523 
1499 1479 1523 
1620 1655 1640 
1602 1620 1640 
1584 1620 1602 
1621 1657 1641 
1641 1604 1621 
1640 1657 1621 
1621 1602 1640 
1625 1604 1641 
1568 1553 1527 
1699 1714 1684 
1679 1710 1699 
1729 1714 1699 
1699 1710 1729 
1726 1740 1717 
1703 1687 1717 
1658 1674 1691 
1658 1691 1683 
1672 1687 1703 
1672 1703 1688 
1640 1655 1672 
1655 1687 1672 
1672 1657 1640 
1688 1657 1672 
1601 1563 1567 
1601 1622 1583 
1583 1563 1601 
1418 1392 1436 
1436 1390 1435 
1392 1390 1436 
1418 1436 1460 
1151 1127 1177 
1276 1325 1300 
1298 1325 1276 
1276 1252 1298 
1227 1252 1276 
1305 1277 1330 
1353 1383 1330 
1353 1325 1374 
1353 1330 1300 
1300 1325 1353 
1149 1185 1158 
1149 1116 1174 
1174 1185 1149 
692 666 717 
692 642 666 
692 716 665 
665 642 692 
793 844 819 
767 818 793 
818 844 793 
603 585 566 
566 572 603 
535 518 566 
566 585 535 
665 690 625 
625 690 650 
625 603 665 
625 585 603 
339 295 314 
425 380 401 
401 356 384 
1225 1271 1273 
1273 1271 1319 
1273 1249 1225 
1273 1319 1309 
1309 1249 1273 
1200 1248 1223 
1248 1271 1223 
1223 1174 1200 
1223 1185 1174 
1225 1185 1223 
1223 1271 1225 
1347 1322 1309 
1309 1344 1347 
1344 1390 1347 
1347 1390 1392 
1369 1392 1418 
1369 1347 1392 
1322 1347 1369 
1121 1173 1126 
1075 1121 1126 
1126 1116 1075 
1174 1116 1126 
1126 1173 1174 
714 766 739 
650 690 714 
714 690 741 
741 766 714 
1101 1127 1151 
1102 1153 1129 
843 819 869 
843 792 819 
817 792 843 
843 868 817 
920 895 946 
869 895 920 
958 945 977 
919 945 958 
270 295 253 
252 292 270 
292 314 270 
270 314 295 
349 375 332 
253 242 211 
211 242 207 
167 192 211 
617 592 569 
617 641 592 
569 591 617 
950 1011 978 
978 924 950 
849 901 875 
875 901 927 
900 875 927 
1047 1011 984 
984 1011 950 
986 1012 1043 
986 927 956 
956 1012 986 
1043 1012 1069 
956 901 928 
903 959 928 
851 903 877 
877 901 849 
903 928 877 
877 928 901 
987 1012 956 
956 928 987 
987 928 959 
987 959 1013 
1044 1066 1017 
326 344 303 
369 326 350 
344 326 369 
382 403 359 
427 403 382 
472 452 428 
428 448 472 
471 448 426 
471 519 496 
496 448 471 
496 521 472 
472 448 496 
521 496 545 
545 496 519 
647 670 697 
591 549 609 
1438 1399 1413 
1345 1391 1368 
1172 1124 1147 
1281 1253 1236 
1348 1324 1303 
1324 1281 1303 
250 210 224 
236 210 250 
224 271 250 
154 191 181 
303 344 317 
133 121 101 
108 121 139 
139 132 108 
37 28 18 
7 22 18 
18 22 37 
42 66 52 
42 28 50 
50 66 42 
40 47 27 
40 61 47 
280 324 304 
304 324 347 
70 46 58 
209 170 189 
246 225 265 
244 284 265 
265 225 244 
142 126 107 
107 126 94 
120 156 138 
138 105 120 
120 105 86 
94 126 111 
111 126 147 
20 15 1 
1 2 20 
20 2 14 
20 14 31 
33 15 20 
973 948 999 
1205 1181 1154 
1154 1103 1129 
469 444 490 
904 951 930 
1439 1393 1416 
1231 1181 1205 
1205 1256 1231 
1206 1181 1231 
1231 1256 1280 
1231 1255 1206 
1280 1255 1231 
1304 1256 1282 
1280 1256 1304 
1301 1255 1280 
1301 1279 1255 
1301 1349 1326 
1326 1279 1301 
1393 1349 1372 
1416 1393 1372 
1372 1397 1416 
1372 1352 1397 
1228 1179 1203 
1203 1179 1151 
1151 1177 1203 
1203 1177 1227 
1230 1204 1254 
1282 1230 1254 
1228 1277 1254 
1254 1204 1228 
1254 1305 1282 
1277 1305 1254 
1129 1153 1180 
1153 1204 1180 
1180 1154 1129 
1180 1204 1230 
1180 1230 1205 
1205 1154 1180 
1187 1213 1161 
1161 1137 1187 
1110 1137 1161 
1295 1268 1317 
1335 1385 1362 
1362 1312 1335 
1335 1288 1310 
1335 1312 1288 
1062 1087 1110 
1018 1037 1062 
1037 1087 1062 
938 961 988 
1302 1279 1326 
1257 1279 1302 
1186 1160 1136 
1108 1085 1060 
1136 1085 1108 
1233 1279 1257 
1206 1255 1233 
1255 1279 1233 
1060 1035 1083 
1083 1108 1060 
1134 1108 1083 
883 934 909 
909 934 960 
1783 1773 1765 
1765 1781 1783 
1770 1781 1765 
1750 1770 1765 
1765 1743 1750 
1733 1745 1719 
1768 1772 1753 
1753 1745 1768 
1768 1786 1784 
1784 1772 1768 
1539 1520 1497 
1533 1553 1574 
1578 1538 1558 
1339 1363 1384 
1362 1410 1387 
1259 1235 1284 
1284 1235 1258 
1684 1650 1667 
1667 1699 1684 
1679 1699 1667 
1527 1553 1507 
1489 1463 1507 
1507 1533 1489 
1553 1533 1507 
1741 1762 1750 
1741 1714 1729 
1779 1762 1777 
1581 1561 1539 
1598 1617 1635 
1578 1558 1598 
1755 1773 1769 
1755 1765 1773 
1743 1765 1755 
1668 1650 1684 
1684 1701 1668 
1728 1701 1714 
1728 1741 1750 
1714 1741 1728 
1750 1743 1728 
728 679 704 
968 992 1018 
1018 995 968 
892 918 864 
864 838 892 
836 810 864 
864 810 838 
1042 995 1018 
1018 1062 1042 
1046 996 1021 
997 1045 1021 
1019 996 1046 
1019 1067 1044 
1046 1067 1019 
1269 1244 1219 
1290 1265 1242 
1044 1067 1092 
1092 1066 1044 
506 527 479 
554 527 506 
341 387 362 
362 318 341 
341 297 320 
318 297 341 
531 558 509 
436 414 390 
908 932 957 
883 858 908 
957 934 908 
908 934 883 
808 783 836 
836 862 808 
808 862 833 
808 833 781 
757 783 731 
731 706 757 
678 702 726 
397 373 353 
397 374 418 
353 374 397 
275 319 298 
342 319 363 
321 298 342 
342 298 319 
296 319 275 
296 274 318 
340 318 362 
363 319 340 
340 296 318 
319 296 340 
254 213 232 
232 274 254 
254 296 275 
274 296 254 
347 371 327 
307 284 327 
327 304 347 
284 304 327 
351 371 396 
396 374 351 
307 327 351 
351 327 371 
392 371 347 
392 414 440 
396 371 416 
463 441 416 
416 441 396 
440 463 416 
416 392 440 
371 392 416 
418 441 465 
1555 1572 1531 
1531 1572 1552 
1246 1267 1220 
1653 1689 1669 
1685 1651 1669 
1635 1653 1669 
1669 1651 1635 
1719 1745 1730 
1730 1745 1753 
1753 1742 1730 
1730 1742 1715 
1528 1570 1551 
1467 1450 1427 
1492 1450 1467 
1609 1627 1643 
1609 1643 1628 
1609 1570 1589 
1589 1627 1609 
1721 1692 1707 
1708 1692 1721 
1643 1627 1661 
1661 1627 1644 
1644 1677 1661 
1661 1677 1692 
1630 1593 1612 
1630 1664 1644 
1644 1610 1630 
1610 1593 1630 
1612 1648 1630 
1630 1648 1664 
1744 1759 1735 
1708 1721 1735 
1735 1721 1744 
1735 1759 1749 
1680 1694 1711 
1708 1694 1678 
1678 1692 1708 
1643 1661 1678 
1678 1661 1692 
1739 1727 1711 
1427 1450 1403 
1379 1358 1403 
1445 1401 1423 
1423 1401 1379 
1379 1403 1423 
1423 1403 1450 
1470 1493 1445 
1470 1450 1492 
1445 1423 1470 
1470 1423 1450 
1445 1493 1464 
1471 1480 1437 
1633 1623 1659 
1605 1588 1626 
232 213 193 
193 214 232 
193 213 174 
370 415 391 
200 165 185 
185 165 148 
391 367 346 
346 370 391 
325 370 346 
346 302 325 
346 367 322 
322 302 346 
364 343 389 
364 389 410 
410 387 364 
387 341 364 
320 343 364 
364 341 320 
410 389 435 
389 413 435 
435 458 410 
435 413 461 
38 53 29 
81 112 98 
95 112 81 
29 53 44 
44 23 29 
261 241 283 
8 17 6 
54 65 39 
148 129 164 
164 185 148 
202 185 164 
164 129 146 
59 49 34 
34 44 59 
23 44 34 
34 16 23 
131 114 148 
148 165 131 
131 165 145 
145 113 131 
216 197 237 
237 257 216 
145 165 179 
179 159 145 
197 159 179 
179 165 200 
54 74 82 
82 65 54 
43 31 21 
21 36 43 
43 55 31 
43 71 55 
60 89 71 
60 43 36 
71 43 60 
174 156 136 
136 156 120 
207 186 173 
173 140 167 
167 211 173 
173 211 207 
140 173 150 
150 173 186 
163 128 150 
150 186 163 
125 143 109 
92 125 109 
109 78 92 
95 78 109 
127 112 95 
95 109 127 
127 109 143 
127 143 162 
162 146 127 
146 112 127 
1707 1677 1696 
1677 1664 1696 
1696 1664 1682 
1682 1712 1696 
1696 1725 1707 
1696 1712 1725 
1612 1594 1632 
1632 1648 1612 
1666 1648 1632 
1632 1651 1666 
1725 1752 1734 
1752 1754 1734 
1707 1725 1734 
1734 1721 1707 
1734 1754 1744 
1744 1721 1734 
1763 1759 1744 
1744 1754 1763 
1763 1754 1771 
1780 1764 1782 
1780 1767 1764 
1778 1767 1780 
1751 1737 1731 
1737 1716 1731 
1731 1740 1751 
1731 1716 1703 
1703 1717 1731 
1731 1717 1740 
1458 1479 1434 
1500 1479 1458 
1543 1562 1523 
1523 1500 1543 
1583 1562 1543 
1543 1563 1583 
1442 1422 1468 
1416 1397 1442 
1397 1422 1442 
1434 1479 1457 
1468 1422 1457 
1457 1499 1468 
1479 1499 1457 
1541 1499 1523 
1541 1577 1549 
1523 1562 1541 
1562 1577 1541 
1468 1499 1511 
1549 1526 1511 
1511 1541 1549 
1499 1541 1511 
1673 1687 1655 
1603 1620 1584 
1545 1524 1504 
1504 1526 1545 
1584 1602 1564 
1564 1545 1584 
1524 1545 1564 
1483 1459 1503 
1503 1525 1483 
1547 1568 1527 
1693 1710 1679 
1693 1675 1706 
1693 1706 1723 
1723 1710 1693 
1729 1710 1736 
1736 1710 1723 
1723 1747 1736 
1747 1758 1736 
1542 1567 1530 
1567 1563 1530 
1473 1436 1435 
1502 1460 1473 
1473 1460 1436 
1278 1322 1298 
1298 1252 1278 
1278 1249 1309 
1309 1322 1278 
1178 1202 1226 
1226 1202 1249 
1249 1278 1226 
1226 1278 1252 
1227 1177 1201 
1201 1252 1227 
1201 1226 1252 
1178 1226 1201 
1330 1383 1355 
1355 1305 1330 
768 793 819 
819 792 768 
741 716 768 
768 792 741 
742 692 717 
742 717 767 
767 793 742 
793 768 742 
716 692 742 
742 768 716 
572 566 542 
542 518 494 
542 566 518 
334 314 292 
334 291 316 
292 291 334 
600 625 650 
585 625 600 
498 522 475 
494 518 467 
358 401 380 
356 401 358 
380 334 358 
316 356 358 
358 334 316 
419 399 375 
444 399 419 
653 703 681 
677 703 653 
1374 1325 1346 
1346 1325 1298 
1298 1322 1346 
1322 1369 1346 
791 766 817 
739 766 791 
701 739 760 
739 791 760 
760 791 816 
857 906 879 
857 804 835 
753 703 727 
727 703 677 
1128 1101 1151 
1151 1179 1128 
1128 1179 1153 
1153 1102 1128 
835 816 867 
1025 1073 1075 
1025 1022 1073 
1022 1025 983 
946 972 983 
972 1022 983 
945 920 963 
963 977 945 
963 920 946 
946 983 963 
958 977 1003 
958 1003 980 
945 919 894 
894 843 869 
868 843 894 
894 919 868 
869 920 894 
894 920 945 
231 270 253 
253 211 231 
231 211 192 
332 288 308 
308 349 332 
377 333 355 
355 399 377 
332 375 355 
375 399 355 
794 743 769 
765 807 769 
820 845 794 
794 769 820 
820 769 807 
873 845 820 
999 948 974 
925 984 950 
872 900 925 
594 545 567 
567 545 519 
571 596 620 
548 596 571 
899 846 872 
872 925 899 
950 924 899 
899 925 950 
1014 986 1043 
1047 984 1014 
1118 1069 1094 
1094 1144 1118 
1089 1114 1063 
1063 1114 1091 
911 965 937 
939 965 911 
878 933 903 
878 907 933 
878 853 907 
878 903 851 
350 326 310 
310 331 350 
310 290 331 
310 268 290 
394 369 350 
350 373 394 
224 191 212 
212 251 224 
190 203 172 
190 170 209 
293 250 271 
403 427 447 
471 426 447 
447 426 403 
427 474 447 
405 427 382 
406 452 420 
406 428 452 
406 420 378 
381 359 403 
403 426 381 
360 381 402 
402 381 426 
448 428 402 
402 426 448 
336 301 337 
570 545 594 
521 545 570 
570 549 521 
570 609 549 
621 570 594 
609 570 621 
621 670 647 
647 609 621 
1323 1345 1368 
1299 1253 1281 
1299 1281 1324 
1324 1345 1299 
1275 1253 1299 
1299 1323 1275 
1345 1323 1299 
1367 1320 1321 
1196 1221 1239 
1211 1236 1253 
1211 1198 1172 
1197 1147 1170 
1172 1147 1197 
1197 1211 1172 
1236 1211 1197 
1145 1195 1169 
1169 1221 1196 
1169 1195 1221 
1170 1147 1123 
1096 1118 1145 
1043 1069 1096 
1069 1118 1096 
1091 1114 1143 
1221 1195 1241 
1241 1222 1264 
1241 1195 1222 
1379 1401 1356 
1145 1118 1168 
1168 1118 1144 
1168 1195 1145 
1222 1195 1168 
90 121 108 
73 101 90 
90 101 121 
46 70 57 
171 154 132 
171 139 172 
132 139 171 
191 154 171 
172 203 171 
171 212 191 
203 212 171 
294 271 251 
361 317 344 
361 405 382 
83 101 73 
73 57 83 
83 70 100 
83 57 70 
172 139 152 
152 139 121 
152 190 172 
170 190 152 
133 170 152 
152 121 133 
28 11 9 
9 18 28 
7 18 9 
52 66 80 
80 111 97 
80 66 94 
94 111 80 
32 42 52 
52 40 32 
26 11 28 
28 42 26 
42 32 26 
13 11 26 
26 32 13 
58 47 75 
47 61 75 
75 88 103 
61 88 75 
19 40 27 
13 32 19 
19 32 40 
178 160 142 
233 254 275 
213 254 233 
278 298 321 
347 324 368 
390 414 368 
368 392 347 
414 392 368 
390 368 345 
345 368 324 
100 116 134 
153 169 134 
134 116 153 
153 116 135 
135 116 103 
225 246 206 
182 219 204 
219 244 204 
204 244 225 
209 189 230 
289 265 307 
289 246 265 
260 244 219 
280 304 260 
260 304 284 
284 244 260 
50 37 62 
62 37 45 
94 66 77 
77 107 94 
77 66 50 
50 62 77 
176 138 156 
105 138 123 
142 107 123 
45 33 56 
120 86 102 
102 136 120 
119 136 102 
871 899 924 
846 899 871 
1155 1181 1206 
882 905 932 
882 858 832 
932 908 882 
882 908 858 
930 905 880 
880 904 930 
516 469 490 
753 803 779 
779 803 830 
805 779 830 
756 779 805 
1459 1439 1482 
1503 1459 1482 
1482 1524 1503 
1504 1524 1482 
1393 1439 1415 
1415 1439 1459 
1351 1328 1373 
1327 1372 1349 
1280 1304 1327 
1327 1304 1352 
1352 1372 1327 
1327 1301 1280 
1349 1301 1327 
1228 1203 1251 
1251 1276 1300 
1227 1276 1251 
1251 1203 1227 
1300 1277 1251 
1251 1277 1228 
1295 1317 1342 
1292 1317 1268 
1263 1312 1292 
811 840 866 
866 917 892 
892 838 866 
866 838 811 
992 968 942 
942 968 917 
865 840 813 
813 841 865 
964 938 988 
988 1010 964 
1010 990 964 
964 990 940 
961 938 912 
1350 1302 1326 
1328 1302 1350 
1350 1373 1328 
1394 1373 1350 
1283 1302 1328 
1257 1302 1283 
1159 1186 1136 
1136 1108 1159 
1159 1108 1134 
1237 1286 1261 
1259 1286 1237 
981 1004 1030 
957 932 981 
981 1007 957 
1030 1007 981 
932 905 953 
953 981 932 
1004 981 953 
953 905 930 
930 951 976 
976 953 930 
1004 953 976 
1133 1183 1157 
1234 1283 1258 
1257 1283 1234 
1207 1233 1257 
1257 1234 1207 
1207 1234 1183 
988 961 1009 
1009 1035 988 
985 1009 961 
1034 1009 985 
960 1008 985 
985 1008 1034 
957 1007 982 
982 934 957 
960 934 982 
982 1008 960 
883 909 860 
1745 1733 1757 
1757 1768 1745 
1705 1689 1671 
1719 1689 1705 
1705 1733 1719 
1475 1497 1455 
1475 1452 1495 
1455 1410 1429 
1429 1475 1455 
1452 1475 1429 
1429 1410 1385 
1333 1354 1378 
1495 1452 1469 
1495 1537 1518 
1518 1475 1495 
1497 1475 1518 
1539 1497 1518 
1516 1537 1495 
1489 1533 1516 
1516 1469 1489 
1495 1469 1516 
1337 1313 1290 
1293 1244 1269 
1363 1339 1316 
1339 1293 1316 
1269 1294 1316 
1316 1293 1269 
1432 1410 1455 
1432 1387 1410 
1478 1497 1520 
1455 1497 1478 
1478 1432 1455 
1498 1520 1540 
1498 1478 1520 
1258 1235 1208 
1208 1234 1258 
1157 1183 1208 
1183 1234 1208 
1306 1284 1258 
1306 1283 1328 
1258 1283 1306 
1306 1328 1351 
1375 1354 1332 
1351 1375 1332 
1332 1306 1351 
1284 1306 1332 
1592 1613 1574 
1574 1553 1592 
1592 1568 1607 
1553 1568 1592 
1650 1613 1631 
1631 1667 1650 
1631 1592 1607 
1613 1592 1631 
1654 1671 1637 
1756 1777 1762 
1756 1758 1774 
1774 1777 1756 
1756 1741 1729 
1762 1741 1756 
1729 1736 1756 
1756 1736 1758 
1619 1581 1599 
1599 1636 1619 
1619 1654 1637 
1636 1654 1619 
1561 1581 1600 
1581 1619 1600 
1637 1617 1600 
1600 1619 1637 
1614 1594 1578 
1578 1598 1614 
1614 1632 1594 
1614 1598 1635 
1635 1651 1614 
1651 1632 1614 
1580 1598 1558 
1540 1561 1580 
1580 1558 1540 
1561 1600 1580 
1617 1598 1580 
1580 1600 1617 
1733 1705 1720 
1616 1636 1599 
1599 1579 1616 
1686 1668 1701 
1718 1728 1743 
1704 1686 1718 
1701 1728 1718 
1718 1686 1701 
997 943 970 
970 943 918 
916 943 969 
969 943 997 
997 1021 969 
969 1021 996 
916 862 890 
890 864 918 
890 862 836 
836 864 890 
890 943 916 
918 943 890 
1088 1062 1110 
1088 1042 1062 
1020 1045 997 
995 1042 1020 
997 970 1020 
1020 970 995 
1093 1067 1046 
859 833 888 
888 913 859 
996 1019 967 
939 913 967 
849 875 823 
823 798 849 
548 501 525 
1190 1219 1244 
1190 1141 1165 
1165 1219 1190 
1089 1066 1113 
1066 1092 1113 
1113 1092 1141 
1039 1069 1012 
1013 1064 1039 
1094 1069 1039 
1039 1064 1094 
1039 987 1013 
1012 987 1039 
1289 1267 1314 
1220 1267 1243 
1264 1222 1243 
1243 1289 1264 
1267 1289 1243 
1265 1313 1291 
1291 1246 1265 
1267 1246 1291 
1314 1267 1291 
1264 1289 1311 
1360 1380 1404 
408 433 456 
506 479 456 
481 457 505 
457 479 505 
505 479 527 
505 529 481 
386 409 363 
362 408 386 
386 340 362 
363 340 386 
458 508 482 
506 456 482 
482 433 458 
482 456 433 
559 508 532 
530 554 506 
506 482 530 
530 482 508 
530 508 559 
559 582 530 
530 582 554 
533 558 583 
513 485 533 
485 509 533 
533 509 558 
533 560 513 
583 560 533 
730 704 680 
553 505 527 
529 505 553 
414 436 460 
440 414 460 
460 485 440 
460 509 485 
634 653 681 
468 443 421 
758 811 784 
785 840 811 
811 758 785 
785 758 733 
785 733 759 
785 759 813 
813 840 785 
755 808 781 
783 808 755 
755 731 783 
781 730 755 
679 702 654 
702 678 654 
654 678 628 
628 678 652 
268 310 286 
286 310 326 
286 326 303 
303 263 286 
251 212 239 
239 212 203 
373 397 417 
438 394 417 
417 394 373 
434 409 457 
434 457 481 
481 459 434 
363 409 388 
388 342 363 
409 434 388 
1472 1449 1428 
1388 1433 1411 
1513 1472 1494 
1555 1531 1513 
1513 1494 1535 
1535 1555 1513 
1510 1531 1552 
1510 1488 1465 
1510 1552 1528 
1528 1488 1510 
1685 1669 1702 
1702 1669 1689 
1702 1715 1685 
1702 1730 1715 
1702 1689 1719 
1719 1730 1702 
1509 1488 1528 
1528 1551 1509 
1509 1551 1529 
1550 1590 1569 
1569 1532 1550 
1529 1551 1571 
1571 1550 1529 
1590 1550 1571 
1591 1551 1570 
1570 1609 1591 
1591 1571 1551 
1591 1609 1628 
1711 1694 1722 
1722 1735 1749 
1722 1694 1708 
1708 1735 1722 
1749 1739 1722 
1722 1739 1711 
1697 1680 1711 
1697 1727 1713 
1711 1727 1697 
1493 1470 1514 
1514 1532 1554 
1492 1532 1514 
1514 1470 1492 
1424 1401 1445 
1445 1464 1424 
1508 1480 1471 
1444 1438 1413 
1481 1438 1444 
1444 1480 1481 
1444 1437 1480 
1695 1676 1663 
1663 1626 1646 
1642 1626 1663 
1642 1676 1659 
1663 1676 1642 
1659 1623 1642 
1642 1623 1605 
1605 1626 1642 
1608 1588 1569 
1608 1626 1588 
1569 1590 1608 
1608 1590 1629 
1629 1646 1608 
1608 1646 1626 
155 193 174 
174 136 155 
155 136 119 
322 343 299 
299 343 320 
320 276 299 
276 257 299 
325 302 281 
221 185 202 
202 241 221 
221 241 261 
200 185 221 
53 38 64 
64 81 53 
51 78 64 
64 38 51 
64 78 95 
95 81 64 
59 44 68 
68 44 53 
53 81 68 
68 81 98 
98 84 68 
68 84 59 
180 199 162 
162 143 180 
222 180 201 
199 180 222 
220 241 202 
163 184 144 
144 128 163 
110 128 144 
144 125 110 
311 267 288 
311 355 333 
311 288 332 
332 355 311 
201 184 223 
377 399 423 
423 399 444 
444 469 423 
446 423 469 
261 283 305 
305 281 261 
325 281 305 
12 16 30 
30 49 54 
54 39 30 
30 34 49 
16 34 30 
17 8 25 
25 8 10 
36 17 25 
183 164 146 
183 146 162 
162 199 183 
199 220 183 
202 164 183 
183 220 202 
99 131 113 
99 82 74 
113 82 99 
114 131 99 
74 84 99 
99 84 114 
124 113 145 
145 159 124 
124 159 141 
141 106 124 
177 159 197 
197 216 177 
216 195 177 
141 159 177 
255 214 234 
234 216 257 
214 195 234 
234 195 216 
234 276 255 
234 257 276 
76 106 89 
89 60 76 
104 89 122 
89 106 122 
122 106 141 
140 150 118 
118 128 96 
118 150 128 
1638 1674 1658 
1638 1649 1674 
1395 1369 1418 
1374 1346 1395 
1395 1346 1369 
1374 1395 1431 
1416 1442 1461 
1504 1482 1461 
1461 1439 1416 
1461 1482 1439 
1486 1442 1468 
1468 1511 1486 
1486 1511 1526 
1486 1526 1504 
1504 1461 1486 
1486 1461 1442 
1687 1673 1700 
1726 1717 1700 
1700 1717 1687 
1700 1673 1683 
1565 1526 1549 
1565 1603 1584 
1584 1545 1565 
1565 1545 1526 
1549 1577 1587 
1587 1565 1549 
1603 1565 1587 
1658 1683 1656 
1683 1673 1656 
1655 1620 1639 
1620 1603 1639 
1639 1673 1655 
1639 1656 1673 
1585 1621 1604 
1602 1621 1585 
1585 1564 1602 
1459 1483 1440 
1440 1415 1459 
1394 1415 1440 
1506 1483 1525 
1506 1547 1527 
1525 1547 1506 
1568 1547 1586 
1604 1625 1586 
1586 1625 1607 
1607 1568 1586 
1542 1530 1501 
1501 1502 1542 
1501 1460 1502 
1178 1201 1152 
1152 1132 1178 
1104 1132 1152 
1152 1127 1104 
1152 1177 1127 
1152 1201 1177 
1305 1355 1331 
1352 1304 1331 
1282 1305 1331 
1331 1304 1282 
1397 1352 1377 
1377 1422 1397 
1352 1331 1377 
1377 1331 1355 
535 585 551 
585 600 551 
551 498 535 
551 522 498 
500 475 522 
476 500 524 
454 429 476 
407 429 454 
473 467 518 
473 518 535 
535 498 473 
424 467 473 
339 314 357 
357 334 380 
314 334 357 
425 475 449 
476 429 449 
449 500 476 
475 500 449 
393 366 407 
349 366 393 
375 349 393 
393 419 375 
677 653 627 
835 804 780 
780 816 835 
780 760 816 
777 803 753 
753 727 777 
1028 975 1002 
879 906 929 
929 904 879 
951 904 929 
929 975 951 
1101 1128 1077 
1077 1128 1102 
835 867 884 
884 931 906 
884 857 835 
906 857 884 
817 868 842 
842 791 817 
816 791 842 
842 867 816 
1033 980 1003 
1056 1084 1104 
1056 1033 1084 
1127 1101 1079 
1031 1056 1079 
1104 1127 1079 
1079 1056 1104 
977 963 1000 
1000 983 1025 
1000 963 983 
1122 1149 1158 
1158 1132 1122 
1132 1084 1122 
935 919 958 
958 980 935 
1006 1056 1031 
980 1033 1006 
1033 1056 1006 
252 270 227 
270 231 227 
227 231 192 
266 308 288 
228 242 266 
282 242 253 
253 295 282 
282 266 242 
308 266 282 
333 309 287 
287 311 333 
267 311 287 
287 309 264 
354 309 333 
354 333 377 
354 376 329 
329 309 354 
718 743 691 
718 715 765 
765 769 718 
718 769 743 
691 641 667 
667 718 691 
715 718 667 
641 617 667 
765 715 740 
740 697 749 
640 667 617 
640 617 591 
591 609 640 
640 609 647 
923 974 948 
984 925 954 
954 1014 984 
986 1014 954 
927 986 954 
954 900 927 
954 925 900 
669 695 720 
745 796 770 
770 720 745 
745 720 695 
645 695 669 
523 501 548 
548 571 523 
1040 1017 1066 
1040 1066 1089 
1089 1063 1040 
1063 1016 1040 
776 750 726 
801 750 776 
825 799 851 
851 877 825 
825 877 849 
849 798 825 
748 698 724 
724 750 775 
775 748 724 
799 748 775 
775 750 801 
907 853 881 
856 911 881 
937 907 881 
881 911 937 
827 802 856 
856 881 827 
827 881 853 
827 776 802 
827 853 801 
801 776 827 
801 853 826 
826 775 801 
826 878 851 
853 878 826 
851 799 826 
799 775 826 
248 286 263 
268 286 248 
209 230 248 
248 230 268 
335 381 360 
359 381 335 
313 301 272 
337 301 313 
293 335 313 
360 337 313 
313 335 360 
236 250 273 
250 293 273 
272 236 273 
273 313 272 
293 313 273 
497 447 474 
497 519 471 
471 447 497 
453 474 427 
427 405 453 
405 431 453 
499 474 453 
428 406 379 
379 402 428 
379 406 378 
379 337 360 
360 402 379 
378 336 379 
379 336 337 
594 567 618 
747 696 723 
698 748 723 
671 645 620 
695 645 671 
1099 1125 1074 
1150 1125 1099 
1119 1076 1050 
1119 1171 1135 
1135 1076 1119 
1175 1125 1150 
1150 1199 1175 
1175 1199 1224 
1366 1323 1368 
1366 1368 1413 
1366 1367 1321 
1413 1399 1366 
1399 1367 1366 
1236 1197 1214 
1214 1197 1170 
1214 1170 1196 
1196 1239 1214 
1262 1239 1221 
1221 1241 1262 
1145 1169 1120 
1120 1096 1145 
1196 1170 1146 
1170 1123 1146 
1146 1169 1196 
1146 1120 1169 
1146 1123 1097 
1097 1120 1146 
1098 1147 1124 
1098 1123 1147 
1071 1097 1047 
1043 1096 1071 
1071 1120 1097 
1096 1120 1071 
1047 1014 1071 
1071 1014 1043 
1117 1144 1094 
1091 1143 1117 
1117 1167 1144 
1143 1167 1117 
1094 1064 1117 
1117 1064 1091 
1166 1143 1114 
1287 1241 1264 
1264 1311 1287 
1308 1262 1287 
1287 1262 1241 
1308 1356 1329 
1348 1303 1329 
1222 1168 1194 
1220 1243 1194 
1194 1243 1222 
1194 1167 1220 
1194 1168 1144 
1144 1167 1194 
338 294 317 
382 359 338 
338 361 382 
317 361 338 
67 80 97 
52 80 67 
97 88 67 
67 88 61 
67 40 52 
61 40 67 
97 111 130 
130 111 147 
100 70 87 
87 116 100 
87 70 58 
58 75 87 
103 116 87 
87 75 103 
238 260 219 
280 260 238 
182 160 198 
160 178 198 
198 219 182 
198 238 219 
256 233 275 
256 278 235 
275 298 256 
298 278 256 
300 278 321 
321 345 300 
300 324 280 
300 345 324 
100 134 115 
115 83 100 
133 101 115 
101 83 115 
151 170 133 
133 115 151 
151 115 134 
151 134 169 
151 189 170 
169 189 151 
149 135 117 
117 130 149 
103 88 117 
117 135 103 
117 88 97 
97 130 117 
225 206 187 
187 204 225 
182 204 166 
149 130 166 
166 187 149 
204 187 166 
166 147 182 
166 130 147 
290 268 249 
268 230 249 
312 289 330 
353 312 330 
330 374 353 
330 351 374 
307 351 330 
330 289 307 
72 86 105 
72 56 86 
72 62 45 
45 56 72 
91 77 62 
91 72 105 
62 72 91 
107 77 91 
105 123 91 
91 123 107 
215 196 176 
235 196 215 
215 256 235 
233 256 215 
158 178 142 
138 176 158 
158 196 178 
176 196 158 
142 123 158 
158 123 138 
194 156 174 
194 176 156 
174 213 194 
194 215 176 
213 233 194 
233 215 194 
41 56 33 
31 55 41 
41 20 31 
33 20 41 
69 102 86 
86 56 69 
69 41 55 
56 41 69 
852 876 898 
852 898 873 
873 820 852 
852 820 807 
896 923 948 
874 923 896 
947 898 922 
898 876 922 
922 973 947 
876 896 922 
948 973 922 
922 896 948 
1103 1154 1130 
1130 1080 1103 
1130 1154 1181 
1105 1080 1130 
1181 1155 1130 
1130 1155 1105 
1055 1007 1030 
1030 1080 1055 
1055 1080 1105 
1055 1105 1081 
1131 1106 1081 
1081 1105 1131 
1105 1155 1131 
854 880 830 
904 880 854 
830 803 854 
879 904 854 
537 516 490 
537 557 586 
490 510 537 
537 510 557 
660 708 686 
660 634 681 
681 708 660 
753 779 729 
729 703 753 
681 703 729 
729 708 681 
729 779 756 
756 708 729 
855 880 905 
832 805 855 
830 880 855 
855 805 830 
855 882 832 
905 882 855 
1371 1349 1393 
1393 1415 1371 
1326 1349 1371 
1371 1350 1326 
1371 1415 1394 
1394 1350 1371 
1396 1375 1351 
1351 1373 1396 
1188 1161 1213 
1240 1213 1263 
1268 1215 1240 
1240 1188 1213 
1215 1188 1240 
1263 1292 1240 
1240 1292 1268 
1365 1342 1317 
1388 1342 1365 
1363 1316 1341 
1341 1316 1294 
1015 992 966 
992 942 966 
966 942 915 
966 990 1015 
940 990 966 
966 915 940 
915 942 891 
840 865 891 
891 865 915 
891 866 840 
917 866 891 
891 942 917 
735 762 787 
787 841 813 
813 759 787 
787 759 735 
814 863 841 
841 787 814 
814 787 762 
762 788 814 
839 863 814 
814 788 839 
841 863 889 
889 865 841 
940 915 889 
915 865 889 
938 964 914 
914 889 863 
914 964 940 
940 889 914 
887 912 938 
887 863 839 
839 861 887 
861 912 887 
938 914 887 
887 914 863 
936 909 960 
960 985 936 
961 912 936 
936 985 961 
1186 1159 1209 
1209 1235 1259 
1259 1237 1209 
1209 1237 1186 
1160 1186 1210 
1186 1237 1210 
1187 1160 1210 
1210 1238 1187 
1261 1238 1210 
1210 1237 1261 
1081 1106 1057 
1034 1008 1057 
1004 976 1029 
1058 1009 1034 
1058 1083 1035 
1035 1009 1058 
832 858 809 
1768 1757 1775 
1788 1786 1775 
1786 1768 1775 
1775 1757 1769 
1775 1787 1788 
1769 1787 1775 
1690 1705 1671 
1671 1654 1690 
1704 1720 1690 
1690 1720 1705 
1406 1429 1385 
1452 1429 1406 
1385 1335 1357 
1357 1406 1385 
1378 1406 1357 
1333 1378 1357 
1310 1333 1357 
1357 1335 1310 
1375 1396 1420 
1556 1579 1537 
1556 1533 1574 
1556 1516 1533 
1537 1516 1556 
1559 1581 1539 
1537 1579 1559 
1599 1581 1559 
1559 1579 1599 
1539 1518 1559 
1559 1518 1537 
1315 1337 1290 
1315 1293 1339 
1290 1242 1266 
1266 1315 1290 
1293 1315 1266 
1244 1293 1266 
1387 1432 1412 
1412 1433 1388 
1388 1365 1412 
1412 1365 1387 
1478 1498 1456 
1432 1478 1456 
1433 1412 1456 
1456 1412 1432 
1184 1208 1235 
1235 1209 1184 
1184 1209 1159 
1184 1159 1134 
1184 1134 1157 
1157 1208 1184 
1307 1332 1354 
1333 1286 1307 
1307 1354 1333 
1307 1286 1259 
1259 1284 1307 
1284 1332 1307 
1679 1667 1645 
1667 1631 1645 
1607 1625 1645 
1645 1631 1607 
1746 1755 1769 
1769 1757 1746 
1746 1757 1733 
1733 1720 1746 
1650 1668 1634 
1634 1613 1650 
1595 1616 1579 
1574 1613 1595 
1613 1634 1595 
1595 1634 1616 
1595 1556 1574 
1579 1556 1595 
1668 1686 1652 
1652 1634 1668 
1636 1616 1652 
1616 1634 1652 
1755 1746 1732 
1732 1746 1720 
1743 1755 1732 
1732 1718 1743 
1732 1720 1704 
1704 1718 1732 
944 970 918 
917 968 944 
944 968 995 
995 970 944 
892 917 944 
944 918 892 
1111 1139 1090 
1090 1139 1112 
1042 1088 1065 
1065 1020 1042 
1045 1020 1065 
1065 1090 1045 
1065 1088 1111 
1111 1090 1065 
1140 1093 1112 
885 859 913 
885 913 939 
939 911 885 
885 911 856 
1017 965 993 
993 967 1019 
993 965 939 
939 967 993 
1044 1017 993 
993 1019 1044 
916 969 941 
941 967 913 
941 969 996 
996 967 941 
888 916 941 
941 913 888 
796 823 847 
847 823 875 
847 900 872 
875 900 847 
575 596 548 
548 525 575 
575 622 596 
504 525 478 
478 525 501 
528 504 486 
1247 1294 1269 
1247 1270 1294 
1269 1219 1247 
1245 1215 1268 
1245 1268 1295 
1295 1270 1245 
1216 1190 1244 
1216 1242 1191 
1244 1266 1216 
1216 1266 1242 
1141 1190 1164 
1164 1113 1141 
1164 1216 1191 
1190 1216 1164 
1142 1114 1089 
1089 1113 1142 
1113 1164 1142 
1142 1166 1114 
1191 1166 1142 
1142 1164 1191 
1314 1291 1336 
1336 1291 1313 
1336 1360 1314 
1380 1360 1336 
1404 1380 1426 
1334 1311 1358 
1334 1358 1379 
1379 1356 1334 
1334 1356 1308 
1308 1287 1334 
1334 1287 1311 
1338 1289 1314 
1338 1311 1289 
1314 1360 1338 
1358 1311 1338 
457 409 432 
432 479 457 
432 456 479 
408 456 432 
432 386 408 
409 386 432 
484 532 508 
484 508 458 
484 435 461 
458 435 484 
559 532 584 
679 654 629 
730 680 705 
705 755 730 
731 755 705 
605 553 580 
527 554 580 
580 553 527 
578 553 605 
578 556 529 
529 553 578 
436 459 483 
483 460 436 
531 509 483 
509 460 483 
512 484 461 
532 484 512 
415 443 466 
443 468 489 
489 466 443 
514 466 489 
735 759 709 
759 733 709 
784 757 732 
732 758 784 
757 706 732 
604 654 628 
604 560 583 
583 629 604 
604 629 654 
699 652 678 
699 750 724 
699 678 726 
726 750 699 
724 698 673 
673 699 724 
652 699 673 
673 626 652 
673 698 648 
648 626 673 
277 294 251 
251 239 277 
317 294 277 
277 239 263 
303 317 277 
277 263 303 
263 239 226 
226 248 263 
203 190 226 
226 239 203 
226 190 209 
209 248 226 
442 417 397 
442 465 486 
442 397 418 
418 465 442 
411 388 434 
411 434 459 
411 436 390 
411 459 436 
342 388 365 
321 342 365 
365 345 321 
388 411 365 
390 345 365 
365 411 390 
1472 1428 1453 
1430 1474 1453 
1494 1472 1453 
1453 1474 1494 
1384 1363 1408 
1408 1428 1384 
1430 1453 1408 
1408 1453 1428 
1517 1557 1535 
1517 1538 1557 
1535 1494 1517 
1494 1474 1517 
1454 1474 1430 
1454 1411 1433 
1430 1411 1454 
1531 1510 1491 
1472 1513 1491 
1491 1513 1531 
1491 1449 1472 
1465 1449 1491 
1491 1510 1465 
1490 1509 1529 
1529 1550 1512 
1512 1490 1529 
1467 1490 1512 
1492 1467 1512 
1512 1532 1492 
1512 1550 1532 
1590 1571 1611 
1629 1590 1611 
1611 1591 1628 
1571 1591 1611 
1628 1647 1611 
1611 1647 1629 
1662 1678 1694 
1694 1680 1662 
1680 1647 1662 
1662 1647 1628 
1628 1643 1662 
1643 1678 1662 
1401 1424 1376 
1376 1356 1401 
1348 1329 1376 
1376 1329 1356 
1471 1437 1419 
1419 1437 1391 
1515 1464 1493 
1515 1485 1464 
1522 1508 1548 
1481 1480 1522 
1480 1508 1522 
1391 1437 1414 
1437 1444 1414 
1368 1391 1414 
1413 1368 1414 
1414 1444 1413 
1680 1697 1665 
1665 1647 1680 
1629 1647 1665 
1665 1646 1629 
279 257 237 
279 299 257 
279 302 322 
322 299 279 
259 279 237 
259 281 302 
302 279 259 
261 281 240 
240 221 261 
281 259 240 
200 221 240 
161 180 143 
161 144 184 
161 184 201 
201 180 161 
161 143 125 
125 144 161 
262 283 241 
241 220 262 
262 306 283 
199 222 243 
243 220 199 
243 262 220 
243 222 264 
245 222 201 
201 223 245 
264 222 245 
245 223 267 
245 287 264 
267 287 245 
267 223 247 
288 267 247 
228 266 247 
247 266 288 
205 223 184 
163 186 205 
205 184 163 
205 186 228 
228 247 205 
205 247 223 
469 516 492 
492 446 469 
492 470 446 
348 370 325 
325 305 348 
24 25 10 
39 25 24 
24 30 39 
24 10 12 
12 30 24 
93 124 106 
65 82 93 
93 82 113 
113 124 93 
93 76 65 
106 76 93 
193 155 175 
214 193 175 
175 195 214 
48 60 36 
48 76 60 
65 76 48 
48 39 65 
36 25 48 
48 25 39 
137 155 119 
137 119 104 
104 122 137 
137 175 155 
1622 1649 1618 
1649 1638 1618 
1583 1622 1618 
1409 1458 1434 
1409 1431 1458 
1374 1431 1409 
1434 1383 1409 
1409 1353 1374 
1383 1353 1409 
1726 1700 1709 
1709 1700 1683 
1709 1683 1691 
1615 1638 1658 
1615 1587 1577 
1603 1587 1624 
1624 1639 1603 
1656 1639 1624 
1587 1615 1624 
1658 1656 1624 
1624 1615 1658 
1566 1547 1525 
1566 1585 1604 
1604 1586 1566 
1566 1586 1547 
1546 1525 1503 
1564 1585 1546 
1546 1566 1525 
1585 1566 1546 
1503 1524 1546 
1524 1564 1546 
1417 1373 1394 
1394 1440 1417 
1417 1396 1373 
1460 1501 1484 
1484 1501 1530 
1422 1377 1407 
1407 1383 1434 
1407 1355 1383 
1407 1377 1355 
1434 1457 1407 
1407 1457 1422 
424 473 430 
384 424 430 
430 401 384 
404 380 425 
425 449 404 
404 449 429 
404 357 380 
602 627 653 
586 557 602 
557 576 602 
602 576 627 
602 634 586 
653 634 602 
751 780 804 
804 777 751 
751 777 727 
828 777 804 
828 857 879 
804 857 828 
803 777 828 
879 854 828 
828 854 803 
906 931 952 
952 1002 975 
952 929 906 
975 929 952 
1053 1002 1031 
1031 1079 1053 
1053 1079 1101 
1028 1002 1053 
1053 1077 1028 
1101 1077 1053 
1027 1003 977 
977 1000 1027 
931 884 910 
910 884 867 
893 842 868 
868 919 893 
919 935 893 
935 910 893 
867 842 893 
893 910 867 
323 295 339 
323 282 295 
339 366 323 
323 366 349 
349 308 323 
308 282 323 
376 354 400 
400 354 377 
377 423 400 
423 446 400 
715 667 676 
667 640 676 
697 740 676 
676 740 715 
647 697 676 
676 640 647 
974 923 949 
924 978 949 
978 1005 949 
949 1005 974 
897 923 874 
897 871 924 
924 949 897 
897 949 923 
1070 1098 1124 
669 720 693 
796 745 772 
747 798 772 
772 823 796 
798 823 772 
1038 1016 1063 
1038 1064 1013 
1038 1013 989 
989 1016 1038 
1091 1064 1038 
1038 1063 1091 
962 1016 989 
989 933 962 
962 907 937 
933 907 962 
991 965 1017 
1017 1040 991 
991 1040 1016 
1016 962 991 
937 965 991 
991 962 937 
726 702 752 
752 776 726 
752 702 728 
802 776 752 
728 778 752 
752 778 802 
754 730 781 
754 704 730 
728 704 754 
754 778 728 
831 885 856 
859 885 831 
856 802 831 
802 778 831 
477 523 499 
499 453 477 
477 453 431 
501 523 477 
344 369 385 
385 431 405 
385 361 344 
405 361 385 
670 621 644 
644 618 668 
644 621 594 
594 618 644 
644 694 670 
668 694 644 
672 622 648 
672 723 696 
648 698 672 
698 723 672 
774 723 748 
774 748 799 
774 798 747 
747 723 774 
799 825 774 
774 825 798 
696 671 646 
646 672 696 
622 672 646 
596 622 646 
620 596 646 
646 671 620 
721 671 696 
721 696 747 
721 745 695 
695 671 721 
747 772 721 
721 772 745 
1100 1076 1135 
1135 1150 1100 
1150 1099 1100 
1100 1049 1076 
1099 1049 1100 
1095 1119 1050 
1095 1070 1124 
1148 1124 1172 
1172 1198 1148 
1148 1095 1124 
1119 1095 1148 
1148 1198 1171 
1171 1119 1148 
1076 1049 1024 
999 1050 1024 
1050 1076 1024 
1024 973 999 
998 994 947 
947 973 998 
973 1024 998 
998 1024 1049 
1048 1099 1074 
1048 1049 1099 
1074 1023 1048 
1048 998 1049 
1023 994 1048 
994 998 1048 
1135 1171 1176 
1176 1150 1135 
1176 1199 1150 
1171 1198 1212 
1212 1176 1171 
1274 1320 1272 
1321 1320 1274 
1297 1250 1275 
1275 1323 1297 
1321 1274 1297 
1297 1274 1250 
1297 1366 1321 
1323 1366 1297 
1236 1214 1260 
1281 1236 1260 
1260 1303 1281 
1260 1214 1239 
1220 1167 1193 
1193 1246 1220 
1193 1167 1143 
1143 1166 1193 
1239 1262 1285 
1285 1329 1303 
1285 1262 1308 
1308 1329 1285 
1303 1260 1285 
1285 1260 1239 
294 338 315 
315 293 271 
271 294 315 
315 338 359 
359 335 315 
315 335 293 
235 278 258 
278 300 258 
280 238 258 
258 300 280 
168 187 206 
153 135 168 
168 135 149 
149 187 168 
188 169 153 
153 168 188 
188 168 206 
229 206 246 
229 188 206 
208 230 189 
208 249 230 
208 229 249 
208 189 169 
169 188 208 
188 229 208 
217 198 178 
178 196 217 
217 196 235 
235 258 217 
238 198 217 
217 258 238 
102 69 85 
85 71 104 
55 71 85 
85 69 55 
104 119 85 
119 102 85 
797 824 773 
848 824 797 
874 824 848 
848 897 874 
871 897 848 
749 773 800 
800 773 824 
722 697 670 
670 694 722 
749 697 722 
722 773 749 
1032 982 1007 
1007 1055 1032 
1032 1055 1081 
1008 982 1032 
1081 1057 1032 
1032 1057 1008 
1233 1207 1182 
1206 1233 1182 
1182 1155 1206 
1182 1131 1155 
563 537 586 
516 537 563 
1161 1188 1138 
1110 1161 1138 
1138 1088 1110 
1111 1088 1138 
1340 1365 1317 
1340 1312 1362 
1362 1387 1340 
1387 1365 1340 
1340 1292 1312 
1317 1292 1340 
1363 1341 1386 
1386 1408 1363 
1386 1411 1430 
1430 1408 1386 
1295 1342 1318 
1318 1341 1294 
1318 1270 1295 
1294 1270 1318 
909 936 886 
837 860 886 
886 860 909 
886 861 837 
886 912 861 
886 936 912 
1001 976 951 
1001 1029 976 
1001 975 1028 
951 975 1001 
1004 1029 1054 
1030 1004 1054 
1103 1080 1054 
1054 1080 1030 
1078 1102 1129 
1078 1054 1029 
1129 1103 1078 
1103 1054 1078 
1082 1058 1034 
1106 1133 1082 
1082 1057 1106 
1034 1057 1082 
1107 1133 1157 
1083 1058 1107 
1107 1082 1133 
1058 1082 1107 
1157 1134 1107 
1134 1083 1107 
834 858 883 
834 809 858 
883 860 834 
832 809 782 
782 805 832 
756 805 782 
1421 1469 1452 
1452 1406 1421 
1421 1406 1378 
1425 1449 1465 
1361 1339 1384 
1361 1382 1337 
1361 1315 1339 
1337 1315 1361 
1679 1645 1660 
1660 1693 1679 
1675 1693 1660 
1660 1645 1625 
1641 1675 1660 
1660 1625 1641 
1670 1652 1686 
1670 1686 1704 
1704 1690 1670 
1670 1690 1654 
1670 1654 1636 
1636 1652 1670 
1068 1093 1046 
1045 1090 1068 
1112 1093 1068 
1068 1090 1112 
1046 1021 1068 
1068 1021 1045 
1093 1140 1115 
1115 1092 1067 
1067 1093 1115 
1141 1092 1115 
1165 1141 1115 
1115 1140 1165 
796 847 821 
770 796 821 
872 846 821 
821 847 872 
622 575 599 
648 622 599 
599 626 648 
577 626 599 
504 478 462 
417 442 462 
438 417 462 
462 478 438 
486 504 462 
462 442 486 
486 465 511 
511 528 486 
1270 1247 1217 
1217 1245 1270 
1380 1336 1359 
1337 1382 1359 
1313 1337 1359 
1359 1336 1313 
1509 1490 1466 
1488 1509 1466 
1381 1360 1404 
1381 1338 1360 
1358 1338 1381 
1381 1403 1358 
1381 1404 1427 
1427 1403 1381 
635 584 611 
611 661 635 
559 584 610 
610 582 559 
610 633 582 
610 659 633 
610 584 635 
635 659 610 
581 558 531 
531 556 581 
583 558 607 
607 629 583 
558 581 607 
607 581 630 
657 706 682 
706 731 682 
731 705 682 
582 633 608 
554 582 608 
608 580 554 
507 459 481 
507 483 459 
481 529 507 
529 556 507 
507 556 531 
531 483 507 
635 661 685 
735 709 685 
685 659 635 
709 659 685 
636 613 662 
587 613 636 
636 611 587 
661 611 636 
588 613 562 
562 613 587 
536 562 587 
514 562 536 
415 466 439 
391 415 439 
461 413 439 
439 413 391 
515 489 468 
683 706 657 
683 732 706 
733 758 707 
758 732 707 
732 683 707 
601 626 577 
628 652 601 
652 626 601 
1538 1517 1496 
1496 1517 1474 
1474 1454 1496 
1370 1419 1391 
1370 1324 1348 
1370 1345 1324 
1391 1345 1370 
1398 1376 1424 
1419 1370 1398 
1348 1376 1398 
1398 1370 1348 
1447 1424 1464 
1464 1485 1447 
1447 1398 1424 
1419 1398 1447 
1447 1485 1471 
1471 1419 1447 
1493 1514 1536 
1536 1515 1493 
1536 1514 1554 
1548 1508 1544 
1681 1665 1697 
1681 1695 1663 
1663 1646 1681 
1646 1665 1681 
1681 1697 1713 
1713 1695 1681 
218 259 237 
218 179 200 
200 240 218 
218 240 259 
237 197 218 
197 179 218 
306 262 285 
329 306 285 
285 243 264 
262 243 285 
264 309 285 
285 309 329 
421 398 445 
445 468 421 
415 370 395 
370 348 395 
395 443 415 
421 443 395 
372 395 348 
372 398 421 
421 395 372 
328 305 283 
328 348 305 
283 306 328 
328 372 348 
175 137 157 
141 177 157 
157 122 141 
157 137 122 
157 177 195 
195 175 157 
1597 1618 1638 
1638 1615 1597 
1597 1615 1577 
1597 1577 1562 
1597 1562 1583 
1583 1618 1597 
1483 1506 1462 
1462 1440 1483 
1462 1417 1440 
1418 1460 1451 
1460 1484 1451 
1451 1395 1418 
1451 1431 1395 
1458 1431 1476 
1500 1458 1476 
1431 1451 1476 
1476 1451 1484 
1521 1484 1530 
1521 1543 1500 
1500 1476 1521 
1521 1476 1484 
1563 1543 1521 
1521 1530 1563 
677 627 651 
547 500 522 
547 524 500 
624 600 650 
550 524 573 
524 547 573 
573 547 597 
450 473 498 
450 430 473 
498 475 450 
450 475 425 
425 401 450 
401 430 450 
383 404 429 
383 429 407 
407 366 383 
383 366 339 
339 357 383 
357 404 383 
464 480 510 
444 419 464 
490 444 464 
464 510 490 
419 393 437 
437 464 419 
480 464 437 
454 480 437 
407 454 437 
437 393 407 
502 524 550 
502 480 454 
476 524 502 
502 454 476 
510 480 526 
557 510 526 
526 576 557 
550 576 526 
526 502 550 
480 502 526 
700 651 674 
677 651 700 
700 727 677 
700 751 727 
760 780 725 
780 751 725 
701 760 725 
751 700 725 
725 674 701 
725 700 674 
979 952 931 
1002 952 979 
1031 1002 979 
979 1006 1031 
1116 1149 1086 
1149 1122 1086 
1051 1027 1000 
1051 1025 1075 
1051 1000 1025 
1051 1086 1027 
1075 1116 1051 
1116 1086 1051 
955 935 980 
955 910 935 
980 1006 955 
1006 979 955 
931 910 955 
955 979 931 
1005 1070 1026 
1026 1050 999 
1026 1095 1050 
1070 1095 1026 
999 974 1026 
974 1005 1026 
1098 1070 1041 
1041 1070 1005 
1041 978 1011 
1041 1005 978 
719 694 668 
668 693 719 
778 754 806 
806 831 778 
806 754 781 
781 833 806 
833 859 806 
859 831 806 
501 477 455 
438 478 455 
455 478 501 
455 477 431 
593 618 567 
595 571 620 
620 645 595 
520 497 474 
520 474 499 
499 523 546 
546 520 499 
568 520 546 
546 595 568 
546 523 571 
571 595 546 
1229 1212 1198 
1250 1212 1229 
1275 1250 1229 
1229 1253 1275 
1229 1211 1253 
1198 1211 1229 
1199 1176 1232 
1176 1212 1232 
1232 1274 1272 
1232 1212 1250 
1250 1274 1232 
1272 1224 1232 
1224 1199 1232 
1246 1193 1218 
1218 1242 1265 
1265 1246 1218 
1191 1242 1218 
1218 1166 1191 
1218 1193 1166 
269 289 312 
249 229 269 
246 289 269 
269 229 246 
269 312 290 
290 249 269 
822 848 797 
846 871 822 
871 848 822 
790 807 765 
765 740 790 
790 740 749 
749 800 790 
850 896 876 
874 896 850 
850 824 874 
850 800 824 
1156 1182 1207 
1156 1133 1106 
1106 1131 1156 
1131 1182 1156 
1183 1133 1156 
1156 1207 1183 
662 613 638 
638 613 588 
637 660 686 
686 663 637 
637 663 615 
539 492 516 
516 563 539 
586 634 612 
612 563 586 
634 660 612 
660 637 612 
1162 1138 1188 
1162 1188 1215 
1162 1139 1111 
1111 1138 1162 
1364 1386 1341 
1364 1318 1342 
1341 1318 1364 
1364 1342 1388 
1388 1411 1364 
1411 1386 1364 
837 861 815 
815 861 839 
839 788 815 
1029 1001 1052 
1102 1078 1052 
1052 1078 1029 
1052 1077 1102 
1028 1077 1052 
1052 1001 1028 
756 782 734 
734 708 756 
686 708 734 
1400 1421 1378 
1400 1378 1354 
1400 1354 1375 
1375 1420 1400 
1449 1425 1405 
1384 1428 1405 
1405 1428 1449 
1405 1425 1382 
1405 1361 1384 
1382 1361 1405 
1402 1426 1380 
1382 1425 1402 
1380 1359 1402 
1402 1359 1382 
504 528 552 
552 599 575 
552 528 577 
577 599 552 
552 525 504 
552 575 525 
513 560 534 
577 528 555 
528 511 555 
555 601 577 
511 534 555 
1165 1140 1192 
1192 1219 1165 
1192 1247 1219 
1192 1217 1247 
1448 1466 1490 
1448 1467 1427 
1448 1490 1467 
1427 1404 1448 
1404 1426 1448 
1426 1466 1448 
684 709 733 
684 659 709 
733 707 684 
633 659 684 
556 578 606 
606 581 556 
630 581 606 
679 629 655 
629 607 655 
655 704 679 
655 607 630 
655 680 704 
655 630 680 
661 636 687 
662 712 687 
687 636 662 
587 611 561 
561 536 587 
561 611 584 
512 536 561 
561 584 532 
532 512 561 
487 466 514 
514 536 487 
487 536 512 
487 439 466 
487 512 461 
461 439 487 
489 515 538 
588 562 538 
564 588 538 
538 515 564 
514 489 538 
538 562 514 
632 683 657 
657 605 632 
605 580 632 
580 608 632 
658 707 683 
683 632 658 
633 684 658 
658 684 707 
658 608 633 
658 632 608 
1538 1496 1519 
1519 1498 1540 
1540 1558 1519 
1519 1558 1538 
1477 1456 1498 
1498 1519 1477 
1477 1519 1496 
1477 1496 1454 
1433 1456 1477 
1477 1454 1433 
1576 1536 1554 
1554 1588 1576 
1576 1588 1605 
1505 1544 1508 
1471 1485 1505 
1505 1508 1471 
1548 1544 1582 
422 398 376 
422 445 398 
470 445 422 
376 400 422 
446 470 422 
422 400 446 
491 515 468 
468 445 491 
491 445 470 
352 306 329 
398 372 352 
352 328 306 
372 328 352 
329 376 352 
376 398 352 
1487 1462 1506 
1487 1506 1527 
1527 1507 1487 
1487 1507 1463 
674 651 623 
623 573 597 
597 547 574 
574 624 597 
522 551 574 
574 547 522 
574 551 600 
600 624 574 
701 674 649 
674 623 649 
597 624 649 
649 623 597 
650 714 675 
675 624 650 
675 649 624 
701 649 675 
675 739 701 
675 714 739 
1003 1027 1059 
1027 1086 1059 
1059 1033 1003 
1084 1033 1059 
1059 1122 1084 
1059 1086 1122 
1098 1041 1072 
1097 1123 1072 
1123 1098 1072 
1047 1097 1072 
1072 1011 1047 
1072 1041 1011 
797 773 746 
773 722 746 
746 722 694 
694 719 746 
744 693 720 
744 719 693 
744 720 770 
412 455 431 
412 385 369 
431 385 412 
369 394 412 
412 394 438 
438 455 412 
619 593 568 
568 595 619 
619 645 669 
619 595 645 
568 593 544 
544 520 568 
544 593 567 
497 520 544 
544 567 519 
519 497 544 
829 850 876 
807 790 829 
829 790 800 
800 850 829 
829 852 807 
876 852 829 
738 712 688 
688 712 662 
662 638 688 
664 688 638 
589 637 615 
589 612 637 
589 539 563 
563 612 589 
1139 1162 1189 
1189 1162 1215 
1215 1245 1189 
1245 1217 1189 
837 815 789 
738 764 789 
763 712 738 
738 789 763 
763 789 815 
763 815 788 
812 834 860 
812 789 764 
812 860 837 
837 789 812 
761 782 809 
761 734 782 
1421 1400 1443 
1469 1421 1443 
1443 1420 1463 
1443 1400 1420 
1443 1463 1489 
1489 1469 1443 
1426 1402 1446 
1488 1466 1446 
1446 1466 1426 
1446 1402 1425 
1465 1488 1446 
1446 1425 1465 
513 534 488 
488 463 513 
488 441 463 
488 534 511 
488 465 441 
488 511 465 
628 601 579 
579 534 560 
601 555 579 
579 555 534 
579 604 628 
560 604 579 
680 630 656 
630 606 656 
656 705 680 
656 682 705 
631 578 605 
631 606 578 
631 656 606 
631 605 657 
657 682 631 
682 656 631 
661 687 710 
710 762 735 
735 685 710 
710 685 661 
736 788 762 
762 710 736 
736 710 687 
736 687 712 
736 763 788 
712 763 736 
1605 1623 1596 
1596 1576 1605 
1596 1633 1606 
1623 1633 1596 
517 491 470 
470 492 517 
492 539 517 
564 515 540 
515 491 540 
540 590 564 
491 517 540 
1462 1487 1441 
1441 1420 1396 
1463 1420 1441 
1441 1487 1463 
1396 1417 1441 
1417 1462 1441 
598 623 651 
627 576 598 
598 651 627 
598 576 550 
550 573 598 
573 623 598 
795 744 770 
770 821 795 
795 821 846 
846 822 795 
771 746 719 
719 744 771 
797 746 771 
744 795 771 
771 822 797 
771 795 822 
593 619 643 
668 618 643 
618 593 643 
643 619 669 
669 693 643 
643 693 668 
689 664 639 
639 663 689 
639 590 615 
615 663 639 
564 590 614 
614 664 638 
590 639 614 
614 639 664 
614 588 564 
614 638 588 
738 688 713 
688 664 713 
713 764 738 
713 737 764 
713 664 689 
689 737 713 
1139 1189 1163 
1112 1139 1163 
1163 1140 1112 
1163 1192 1140 
1217 1192 1163 
1163 1189 1217 
809 834 786 
786 761 809 
737 761 786 
764 737 786 
834 812 786 
786 812 764 
734 761 711 
711 663 686 
686 734 711 
689 663 711 
711 737 689 
711 761 737 
1544 1505 1534 
1485 1515 1534 
1534 1505 1485 
615 590 565 
565 517 539 
590 540 565 
565 540 517 
565 589 615 
539 589 565 
1544 1534 1573 
1573 1596 1606 
1606 1582 1573 
1573 1582 1544 
1576 1596 1560 
1536 1576 1560 
1596 1573 1560 
1560 1573 1534 
1515 1536 1560 
1560 1534 1515 
