-9.997423e+00 1.775981e-01 
-9.996885e+00 -2.056426e-01 
-9.982997e+00 5.654912e-01 
-9.978698e+00 -6.368595e-01 
-9.953367e+00 9.541956e-01 
-9.945066e+00 -1.037139e+00 
-9.909102e+00 1.337793e+00 
-9.886822e+00 -1.493568e+00 
-9.840733e+00 1.772000e+00 
-9.815018e+00 -1.909298e+00 
-9.759338e+00 2.176079e+00 
-9.711156e+00 -2.381899e+00 
-9.645618e+00 2.634779e+00 
-9.617678e+00 -3.212188e-01 
-9.609688e+00 5.469934e-01 
-9.592743e+00 -2.821220e+00 
-9.561321e+00 -1.177861e+00 
-9.524433e+00 1.417422e+00 
-9.516496e+00 3.068599e+00 
-9.513112e+00 1.116473e-01 
-9.491501e+00 -7.404801e-01 
-9.471989e+00 9.756110e-01 
-9.437833e+00 -3.302622e+00 
-9.433323e+00 -2.033414e+00 
-9.401818e+00 -1.581417e+00 
-9.376012e+00 2.273960e+00 
-9.369014e+00 3.493075e+00 
-9.361513e+00 1.825977e+00 
-9.264987e+00 -3.760320e+00 
-9.263921e+00 -2.437210e+00 
-9.212201e+00 -2.978599e-01 
-9.211036e+00 2.683902e+00 
-9.206920e+00 5.318185e-01 
-9.195375e+00 -2.950091e+00 
-9.180457e+00 3.962223e+00 
-9.160218e+00 -1.117752e+00 
-9.131730e+00 1.357552e+00 
-9.073063e+00 -4.202325e+00 
-9.059566e+00 -1.930986e+00 
-9.054960e+00 3.083072e+00 
-9.026657e+00 1.188416e-01 
-9.008085e+00 2.183023e+00 
-9.005355e+00 -6.919298e-01 
-9.004052e+00 -3.398068e+00 
-8.990805e+00 9.309374e-01 
-8.974583e+00 4.408726e+00 
-8.962434e+00 3.591961e+00 
-8.929226e+00 -1.494559e+00 
-8.912923e+00 -2.655442e+00 
-8.900757e+00 1.743447e+00 
-8.861607e+00 -4.631621e+00 
-8.819836e+00 2.584236e+00 
-8.813755e+00 -3.826527e+00 
-8.800220e+00 -2.255083e+00 
-8.759285e+00 -2.770730e-01 
-8.753993e+00 5.175509e-01 
-8.749744e+00 4.839626e+00 
-8.743118e+00 4.029192e+00 
-8.734051e+00 -3.053704e+00 
-8.711838e+00 -1.067634e+00 
-8.693325e+00 3.287342e+00 
-8.691172e+00 1.314342e+00 
-8.630534e+00 -5.049146e+00 
-8.613273e+00 -4.242457e+00 
-8.610807e+00 -1.838168e+00 
-8.599034e+00 2.126145e+00 
-8.569066e+00 2.900788e+00 
-8.544366e+00 -3.455723e+00 
-8.539268e+00 1.210295e-01 
-8.524745e+00 4.447951e+00 
-8.519188e+00 -6.611595e-01 
-8.509073e+00 9.060608e-01 
-8.504912e+00 5.257992e+00 
-8.494381e+00 -2.638953e+00 
-8.492305e+00 3.676582e+00 
-8.446892e+00 -1.434516e+00 
-8.436906e+00 1.701411e+00 
-8.398003e+00 -4.647988e+00 
-8.379811e+00 -5.455160e+00 
-8.357434e+00 2.492985e+00 
-8.351426e+00 -3.856629e+00 
-8.344838e+00 -2.224090e+00 
-8.296650e+00 4.854794e+00 
-8.294857e+00 -3.048231e+00 
-8.283901e+00 -2.648044e-01 
-8.280132e+00 5.094843e-01 
-8.279488e+00 4.069427e+00 
-8.259878e+00 3.271391e+00 
-8.239019e+00 -1.034783e+00 
-8.238871e+00 5.665775e+00 
-8.230358e+00 1.290979e+00 
-8.166544e+00 -5.043707e+00 
-8.156071e+00 -1.816642e+00 
-8.150293e+00 2.077566e+00 
-8.147527e+00 -4.252417e+00 
-8.109225e+00 -5.849826e+00 
-8.098928e+00 2.866363e+00 
-8.096111e+00 -3.452201e+00 
-8.070490e+00 -2.627998e+00 
-8.063015e+00 4.460989e+00 
-8.054721e+00 5.253635e+00 
-8.050775e+00 1.228210e-01 
-8.042548e+00 3.669579e+00 
-8.031245e+00 -6.435167e-01 
-8.027123e+00 8.941737e-01 
-7.972495e+00 -1.417798e+00 
-7.965876e+00 1.673133e+00 
-7.948974e+00 6.065791e+00 
-7.929786e+00 -4.640988e+00 
-7.918653e+00 -5.430047e+00 
-7.895517e+00 2.463666e+00 
-7.894213e+00 -3.850350e+00 
-7.894130e+00 -2.215560e+00 
-7.856313e+00 -3.038367e+00 
-7.837788e+00 4.847764e+00 
-7.823744e+00 4.063974e+00 
-7.823102e+00 3.259295e+00 
-7.817992e+00 -6.233698e+00 
-7.799480e+00 -2.577769e-01 
-7.798242e+00 5.064412e-01 
-7.797995e+00 5.650438e+00 
-7.763187e+00 -1.025687e+00 
-7.757931e+00 1.277080e+00 
-7.699444e+00 -1.811779e+00 
-7.697861e+00 -5.021147e+00 
-7.692188e+00 2.060860e+00 
-7.682414e+00 -4.241317e+00 
-7.654510e+00 -5.808535e+00 
-7.647510e+00 -3.442105e+00 
-7.639289e+00 2.854833e+00 
-7.636133e+00 -2.622898e+00 
-7.628841e+00 6.463806e+00 
-7.604229e+00 5.229814e+00 
-7.601477e+00 4.454469e+00 
-7.594521e+00 3.660559e+00 
-7.562454e+00 1.245417e-01 
-7.546649e+00 -6.394713e-01 
-7.544083e+00 8.888990e-01 
-7.525797e+00 6.058129e+00 
-7.503689e+00 -6.608680e+00 
-7.501946e+00 -1.416067e+00 
-7.495112e+00 1.664561e+00 
-7.458153e+00 -4.624611e+00 
-7.452977e+00 -5.392618e+00 
-7.442697e+00 -2.214328e+00 
-7.435801e+00 -3.838796e+00 
-7.435760e+00 2.455289e+00 
-7.412812e+00 -3.031182e+00 
-7.379242e+00 3.254857e+00 
-7.374540e+00 -6.184281e+00 
-7.372343e+00 4.841655e+00 
-7.368381e+00 5.610396e+00 
-7.368352e+00 4.057985e+00 
-7.323214e+00 6.808122e+00 
-7.314981e+00 -2.568394e-01 
-7.313919e+00 5.060173e-01 
-7.287984e+00 -1.026724e+00 
-7.283008e+00 1.274748e+00 
-7.240346e+00 -1.813855e+00 
-7.230844e+00 2.058044e+00 
-7.221226e+00 -5.000598e+00 
-7.215283e+00 -4.228200e+00 
-7.198403e+00 -5.756927e+00 
-7.195126e+00 -3.433414e+00 
-7.193177e+00 -2.621033e+00 
-7.182489e+00 2.853616e+00 
-7.159724e+00 -6.979854e+00 
-7.144200e+00 3.657911e+00 
-7.139994e+00 4.452789e+00 
-7.138357e+00 5.229588e+00 
-7.132170e+00 6.395603e+00 
-7.129043e+00 5.979318e+00 
-7.078256e+00 -6.570681e+00 
-7.076835e+00 1.245680e-01 
-7.065696e+00 -6.417825e-01 
-7.062778e+00 8.899947e-01 
-7.032861e+00 -1.420278e+00 
-7.025069e+00 1.665936e+00 
-6.988515e+00 -2.216680e+00 
-6.983830e+00 -4.611036e+00 
-6.980329e+00 7.159260e+00 
-6.976476e+00 2.456580e+00 
-6.974596e+00 -3.829094e+00 
-6.973357e+00 -5.371277e+00 
-6.963917e+00 -3.026835e+00 
-6.941485e+00 -6.118967e+00 
-6.930390e+00 3.256815e+00 
-6.912739e+00 4.059213e+00 
-6.908245e+00 4.848693e+00 
-6.900583e+00 5.620902e+00 
-6.883832e+00 6.765703e+00 
-6.834519e+00 -7.298586e+00 
-6.833216e+00 -2.589630e-01 
-6.831777e+00 5.075222e-01 
-6.814125e+00 -1.031852e+00 
-6.808550e+00 1.278598e+00 
-6.779080e+00 -1.818975e+00 
-6.768043e+00 2.062459e+00 
-6.746445e+00 -4.218758e+00 
-6.743526e+00 -2.621649e+00 
-6.741879e+00 -4.989499e+00 
-6.738945e+00 -3.427636e+00 
-6.734414e+00 6.084731e+00 
-6.726218e+00 2.858466e+00 
-6.719146e+00 -5.741908e+00 
-6.692412e+00 3.662199e+00 
-6.682676e+00 -6.469627e+00 
-6.681554e+00 4.461471e+00 
-6.675487e+00 5.251683e+00 
-6.669829e+00 7.449388e+00 
-6.664857e+00 -6.881460e+00 
-6.607113e+00 6.484921e+00 
-6.595400e+00 1.242726e-01 
-6.588068e+00 -6.464313e-01 
-6.584577e+00 8.940752e-01 
-6.564447e+00 -1.426713e+00 
-6.556002e+00 1.672271e+00 
-6.531397e+00 -2.220971e+00 
-6.517091e+00 2.463251e+00 
-6.511284e+00 -3.823259e+00 
-6.510356e+00 -3.025312e+00 
-6.509485e+00 -4.604426e+00 
-6.492613e+00 -5.368601e+00 
-6.485226e+00 6.967775e+00 
-6.478986e+00 3.264049e+00 
-6.476492e+00 5.697088e+00 
-6.472585e+00 -7.621394e+00 
-6.460914e+00 -6.115402e+00 
-6.458971e+00 4.068811e+00 
-6.451685e+00 4.870099e+00 
-6.396927e+00 -7.226486e+00 
-6.355112e+00 -2.617479e-01 
-6.353389e+00 5.099477e-01 
-6.341868e+00 -1.038164e+00 
-6.335949e+00 1.285139e+00 
-6.329497e+00 7.740637e+00 
-6.316267e+00 -1.825328e+00 
-6.304888e+00 2.070619e+00 
-6.293144e+00 6.126446e+00 
-6.288989e+00 -2.624202e+00 
-6.279932e+00 -3.425347e+00 
-6.277803e+00 -6.568968e+00 
-6.277634e+00 -4.215182e+00 
-6.270139e+00 2.867393e+00 
-6.265621e+00 -4.990486e+00 
-6.241033e+00 3.672629e+00 
-6.240421e+00 -5.755079e+00 
-6.239816e+00 5.302368e+00 
-6.229211e+00 4.480212e+00 
-6.214591e+00 7.297775e+00 
-6.172741e+00 6.570667e+00 
-6.144343e+00 -7.888412e+00 
-6.123191e+00 -6.951975e+00 
-6.118293e+00 1.242017e-01 
-6.113582e+00 -6.512787e-01 
-6.109900e+00 8.992131e-01 
-6.096658e+00 -1.433615e+00 
-6.088365e+00 1.680686e+00 
-6.071923e+00 -2.226331e+00 
-6.057874e+00 2.472900e+00 
-6.053401e+00 -3.026467e+00 
-6.047363e+00 -3.822266e+00 
-6.038901e+00 5.730436e+00 
-6.038315e+00 -4.606978e+00 
-6.027041e+00 3.275224e+00 
-6.024332e+00 -6.190715e+00 
-6.019423e+00 -5.383889e+00 
-6.010406e+00 4.904633e+00 
-6.009011e+00 4.084941e+00 
-5.987898e+00 -7.419382e+00 
-5.965504e+00 6.942105e+00 
-5.953951e+00 8.033086e+00 
-5.911331e+00 7.622803e+00 
-5.880660e+00 -2.641963e-01 
-5.878916e+00 5.127221e-01 
-5.871421e+00 -1.044233e+00 
-5.867425e+00 6.166787e+00 
-5.865794e+00 1.292436e+00 
-5.852622e+00 -1.831959e+00 
-5.842268e+00 2.080349e+00 
-5.831236e+00 -2.628322e+00 
-5.819647e+00 -6.609357e+00 
-5.819528e+00 -3.426782e+00 
-5.814626e+00 2.878664e+00 
-5.811150e+00 -4.218612e+00 
-5.799865e+00 5.328746e+00 
-5.796877e+00 -5.004542e+00 
-5.791811e+00 -5.806953e+00 
-5.791422e+00 3.686836e+00 
-5.785248e+00 4.504488e+00 
-5.771396e+00 -8.165230e+00 
-5.718528e+00 -7.755886e+00 
-5.693066e+00 7.299727e+00 
-5.691556e+00 6.564357e+00 
-5.678121e+00 -7.052251e+00 
-5.645092e+00 1.244693e-01 
-5.642004e+00 -6.554968e-01 
-5.638625e+00 9.044267e-01 
-5.629732e+00 -1.440127e+00 
-5.622524e+00 1.689496e+00 
-5.611697e+00 8.275800e+00 
-5.610976e+00 -2.232260e+00 
-5.604888e+00 5.756332e+00 
-5.599310e+00 2.483655e+00 
-5.594545e+00 -3.030132e+00 
-5.584644e+00 -3.826460e+00 
-5.575683e+00 3.288077e+00 
-5.573552e+00 -6.228606e+00 
-5.573223e+00 -4.618887e+00 
-5.568257e+00 4.924717e+00 
-5.565111e+00 -5.420163e+00 
-5.563218e+00 4.102853e+00 
-5.506000e+00 7.777652e+00 
-5.466193e+00 -7.435026e+00 
-5.462219e+00 6.943765e+00 
-5.434707e+00 -8.393090e+00 
-5.415108e+00 6.166999e+00 
-5.409489e+00 -2.660546e-01 
-5.407974e+00 5.154994e-01 
-5.402868e+00 -1.049523e+00 
-5.398189e+00 1.299449e+00 
-5.388846e+00 -1.838379e+00 
-5.384748e+00 -6.666703e+00 
-5.380738e+00 2.090098e+00 
-5.371788e+00 -2.633710e+00 
-5.360780e+00 5.346220e+00 
-5.359919e+00 2.890236e+00 
-5.359284e+00 -3.431796e+00 
-5.348953e+00 -4.228560e+00 
-5.343485e+00 3.700890e+00 
-5.341168e+00 4.519685e+00 
-5.340633e+00 -5.839590e+00 
-5.340285e+00 -5.030175e+00 
-5.304875e+00 -7.903663e+00 
-5.249772e+00 7.379687e+00 
-5.217647e+00 8.529722e+00 
-5.216453e+00 8.104608e+00 
-5.212981e+00 6.563927e+00 
-5.196604e+00 -7.073755e+00 
-5.175213e+00 1.249761e-01 
-5.173035e+00 -6.589110e-01 
-5.170371e+00 9.092024e-01 
-5.163924e+00 -1.445929e+00 
-5.159095e+00 5.759946e+00 
-5.158572e+00 1.697642e+00 
-5.149486e+00 -2.238443e+00 
-5.141604e+00 2.493824e+00 
-5.135215e+00 -3.035929e+00 
-5.132064e+00 -6.268756e+00 
-5.125972e+00 4.936855e+00 
-5.124850e+00 3.299718e+00 
-5.124539e+00 -3.834987e+00 
-5.117104e+00 4.114633e+00 
-5.115950e+00 -4.637311e+00 
-5.112656e+00 -5.446245e+00 
-5.053411e+00 -8.628038e+00 
-5.017476e+00 -7.508957e+00 
-5.015564e+00 -8.218112e+00 
-5.003557e+00 6.979622e+00 
-5.000450e+00 7.757150e+00 
-4.957375e+00 6.166306e+00 
-4.941128e+00 -2.673944e-01 
-4.940018e+00 5.180334e-01 
-4.936181e+00 -1.053952e+00 
-4.932920e+00 1.305584e+00 
-4.929760e+00 -6.686000e+00 
-4.925528e+00 -1.844372e+00 
-4.920414e+00 2.098693e+00 
-4.916018e+00 5.350112e+00 
-4.911902e+00 -2.639981e+00 
-4.905714e+00 2.900081e+00 
-4.900338e+00 -3.439439e+00 
-4.896406e+00 4.528427e+00 
-4.894918e+00 3.710431e+00 
-4.894405e+00 -5.868393e+00 
-4.891655e+00 -4.242167e+00 
-4.886647e+00 -5.050240e+00 
-4.858466e+00 8.739297e+00 
-4.798541e+00 8.224746e+00 
-4.783125e+00 -7.878534e+00 
-4.771720e+00 7.373949e+00 
-4.754953e+00 6.576111e+00 
-4.743548e+00 -7.109891e+00 
-4.711702e+00 -8.819290e+00 
-4.709386e+00 5.759310e+00 
-4.708067e+00 1.255506e-01 
-4.706346e+00 -6.616219e-01 
-4.704640e+00 9.132388e-01 
-4.699402e+00 -1.450976e+00 
-4.696306e+00 1.704440e+00 
-4.688222e+00 -2.244602e+00 
-4.684530e+00 2.502073e+00 
-4.682204e+00 -6.286249e+00 
-4.680462e+00 4.940041e+00 
-4.676410e+00 -3.043013e+00 
-4.673394e+00 3.307757e+00 
-4.669960e+00 4.121298e+00 
-4.667315e+00 -3.845461e+00 
-4.663231e+00 -5.467197e+00 
-4.661406e+00 -4.652512e+00 
-4.592565e+00 -8.336084e+00 
-4.556908e+00 7.804375e+00 
-4.536529e+00 6.975437e+00 
-4.530433e+00 -7.503153e+00 
-4.505250e+00 6.167802e+00 
-4.486584e+00 8.529496e+00 
-4.480848e+00 -6.706001e+00 
-4.475108e+00 -2.683889e-01 
-4.474484e+00 5.201389e-01 
-4.471247e+00 -1.057623e+00 
-4.469583e+00 1.310498e+00 
-4.468520e+00 5.349141e+00 
-4.463063e+00 -1.849822e+00 
-4.461044e+00 2.105379e+00 
-4.452390e+00 -2.646525e+00 
-4.451283e+00 2.906917e+00 
-4.449376e+00 4.530896e+00 
-4.445213e+00 3.715887e+00 
-4.444655e+00 -5.882951e+00 
-4.443693e+00 8.957320e+00 
-4.442941e+00 -3.447908e+00 
-4.436405e+00 -4.253747e+00 
-4.435042e+00 -5.065614e+00 
-4.334889e+00 -9.010479e+00 
-4.327502e+00 -7.925708e+00 
-4.319094e+00 7.387640e+00 
-4.295220e+00 6.569329e+00 
-4.294338e+00 8.167387e+00 
-4.275075e+00 -7.110023e+00 
-4.273358e+00 -8.622072e+00 
-4.260134e+00 5.756554e+00 
-4.243116e+00 1.260287e-01 
-4.241602e+00 -6.638021e-01 
-4.240904e+00 9.163663e-01 
-4.236216e+00 -1.455306e+00 
-4.235328e+00 1.709542e+00 
-4.233172e+00 -6.299139e+00 
-4.232746e+00 4.938764e+00 
-4.227637e+00 -2.250388e+00 
-4.227617e+00 2.507772e+00 
-4.220998e+00 3.312453e+00 
-4.220947e+00 4.123375e+00 
-4.218438e+00 -3.050136e+00 
-4.212364e+00 -5.478710e+00 
-4.211419e+00 -3.854486e+00 
-4.208231e+00 -4.663954e+00 
-4.080744e+00 6.973072e+00 
-4.079874e+00 7.771535e+00 
-4.068142e+00 -7.520658e+00 
-4.067435e+00 -8.273160e+00 
-4.064886e+00 9.135464e+00 
-4.058861e+00 8.617949e+00 
-4.051088e+00 6.159113e+00 
-4.023179e+00 -6.707564e+00 
-4.019791e+00 5.344859e+00 
-4.010992e+00 -2.692032e-01 
-4.010842e+00 5.217015e-01 
-4.007882e+00 -1.060664e+00 
-4.007704e+00 1.314067e+00 
-4.002223e+00 2.109933e+00 
-4.001612e+00 -1.854600e+00 
-4.000350e+00 4.529665e+00 
-3.996342e+00 2.910983e+00 
-3.994445e+00 -5.891840e+00 
-3.993955e+00 3.717840e+00 
-3.993525e+00 -2.652579e+00 
-3.991461e+00 -9.167783e+00 
-3.986326e+00 -3.455168e+00 
-3.982836e+00 -5.074575e+00 
-3.982025e+00 -4.262456e+00 
-3.853394e+00 7.363570e+00 
-3.845879e+00 8.185907e+00 
-3.841389e+00 -8.713806e+00 
-3.839632e+00 6.559687e+00 
-3.831441e+00 -7.897579e+00 
-3.814524e+00 -7.115208e+00 
-3.808476e+00 5.747394e+00 
-3.783203e+00 4.934400e+00 
-3.779884e+00 1.263012e-01 
-3.779216e+00 -6.301004e+00 
-3.778659e+00 9.185467e-01 
-3.778474e+00 -6.655978e-01 
-3.775206e+00 1.712944e+00 
-3.774281e+00 -1.458940e+00 
-3.770608e+00 2.511187e+00 
-3.770128e+00 4.122482e+00 
-3.767831e+00 -2.255411e+00 
-3.767454e+00 3.314371e+00 
-3.760975e+00 -3.056119e+00 
-3.760749e+00 -5.485200e+00 
-3.756026e+00 -3.861314e+00 
-3.754777e+00 -4.670958e+00 
-3.720655e+00 8.896252e+00 
-3.631926e+00 -9.316068e+00 
-3.627142e+00 9.317931e+00 
-3.623979e+00 7.762613e+00 
-3.619555e+00 6.952390e+00 
-3.601953e+00 -8.307297e+00 
-3.596983e+00 6.146837e+00 
-3.589719e+00 -7.505908e+00 
-3.568484e+00 5.336470e+00 
-3.566183e+00 -6.707992e+00 
-3.558986e+00 8.527301e+00 
-3.549390e+00 4.525910e+00 
-3.548624e+00 5.226968e-01 
-3.548387e+00 -2.699455e-01 
-3.546841e+00 1.316371e+00 
-3.545852e+00 -1.063164e+00 
-3.543668e+00 2.112645e+00 
-3.541187e+00 -5.893746e+00 
-3.541178e+00 3.717401e+00 
-3.541110e+00 -1.858568e+00 
-3.540724e+00 2.912803e+00 
-3.535155e+00 -2.657522e+00 
-3.529998e+00 -3.460680e+00 
-3.529918e+00 -5.079542e+00 
-3.527472e+00 -4.268028e+00 
-3.500414e+00 -8.971912e+00 
-3.394560e+00 7.345580e+00 
-3.381054e+00 6.540401e+00 
-3.366435e+00 8.129098e+00 
-3.360983e+00 -7.906294e+00 
-3.354914e+00 5.735564e+00 
-3.346678e+00 -7.105396e+00 
-3.331197e+00 4.927345e+00 
-3.323782e+00 -6.300351e+00 
-3.317959e+00 1.263333e-01 
-3.317530e+00 4.119587e+00 
-3.317482e+00 9.198691e-01 
-3.316640e+00 -6.670969e-01 
-3.315615e+00 1.714926e+00 
-3.313400e+00 -1.461878e+00 
-3.313331e+00 2.512793e+00 
-3.312778e+00 3.314337e+00 
-3.312201e+00 -8.638506e+00 
-3.308652e+00 -2.259402e+00 
-3.307136e+00 -5.487046e+00 
-3.303749e+00 -3.060646e+00 
-3.300727e+00 -4.674921e+00 
-3.300502e+00 -3.865851e+00 
-3.285085e+00 8.958299e+00 
-3.266909e+00 -9.450254e+00 
-3.224244e+00 9.464896e+00 
-3.160205e+00 6.931042e+00 
-3.153444e+00 7.723279e+00 
-3.139689e+00 6.130086e+00 
-3.121547e+00 -7.503326e+00 
-3.114729e+00 5.326290e+00 
-3.108272e+00 8.528164e+00 
-3.104344e+00 -6.701398e+00 
-3.100303e+00 -8.274309e+00 
-3.096243e+00 4.520323e+00 
-3.087446e+00 5.231877e-01 
-3.086941e+00 -2.706571e-01 
-3.086927e+00 3.715359e+00 
-3.086657e+00 1.317648e+00 
-3.086181e+00 -5.893163e+00 
-3.085175e+00 2.113933e+00 
-3.084885e+00 -1.065171e+00 
-3.084391e+00 2.913029e+00 
-3.081357e+00 -1.861656e+00 
-3.077101e+00 -2.661227e+00 
-3.075637e+00 -5.081307e+00 
-3.073594e+00 -3.464443e+00 
-3.072450e+00 -4.271306e+00 
-3.059665e+00 -9.082699e+00 
-2.929372e+00 7.312349e+00 
-2.921065e+00 6.520785e+00 
-2.914864e+00 9.207380e+00 
-2.905830e+00 8.111570e+00 
-2.898229e+00 5.721696e+00 
-2.887533e+00 -9.572991e+00 
-2.881372e+00 -7.100280e+00 
-2.878631e+00 -7.886271e+00 
-2.876813e+00 4.919105e+00 
-2.865019e+00 -6.296026e+00 
-2.863099e+00 4.115374e+00 
-2.857045e+00 9.205111e-01 
-2.857007e+00 3.313000e+00 
-2.857000e+00 1.261577e-01 
-2.856319e+00 1.715835e+00 
-2.855797e+00 -6.683375e-01 
-2.855702e+00 2.513118e+00 
-2.853330e+00 -1.464139e+00 
-2.853265e+00 -8.697300e+00 
-2.852023e+00 -5.486821e+00 
-2.849917e+00 -2.262360e+00 
-2.846546e+00 -3.063783e+00 
-2.845727e+00 -4.676605e+00 
-2.844634e+00 -3.868632e+00 
-2.791429e+00 8.848864e+00 
-2.757483e+00 9.611258e+00 
-2.695544e+00 6.905003e+00 
-2.692148e+00 7.694203e+00 
-2.679936e+00 6.113466e+00 
-2.658167e+00 5.315182e+00 
-2.647800e+00 -7.491219e+00 
-2.642135e+00 -6.696559e+00 
-2.641017e+00 4.513923e+00 
-2.638762e+00 -8.292148e+00 
-2.631235e+00 3.712310e+00 
-2.628865e+00 -5.890449e+00 
-2.627506e+00 -9.146254e+00 
-2.627343e+00 2.912197e+00 
-2.627005e+00 5.232948e-01 
-2.626905e+00 1.318167e+00 
-2.626615e+00 2.114224e+00 
-2.626353e+00 -2.713297e-01 
-2.625922e+00 8.470242e+00 
-2.624713e+00 -1.066725e+00 
-2.622147e+00 -1.863925e+00 
-2.620193e+00 -5.081440e+00 
-2.619204e+00 -2.663806e+00 
-2.616977e+00 -3.466827e+00 
-2.616766e+00 -4.272902e+00 
-2.508960e+00 -9.679107e+00 
-2.472414e+00 9.276591e+00 
-2.463884e+00 7.286643e+00 
-2.457163e+00 6.500305e+00 
-2.438935e+00 5.708176e+00 
-2.438306e+00 8.060936e+00 
-2.420037e+00 4.910434e+00 
-2.413355e+00 -7.092411e+00 
-2.412325e+00 -7.890745e+00 
-2.409738e+00 -8.706099e+00 
-2.406962e+00 4.110566e+00 
-2.405084e+00 -6.292290e+00 
-2.400185e+00 3.310865e+00 
-2.397677e+00 2.512600e+00 
-2.397156e+00 1.716006e+00 
-2.397103e+00 9.206691e-01 
-2.396730e+00 1.258464e-01 
-2.395676e+00 -6.693345e-01 
-2.395305e+00 -5.485229e+00 
-2.393843e+00 -1.465798e+00 
-2.391468e+00 -2.264417e+00 
-2.389872e+00 -4.677010e+00 
-2.389270e+00 -3.065809e+00 
-2.388320e+00 -3.870123e+00 
-2.347902e+00 8.892876e+00 
-2.308584e+00 9.728846e+00 
-2.271831e+00 -9.367800e+00 
-2.229106e+00 6.883765e+00 
-2.221333e+00 7.659852e+00 
-2.217090e+00 6.097297e+00 
-2.199209e+00 5.304470e+00 
-2.187532e+00 8.451630e+00 
-2.183824e+00 4.507310e+00 
-2.181165e+00 -7.490818e+00 
-2.178753e+00 -8.292799e+00 
-2.178221e+00 -6.691284e+00 
-2.174219e+00 3.708800e+00 
-2.170366e+00 -5.887843e+00 
-2.169594e+00 2.910729e+00 
-2.167905e+00 2.113870e+00 
-2.167408e+00 1.318179e+00 
-2.167068e+00 5.231505e-01 
-2.166373e+00 -2.719330e-01 
-2.165106e+00 -1.067877e+00 
-2.163638e+00 -5.080606e+00 
-2.163306e+00 -1.865499e+00 
-2.161370e+00 -2.665485e+00 
-2.160477e+00 -4.273478e+00 
-2.160092e+00 -3.468184e+00 
-2.114811e+00 -9.013818e+00 
-2.067953e+00 -9.782820e+00 
-2.045045e+00 9.349127e+00 
-1.993242e+00 7.261848e+00 
-1.991292e+00 6.483072e+00 
-1.977581e+00 8.041928e+00 
-1.977086e+00 5.695455e+00 
-1.961200e+00 4.902134e+00 
-1.949261e+00 4.105640e+00 
-1.948415e+00 -7.090548e+00 
-1.946952e+00 -7.889672e+00 
-1.946297e+00 8.842487e+00 
-1.943943e+00 -6.288759e+00 
-1.942397e+00 3.308361e+00 
-1.939235e+00 2.511586e+00 
-1.938013e+00 1.715712e+00 
-1.937625e+00 -5.483529e+00 
-1.937475e+00 9.205216e-01 
-1.936933e+00 1.254777e-01 
-1.936057e+00 -6.701007e-01 
-1.934753e+00 -1.466948e+00 
-1.933252e+00 -4.676668e+00 
-1.933189e+00 -2.265754e+00 
-1.931878e+00 -3.066998e+00 
-1.931603e+00 -3.870777e+00 
-1.909723e+00 -8.646964e+00 
-1.860519e+00 9.824381e+00 
-1.827211e+00 -9.420960e+00 
-1.759748e+00 6.864915e+00 
-1.753851e+00 7.642681e+00 
-1.752337e+00 6.083448e+00 
-1.738109e+00 5.294574e+00 
-1.734540e+00 8.424148e+00 
-1.724930e+00 4.501026e+00 
-1.716009e+00 3.705214e+00 
-1.715504e+00 -6.689295e+00 
-1.715499e+00 -7.489526e+00 
-1.711190e+00 2.908966e+00 
-1.710999e+00 -5.885501e+00 
-1.708990e+00 2.113146e+00 
-1.708035e+00 1.317887e+00 
-1.707456e+00 5.228725e-01 
-1.706803e+00 -2.724373e-01 
-1.706366e+00 -5.079556e+00 
-1.705879e+00 -1.068682e+00 
-1.704699e+00 -1.866514e+00 
-1.703674e+00 -4.273434e+00 
-1.703541e+00 -2.666476e+00 
-1.702965e+00 -3.468836e+00 
-1.693323e+00 -8.267547e+00 
-1.679779e+00 9.149922e+00 
-1.644416e+00 -9.045351e+00 
-1.634220e+00 -9.864549e+00 
-1.557699e+00 9.534827e+00 
-1.524138e+00 7.246870e+00 
-1.523507e+00 6.468284e+00 
-1.513458e+00 5.684482e+00 
-1.512382e+00 8.023828e+00 
-1.500580e+00 4.894579e+00 
-1.490209e+00 4.100994e+00 
-1.484340e+00 -7.089415e+00 
-1.483743e+00 3.305797e+00 
-1.483184e+00 -6.287069e+00 
-1.480384e+00 2.510343e+00 
-1.479327e+00 -5.481980e+00 
-1.478812e+00 1.715162e+00 
-1.478023e+00 9.202114e-01 
-1.477436e+00 1.251178e-01 
-1.476764e+00 -6.706492e-01 
-1.476124e+00 -4.676047e+00 
-1.475916e+00 -1.467681e+00 
-1.475002e+00 -2.266531e+00 
-1.474552e+00 -3.870888e+00 
-1.474369e+00 -3.067583e+00 
-1.471514e+00 -7.879716e+00 
-1.468787e+00 8.771709e+00 
-1.437835e+00 -8.667167e+00 
-1.394358e+00 -9.483541e+00 
-1.353621e+00 9.906953e+00 
-1.290954e+00 6.852061e+00 
-1.286063e+00 6.071758e+00 
-1.285442e+00 7.628915e+00 
-1.275403e+00 5.286069e+00 
-1.264586e+00 4.495392e+00 
-1.257128e+00 8.390832e+00 
-1.256774e+00 3.701854e+00 
-1.253444e+00 -6.688334e+00 
-1.252192e+00 2.907152e+00 
-1.251689e+00 -5.884162e+00 
-1.249846e+00 2.112256e+00 
-1.248691e+00 1.317444e+00 
-1.248659e+00 -5.078518e+00 
-1.248030e+00 5.225529e-01 
-1.247486e+00 -2.728202e-01 
-1.246887e+00 -1.069188e+00 
-1.246621e+00 -7.486116e+00 
-1.246521e+00 -4.273074e+00 
-1.246228e+00 -1.867084e+00 
-1.245689e+00 -2.666951e+00 
-1.245637e+00 -3.468998e+00 
-1.240140e+00 9.178520e+00 
-1.224454e+00 -8.281586e+00 
-1.194771e+00 -9.927362e+00 
-1.193705e+00 -9.093671e+00 
-1.065190e+00 9.572066e+00 
-1.055669e+00 6.457485e+00 
-1.055245e+00 7.235500e+00 
-1.048475e+00 5.675372e+00 
-1.038717e+00 8.005638e+00 
-1.038571e+00 4.888172e+00 
-1.030025e+00 4.096893e+00 
-1.024348e+00 3.303405e+00 
-1.022876e+00 -6.286205e+00 
-1.021148e+00 2.509060e+00 
-1.020969e+00 -5.480925e+00 
-1.019831e+00 -7.088448e+00 
-1.019499e+00 1.714511e+00 
-1.018692e+00 -4.675327e+00 
-1.018640e+00 9.198449e-01 
-1.018107e+00 1.248162e-01 
-1.017663e+00 -6.709926e-01 
-1.017273e+00 -3.870662e+00 
-1.017223e+00 -1.468068e+00 
-1.016850e+00 -2.266872e+00 
-1.016757e+00 -3.067723e+00 
-1.014848e+00 8.790280e+00 
-1.006088e+00 -7.889577e+00 
-9.829087e-01 -8.701457e+00 
-9.583072e-01 -9.533140e+00 
-8.589149e-01 9.962041e+00 
-8.224739e-01 6.842436e+00 
-8.193176e-01 6.063006e+00 
-8.145931e-01 7.617090e+00 
-8.114747e-01 5.279184e+00 
-8.031076e-01 4.490708e+00 
-7.969781e-01 8.400133e+00 
-7.966935e-01 3.698923e+00 
-7.926810e-01 2.905460e+00 
-7.926540e-01 -5.883340e+00 
-7.918454e-01 -6.687997e+00 
-7.908560e-01 -5.077669e+00 
-7.904619e-01 2.111344e+00 
-7.902431e-01 9.197487e+00 
-7.893024e-01 1.316962e+00 
-7.891623e-01 -4.272530e+00 
-7.886802e-01 5.222587e-01 
-7.882980e-01 -2.730658e-01 
-7.881696e-01 -3.468811e+00 
-7.880161e-01 -1.069432e+00 
-7.878155e-01 -1.867290e+00 
-7.877976e-01 -2.667021e+00 
-7.840547e-01 -7.492622e+00 
-7.680327e-01 -8.304647e+00 
-7.488189e-01 -9.970921e+00 
-7.480246e-01 -9.131730e+00 
-5.893757e-01 9.599853e+00 
-5.878670e-01 6.449552e+00 
-5.860124e-01 7.226594e+00 
-5.827910e-01 5.668638e+00 
-5.758495e-01 8.008510e+00 
-5.755224e-01 4.883153e+00 
-5.689679e-01 4.093544e+00 
-5.643474e-01 3.301328e+00 
-5.631398e-01 -6.285835e+00 
-5.630661e-01 8.804009e+00 
-5.627503e-01 -5.480137e+00 
-5.615628e-01 2.507867e+00 
-5.611673e-01 -4.674602e+00 
-5.600367e-01 1.713865e+00 
-5.598580e-01 -3.870185e+00 
-5.593458e-01 -7.092224e+00 
-5.592415e-01 9.194976e-01 
-5.590630e-01 -3.067510e+00 
-5.588373e-01 1.246082e-01 
-5.586883e-01 -2.266853e+00 
-5.586419e-01 -6.711398e-01 
-5.585844e-01 -1.468159e+00 
-5.492502e-01 -7.904021e+00 
-5.339844e-01 -8.727696e+00 
-5.181659e-01 -9.565598e+00 
-3.690321e-01 9.992188e+00 
-3.540858e-01 6.835409e+00 
-3.522982e-01 6.056899e+00 
-3.501355e-01 7.616027e+00 
-3.468164e-01 5.274292e+00 
-3.416435e-01 8.407504e+00 
-3.408157e-01 4.487149e+00 
-3.391978e-01 9.211664e+00 
-3.359756e-01 3.696549e+00 
-3.340430e-01 -5.882813e+00 
-3.331132e-01 -5.076899e+00 
-3.327412e-01 2.903996e+00 
-3.327207e-01 -6.689761e+00 
-3.317311e-01 -4.271841e+00 
-3.308375e-01 2.110508e+00 
-3.306111e-01 -3.468323e+00 
-3.298508e-01 -2.666750e+00 
-3.298126e-01 1.316517e+00 
-3.293975e-01 -1.867186e+00 
-3.293161e-01 5.220367e-01 
-3.291732e-01 -1.069439e+00 
-3.291376e-01 -2.731630e-01 
-3.271295e-01 -7.500733e+00 
-3.168505e-01 -8.320915e+00 
-3.034683e-01 -9.153916e+00 
-2.976794e-01 -9.994568e+00 
-1.202539e-01 7.223797e+00 
-1.200077e-01 6.444374e+00 
-1.195246e-01 9.612500e+00 
-1.172446e-01 8.010637e+00 
-1.166947e-01 5.664342e+00 
-1.130191e-01 8.811160e+00 
-1.118661e-01 4.879750e+00 
-1.073192e-01 4.091034e+00 
-1.048170e-01 -6.286354e+00 
-1.047949e-01 -5.479480e+00 
-1.038847e-01 3.299654e+00 
-1.036714e-01 -4.673789e+00 
-1.023859e-01 -3.869456e+00 
-1.023120e-01 -7.096076e+00 
-1.016692e-01 2.506842e+00 
-1.012933e-01 -3.066976e+00 
-1.004750e-01 -2.266520e+00 
-1.003970e-01 1.713294e+00 
-9.992205e-02 -1.467987e+00 
-9.975810e-02 9.192210e-01 
-9.960821e-02 -6.710964e-01 
-9.953586e-02 1.245183e-01 
-9.629963e-02 -7.912596e+00 
-8.693010e-02 -8.740091e+00 
-7.515025e-02 -9.579338e+00 
1.115677e-01 8.408822e+00 
1.116139e-01 7.615180e+00 
1.124001e-01 9.214261e+00 
1.127362e-01 6.832792e+00 
1.149142e-01 6.053634e+00 
1.181856e-01 5.271495e+00 
1.192910e-01 9.998288e+00 
1.219039e-01 4.484781e+00 
1.238038e-01 -5.882666e+00 
1.244559e-01 -5.076069e+00 
1.245077e-01 -6.691199e+00 
1.251740e-01 3.694784e+00 
1.256899e-01 -4.270910e+00 
1.270133e-01 -3.467528e+00 
1.273812e-01 -7.504149e+00 
1.275403e-01 2.902821e+00 
1.281766e-01 -2.666164e+00 
1.290238e-01 2.109806e+00 
1.290874e-01 -1.866801e+00 
1.297243e-01 -1.069223e+00 
1.298268e-01 1.316158e+00 
1.300831e-01 -2.731033e-01 
1.301389e-01 5.219187e-01 
1.328339e-01 -8.325552e+00 
1.413264e-01 -9.158543e+00 
1.566902e-01 -9.997772e+00 
3.369320e-01 8.807733e+00 
3.402365e-01 8.008642e+00 
3.443882e-01 7.222614e+00 
3.472948e-01 6.443150e+00 
3.489714e-01 9.607633e+00 
3.494970e-01 5.662677e+00 
3.519572e-01 4.877895e+00 
3.525437e-01 -6.286668e+00 
3.527035e-01 -5.478843e+00 
3.535885e-01 -7.096875e+00 
3.537068e-01 -4.672699e+00 
3.546388e-01 4.089385e+00 
3.551174e-01 -3.868403e+00 
3.560656e-01 -7.912276e+00 
3.565660e-01 -3.066121e+00 
3.569027e-01 3.298414e+00 
3.578384e-01 -2.265893e+00 
3.584942e-01 2.506031e+00 
3.588347e-01 -1.467569e+00 
3.594446e-01 1.712843e+00 
3.595202e-01 -6.708641e-01 
3.598720e-01 9.190488e-01 
3.598766e-01 1.245640e-01 
3.603258e-01 -8.737252e+00 
3.690693e-01 -9.573841e+00 
5.643207e-01 9.203481e+00 
5.654129e-01 8.402321e+00 
5.736697e-01 7.613234e+00 
5.794158e-01 6.833270e+00 
5.810603e-01 -5.882236e+00 
5.813573e-01 -6.691220e+00 
5.817187e-01 -5.074887e+00 
5.817794e-01 6.053977e+00 
5.823287e-01 -7.502114e+00 
5.830169e-01 5.270617e+00 
5.830826e-01 -4.269595e+00 
5.836206e-01 -8.318393e+00 
5.847163e-01 4.483538e+00 
5.847198e-01 -3.466387e+00 
5.863250e-01 -2.665272e+00 
5.865599e-01 3.693624e+00 
5.871895e-01 -9.145531e+00 
5.877006e-01 -1.866151e+00 
5.880865e-01 2.901958e+00 
5.887520e-01 -1.068793e+00 
5.891198e-01 2.109272e+00 
5.894431e-01 -2.728794e-01 
5.896602e-01 1.315917e+00 
5.897545e-01 5.219262e-01 
6.078132e-01 9.980509e+00 
6.122649e-01 -9.980237e+00 
7.883348e-01 8.794162e+00 
7.998531e-01 8.003243e+00 
8.095823e-01 -6.286170e+00 
8.097444e-01 -5.477508e+00 
8.098137e-01 -8.720482e+00 
8.102645e-01 7.223592e+00 
8.104019e-01 -7.095596e+00 
8.107659e-01 -7.905156e+00 
8.109618e-01 -4.671104e+00 
8.126834e-01 -3.866947e+00 
8.127918e-01 -9.549376e+00 
8.144929e-01 6.445894e+00 
8.145567e-01 -3.064938e+00 
8.150013e-01 5.663442e+00 
8.155645e-01 4.877438e+00 
8.163062e-01 -2.264985e+00 
8.166623e-01 4.088519e+00 
8.177542e-01 -1.466913e+00 
8.178964e-01 3.297600e+00 
8.188192e-01 -6.704416e-01 
8.188962e-01 2.505451e+00 
8.191180e-01 9.585391e+00 
8.194736e-01 1.247579e-01 
8.195128e-01 1.712535e+00 
8.197067e-01 9.190017e-01 
1.016530e+00 9.181752e+00 
1.022903e+00 8.390958e+00 
1.035710e+00 -9.116496e+00 
1.037825e+00 -5.880494e+00 
1.038528e+00 -6.690417e+00 
1.038770e+00 -8.303878e+00 
1.038789e+00 -5.072895e+00 
1.039008e+00 7.612913e+00 
1.040086e+00 -7.498763e+00 
1.040511e+00 -4.267772e+00 
1.042564e+00 -3.464880e+00 
1.044647e+00 -2.664079e+00 
1.046504e+00 -1.865246e+00 
1.047092e+00 6.838582e+00 
1.047191e+00 5.271464e+00 
1.047332e+00 4.483249e+00 
1.047630e+00 6.056855e+00 
1.047981e+00 -1.068149e+00 
1.048029e+00 3.693014e+00 
1.048835e+00 2.901401e+00 
1.049016e+00 -2.724836e-01 
1.049453e+00 2.108917e+00 
1.049597e+00 5.220726e-01 
1.049732e+00 1.315810e+00 
1.067362e+00 -9.941868e+00 
1.098465e+00 9.938480e+00 
1.243352e+00 8.775223e+00 
1.254736e+00 -9.507425e+00 
1.264996e+00 7.999326e+00 
1.265494e+00 -8.695838e+00 
1.266092e+00 -6.283706e+00 
1.266593e+00 -5.474852e+00 
1.268260e+00 -4.668785e+00 
1.268465e+00 -7.094800e+00 
1.270399e+00 -3.865066e+00 
1.270986e+00 -7.899408e+00 
1.272736e+00 -3.063432e+00 
1.274986e+00 -2.263807e+00 
1.276902e+00 -1.466024e+00 
1.278361e+00 -6.698228e-01 
1.278574e+00 4.088318e+00 
1.278598e+00 4.878097e+00 
1.279008e+00 3.297176e+00 
1.279234e+00 7.231885e+00 
1.279326e+00 1.251093e-01 
1.279456e+00 5.666069e+00 
1.279516e+00 2.505095e+00 
1.279803e+00 9.190894e-01 
1.279836e+00 1.712375e+00 
1.280556e+00 6.451215e+00 
1.295950e+00 9.548573e+00 
1.468792e+00 9.156298e+00 
1.487550e+00 8.380114e+00 
1.491708e+00 -9.077809e+00 
1.494415e+00 -5.876794e+00 
1.494824e+00 -6.687046e+00 
1.495980e+00 -5.069828e+00 
1.498142e+00 -4.265417e+00 
1.500399e+00 -7.499480e+00 
1.500617e+00 -3.463020e+00 
1.503198e+00 -2.662607e+00 
1.503499e+00 -8.295677e+00 
1.505557e+00 -1.864091e+00 
1.507478e+00 -1.067284e+00 
1.508876e+00 -2.719069e-01 
1.509477e+00 3.692871e+00 
1.509556e+00 4.483719e+00 
1.509733e+00 5.223637e-01 
1.509745e+00 2.901120e+00 
1.510034e+00 2.108735e+00 
1.510087e+00 1.315838e+00 
1.510372e+00 5.273431e+00 
1.510847e+00 7.625603e+00 
1.512139e+00 6.061722e+00 
1.513508e+00 6.846749e+00 
1.521308e+00 -9.882592e+00 
1.595215e+00 9.870932e+00 
1.696106e+00 -9.453201e+00 
1.703413e+00 8.752719e+00 
1.722325e+00 -6.278534e+00 
1.723701e+00 -5.470663e+00 
1.724477e+00 -7.090607e+00 
1.725891e+00 -4.665777e+00 
1.728373e+00 -3.862783e+00 
1.731166e+00 -3.061646e+00 
1.733929e+00 -2.262374e+00 
1.735959e+00 -7.905405e+00 
1.736336e+00 -1.464892e+00 
1.736562e+00 -8.684467e+00 
1.738216e+00 -6.689952e-01 
1.739507e+00 1.256245e-01 
1.740181e+00 3.297076e+00 
1.740222e+00 9.193092e-01 
1.740264e+00 4.088643e+00 
1.740348e+00 2.504942e+00 
1.740446e+00 1.712357e+00 
1.740914e+00 4.879500e+00 
1.742278e+00 8.019826e+00 
1.742465e+00 5.669677e+00 
1.745020e+00 6.458949e+00 
1.746344e+00 7.243710e+00 
1.790984e+00 9.502117e+00 
1.911772e+00 9.120425e+00 
1.950448e+00 -6.679935e+00 
1.951416e+00 -5.870999e+00 
1.953738e+00 -5.065912e+00 
1.955648e+00 -7.494894e+00 
1.956135e+00 -4.262585e+00 
1.958960e+00 -3.460894e+00 
1.962021e+00 -2.660892e+00 
1.964904e+00 -1.862679e+00 
1.967309e+00 -1.066179e+00 
1.969097e+00 -2.711381e-01 
1.970234e+00 5.227966e-01 
1.970777e+00 1.315985e+00 
1.970797e+00 2.901076e+00 
1.970842e+00 3.693084e+00 
1.970881e+00 2.108704e+00 
1.971005e+00 -9.057855e+00 
1.971322e+00 4.484703e+00 
1.972481e+00 5.276002e+00 
1.973620e+00 8.415763e+00 
1.974608e+00 6.067344e+00 
1.976573e+00 -9.801692e+00 
1.977566e+00 -8.315226e+00 
1.977940e+00 6.858526e+00 
1.978925e+00 7.642656e+00 
2.106446e+00 9.774604e+00 
2.152258e+00 -9.407609e+00 
2.178895e+00 -7.080955e+00 
2.179079e+00 -6.270514e+00 
2.181727e+00 -5.465532e+00 
2.184064e+00 -4.662193e+00 
2.186721e+00 -3.860269e+00 
2.188926e+00 -7.901151e+00 
2.189879e+00 -3.059661e+00 
2.193160e+00 -2.260682e+00 
2.193900e+00 8.822119e+00 
2.196111e+00 -1.463490e+00 
2.198460e+00 -6.679385e-01 
2.200097e+00 1.263052e-01 
2.201029e+00 9.196427e-01 
2.201380e+00 1.712447e+00 
2.201395e+00 2.504960e+00 
2.201398e+00 3.297242e+00 
2.201697e+00 4.089296e+00 
2.202517e+00 4.881315e+00 
2.203984e+00 5.673634e+00 
2.206442e+00 6.467138e+00 
2.210783e+00 7.261920e+00 
2.211061e+00 8.044963e+00 
2.226904e+00 -8.735738e+00 
2.281949e+00 9.312306e+00 
2.406631e+00 -6.668837e+00 
2.407570e+00 -7.481657e+00 
2.409835e+00 -5.864362e+00 
2.412286e+00 -5.061259e+00 
2.414673e+00 -4.259595e+00 
2.417621e+00 -3.458669e+00 
2.421112e+00 -2.658949e+00 
2.424270e+00 -8.311716e+00 
2.424578e+00 -1.860973e+00 
2.427542e+00 -1.064802e+00 
2.429766e+00 -2.701650e-01 
2.431183e+00 5.233559e-01 
2.431858e+00 1.316213e+00 
2.431990e+00 2.901230e+00 
2.432012e+00 2.108777e+00 
2.432138e+00 3.693563e+00 
2.432639e+00 4.485892e+00 
2.433606e+00 5.278796e+00 
2.435000e+00 6.072918e+00 
2.437392e+00 6.870230e+00 
2.439846e+00 8.454379e+00 
2.443013e+00 7.672329e+00 
2.449070e+00 -9.694434e+00 
2.497665e+00 -9.178828e+00 
2.563353e+00 9.664845e+00 
2.611565e+00 8.895368e+00 
2.633887e+00 -7.065422e+00 
2.635898e+00 -7.881946e+00 
2.638011e+00 -6.262268e+00 
2.640791e+00 -5.459345e+00 
2.643084e+00 -4.658554e+00 
2.645480e+00 -3.857852e+00 
2.648826e+00 -3.057530e+00 
2.652678e+00 -2.258693e+00 
2.652848e+00 -8.732166e+00 
2.656278e+00 -1.461769e+00 
2.659179e+00 -6.666239e-01 
2.661192e+00 1.271451e-01 
2.662305e+00 9.200507e-01 
2.662657e+00 2.505086e+00 
2.662667e+00 3.297640e+00 
2.662678e+00 1.712585e+00 
2.662954e+00 4.090167e+00 
2.663457e+00 4.883065e+00 
2.664208e+00 5.677547e+00 
2.664840e+00 6.474592e+00 
2.666322e+00 7.278717e+00 
2.673307e+00 8.097095e+00 
2.732578e+00 9.264915e+00 
2.856749e+00 -9.582222e+00 
2.860320e+00 -7.459198e+00 
2.862008e+00 -8.280435e+00 
2.866375e+00 -6.659420e+00 
2.869359e+00 -5.855993e+00 
2.872151e+00 -5.056644e+00 
2.873836e+00 -4.257040e+00 
2.876483e+00 -3.456466e+00 
2.880412e+00 -2.656738e+00 
2.884604e+00 -1.858908e+00 
2.888254e+00 -1.063100e+00 
2.889833e+00 7.696427e+00 
2.890278e+00 8.554154e+00 
2.890988e+00 -2.689776e-01 
2.892261e+00 6.879692e+00 
2.892679e+00 5.240067e-01 
2.893302e+00 2.901511e+00 
2.893400e+00 1.316456e+00 
2.893416e+00 3.694315e+00 
2.893445e+00 2.108870e+00 
2.893702e+00 4.487163e+00 
2.893734e+00 6.078113e+00 
2.893804e+00 5.281020e+00 
2.932910e+00 -9.125703e+00 
3.044573e+00 9.524210e+00 
3.074407e+00 -8.669895e+00 
3.085119e+00 -7.847473e+00 
3.095307e+00 -7.056578e+00 
3.097550e+00 -6.250855e+00 
3.101751e+00 8.128057e+00 
3.101818e+00 -5.453162e+00 
3.103166e+00 -4.655889e+00 
3.103385e+00 9.007736e+00 
3.104430e+00 -3.855755e+00 
3.107865e+00 -3.055222e+00 
3.112460e+00 -2.256323e+00 
3.115009e+00 7.289317e+00 
3.116896e+00 -1.459651e+00 
3.120479e+00 -6.650173e-01 
3.121257e+00 6.481231e+00 
3.122910e+00 1.281221e-01 
3.123132e+00 5.679954e+00 
3.123956e+00 3.298202e+00 
3.124120e+00 4.884618e+00 
3.124122e+00 2.505219e+00 
3.124145e+00 9.204639e-01 
3.124180e+00 4.091363e+00 
3.124389e+00 1.712679e+00 
3.292040e+00 -9.441529e+00 
3.308763e+00 -8.221006e+00 
3.318648e+00 8.545438e+00 
3.324908e+00 -6.643802e+00 
3.325815e+00 -7.455647e+00 
3.327821e+00 7.703082e+00 
3.331596e+00 -5.847246e+00 
3.333275e+00 -4.255287e+00 
3.333880e+00 -5.053816e+00 
3.335273e+00 -3.454266e+00 
3.339828e+00 -2.654164e+00 
3.345003e+00 -1.856375e+00 
3.345369e+00 6.887733e+00 
3.349546e+00 -1.061009e+00 
3.350597e+00 6.079999e+00 
3.352897e+00 -2.675759e-01 
3.353793e+00 5.282496e+00 
3.354635e+00 3.695292e+00 
3.354688e+00 2.901804e+00 
3.354832e+00 4.488849e+00 
3.354850e+00 5.246853e-01 
3.355200e+00 2.108877e+00 
3.355480e+00 1.316608e+00 
3.378384e+00 -9.012218e+00 
3.456366e+00 9.382619e+00 
3.498839e+00 -8.577953e+00 
3.533537e+00 8.923743e+00 
3.536382e+00 8.106921e+00 
3.550726e+00 -7.035016e+00 
3.560478e+00 -6.237956e+00 
3.562478e+00 -7.859471e+00 
3.563118e+00 -3.853967e+00 
3.563808e+00 -4.654747e+00 
3.564746e+00 7.297758e+00 
3.566044e+00 -5.449987e+00 
3.566796e+00 -3.052632e+00 
3.572473e+00 -2.253429e+00 
3.574959e+00 6.481013e+00 
3.578043e+00 -1.457033e+00 
3.582087e+00 5.680538e+00 
3.582502e+00 -6.630882e-01 
3.585161e+00 4.886772e+00 
3.585181e+00 3.298801e+00 
3.585323e+00 4.092876e+00 
3.585407e+00 1.291883e-01 
3.585776e+00 2.505252e+00 
3.586560e+00 1.712596e+00 
3.586668e+00 9.207726e-01 
3.741257e+00 -9.272702e+00 
3.771030e+00 8.478068e+00 
3.774114e+00 -7.424780e+00 
3.779304e+00 7.707794e+00 
3.787303e+00 -6.624247e+00 
3.792294e+00 -4.254303e+00 
3.793650e+00 -3.451965e+00 
3.794647e+00 6.882023e+00 
3.796775e+00 -5.053527e+00 
3.799094e+00 -5.843407e+00 
3.799238e+00 -2.651043e+00 
3.805817e+00 -1.853230e+00 
3.808083e+00 6.078005e+00 
3.808427e+00 -8.278040e+00 
3.811553e+00 -1.058462e+00 
3.814877e+00 5.285011e+00 
3.815670e+00 -2.659834e-01 
3.815675e+00 3.696333e+00 
3.815943e+00 4.491000e+00 
3.816101e+00 2.902034e+00 
3.817277e+00 2.108649e+00 
3.817856e+00 5.252882e-01 
3.818194e+00 1.316521e+00 
3.819624e+00 -8.811852e+00 
3.887679e+00 9.212272e+00 
3.977932e+00 8.801062e+00 
3.994770e+00 -7.813971e+00 
4.003358e+00 8.117413e+00 
4.009989e+00 7.279493e+00 
4.010223e+00 -7.004700e+00 
4.021007e+00 -3.852405e+00 
4.024002e+00 -4.654985e+00 
4.025367e+00 -3.049527e+00 
4.030564e+00 6.473198e+00 
4.031715e+00 -6.233212e+00 
4.032465e+00 -5.450711e+00 
4.032697e+00 -2.249817e+00 
4.039836e+00 -1.453806e+00 
4.043650e+00 5.683229e+00 
4.045438e+00 -6.608311e-01 
4.046201e+00 4.094434e+00 
4.046286e+00 3.299437e+00 
4.046373e+00 4.889661e+00 
4.047560e+00 2.505042e+00 
4.048883e+00 1.302548e-01 
4.049234e+00 1.712159e+00 
4.050020e+00 9.208214e-01 
4.171646e+00 -9.087209e+00 
4.182838e+00 -8.608027e+00 
4.215340e+00 7.672380e+00 
4.225727e+00 -7.378126e+00 
4.234737e+00 -8.173977e+00 
4.248346e+00 6.862641e+00 
4.250147e+00 -4.254087e+00 
4.251171e+00 -3.449260e+00 
4.258526e+00 -2.647117e+00 
4.259449e+00 -5.055309e+00 
4.262911e+00 -6.618888e+00 
4.267127e+00 -1.849311e+00 
4.270159e+00 -5.845254e+00 
4.271203e+00 6.080725e+00 
4.274468e+00 -1.055420e+00 
4.276503e+00 5.288824e+00 
4.276526e+00 3.697583e+00 
4.276706e+00 4.493035e+00 
4.277405e+00 2.902079e+00 
4.279541e+00 -2.642724e-01 
4.279652e+00 2.108002e+00 
4.281644e+00 1.316001e+00 
4.281898e+00 5.256637e-01 
4.302943e+00 8.514773e+00 
4.338355e+00 9.008811e+00 
4.416657e+00 8.065737e+00 
4.443686e+00 -7.730570e+00 
4.461069e+00 7.241979e+00 
4.477370e+00 -3.850666e+00 
4.482853e+00 -4.656854e+00 
4.483329e+00 -3.045565e+00 
4.490551e+00 -7.000926e+00 
4.493156e+00 -2.245261e+00 
4.497588e+00 6.476239e+00 
4.499202e+00 -5.454004e+00 
4.502454e+00 -1.449897e+00 
4.506356e+00 5.688470e+00 
4.506963e+00 4.096474e+00 
4.507056e+00 4.891929e+00 
4.507059e+00 3.300024e+00 
4.507728e+00 -6.236653e+00 
4.509370e+00 2.504409e+00 
4.509541e+00 -6.583008e-01 
4.512447e+00 1.711167e+00 
4.513588e+00 1.311690e-01 
4.514372e+00 9.204171e-01 
4.579112e+00 -8.888855e+00 
4.618858e+00 -8.471773e+00 
4.650289e+00 7.612348e+00 
4.661155e+00 -8.072671e+00 
4.705706e+00 -4.254081e+00 
4.707403e+00 -3.445680e+00 
4.717039e+00 -7.376167e+00 
4.717625e+00 -2.642073e+00 
4.721115e+00 -5.060097e+00 
4.722510e+00 6.868758e+00 
4.728846e+00 8.810109e+00 
4.729087e+00 -1.844509e+00 
4.736295e+00 6.088812e+00 
4.736906e+00 3.699002e+00 
4.737063e+00 5.290704e+00 
4.737640e+00 4.496009e+00 
4.738393e+00 2.901764e+00 
4.738556e+00 -1.051921e+00 
4.742071e+00 -5.849188e+00 
4.742281e+00 2.106745e+00 
4.743847e+00 -6.625964e+00 
4.744803e+00 -2.626023e-01 
4.745940e+00 1.314859e+00 
4.747210e+00 5.256000e-01 
4.747975e+00 8.393794e+00 
4.829466e+00 7.974446e+00 
4.931478e+00 -3.848074e+00 
4.938622e+00 -4.659552e+00 
4.940497e+00 -3.040295e+00 
4.945079e+00 -7.753289e+00 
4.945627e+00 7.258902e+00 
4.953973e+00 -2.239605e+00 
4.966152e+00 -1.445329e+00 
4.966438e+00 -5.462523e+00 
4.966466e+00 5.688567e+00 
4.966974e+00 6.491280e+00 
4.967187e+00 3.300376e+00 
4.967212e+00 4.098995e+00 
4.968568e+00 4.896013e+00 
4.971080e+00 2.503166e+00 
4.975138e+00 -6.556704e-01 
4.976224e+00 1.709482e+00 
4.977709e+00 -7.014756e+00 
4.979811e+00 1.316833e-01 
4.979890e+00 9.193456e-01 
4.983346e+00 -6.239147e+00 
5.013986e+00 -8.651008e+00 
5.061989e+00 -8.208164e+00 
5.131720e+00 7.651059e+00 
5.156355e+00 8.566913e+00 
5.157852e+00 -4.253272e+00 
5.162012e+00 -3.440537e+00 
5.176600e+00 -2.635703e+00 
5.179053e+00 -5.066763e+00 
5.191946e+00 -1.838832e+00 
5.193756e+00 8.134228e+00 
5.194531e+00 6.084182e+00 
5.196398e+00 3.700331e+00 
5.197135e+00 6.901123e+00 
5.198081e+00 4.499960e+00 
5.198821e+00 2.900859e+00 
5.199855e+00 5.296222e+00 
5.203598e+00 -7.416880e+00 
5.204168e+00 -1.048163e+00 
5.205129e+00 2.104835e+00 
5.211154e+00 1.312945e+00 
5.211805e+00 -2.612772e-01 
5.214020e+00 5.248318e-01 
5.218058e+00 -5.861890e+00 
5.220564e+00 -6.621976e+00 
5.382727e+00 -3.843513e+00 
5.384221e+00 -7.876947e+00 
5.389540e+00 -4.661471e+00 
5.396907e+00 -3.033455e+00 
5.415382e+00 -2.232828e+00 
5.418784e+00 6.475222e+00 
5.426326e+00 3.300108e+00 
5.426358e+00 4.101552e+00 
5.429611e+00 4.901985e+00 
5.430067e+00 -5.474841e+00 
5.431287e+00 -1.440337e+00 
5.431766e+00 5.696240e+00 
5.432177e+00 7.325522e+00 
5.432647e+00 2.501387e+00 
5.432774e+00 -8.394341e+00 
5.440523e+00 1.707080e+00 
5.442629e+00 -6.533352e-01 
5.443636e+00 -7.000397e+00 
5.446683e+00 9.174073e-01 
5.447839e+00 1.314564e-01 
5.468699e+00 -6.255450e+00 
5.527902e+00 7.818365e+00 
5.575584e+00 8.300172e+00 
5.605703e+00 -4.249705e+00 
5.615074e+00 -3.433511e+00 
5.625247e+00 -7.389308e+00 
5.629559e+00 6.857059e+00 
5.630216e+00 -5.072667e+00 
5.635619e+00 -2.627932e+00 
5.654586e+00 3.700745e+00 
5.656084e+00 -1.832545e+00 
5.657031e+00 4.504090e+00 
5.658636e+00 2.899605e+00 
5.662144e+00 5.305466e+00 
5.664454e+00 6.095297e+00 
5.668100e+00 2.102414e+00 
5.671763e+00 -1.044689e+00 
5.677268e+00 1.310193e+00 
5.680900e+00 -2.607564e-01 
5.682501e+00 5.230901e-01 
5.693170e+00 -5.881551e+00 
5.714275e+00 -6.642631e+00 
5.785643e+00 -7.734957e+00 
5.794794e+00 -8.148642e+00 
5.831260e+00 -3.836688e+00 
5.834259e+00 -4.658856e+00 
5.842406e+00 7.198102e+00 
5.852697e+00 -3.024881e+00 
5.877799e+00 -2.225163e+00 
5.882217e+00 7.595632e+00 
5.883779e+00 4.102228e+00 
5.884617e+00 3.299747e+00 
5.884751e+00 -5.486483e+00 
5.888283e+00 4.908513e+00 
5.893985e+00 2.499397e+00 
5.896583e+00 5.711247e+00 
5.897212e+00 6.491089e+00 
5.898367e+00 -1.435695e+00 
5.905171e+00 1.704068e+00 
5.912393e+00 -6.519475e-01 
5.914756e+00 9.144931e-01 
5.917877e+00 1.301163e-01 
5.930247e+00 -7.030284e+00 
5.947744e+00 8.037682e+00 
5.955669e+00 -6.286113e+00 
6.050075e+00 -4.243359e+00 
6.066743e+00 -3.424275e+00 
6.072126e+00 -5.069961e+00 
6.095010e+00 -2.618837e+00 
6.112247e+00 3.701274e+00 
6.113196e+00 4.503949e+00 
6.116796e+00 -7.408479e+00 
6.117640e+00 2.898591e+00 
6.120262e+00 5.316396e+00 
6.122181e+00 -1.826754e+00 
6.129446e+00 6.869501e+00 
6.130967e+00 2.099768e+00 
6.134811e+00 6.120388e+00 
6.141776e+00 -1.042462e+00 
6.144149e+00 1.306690e+00 
6.152328e+00 -2.615871e-01 
6.152711e+00 5.202121e-01 
6.158978e+00 -5.901219e+00 
6.190593e+00 -7.852169e+00 
6.213915e+00 -6.692632e+00 
6.273023e+00 7.305343e+00 
6.275349e+00 -4.652621e+00 
6.276995e+00 -3.827052e+00 
6.308160e+00 -3.014252e+00 
6.319110e+00 7.749119e+00 
6.324832e+00 -5.480079e+00 
6.341511e+00 4.905346e+00 
6.341582e+00 4.103003e+00 
6.341953e+00 3.300375e+00 
6.342201e+00 -2.218131e+00 
6.354047e+00 5.730981e+00 
6.354886e+00 2.497611e+00 
6.367842e+00 -1.432826e+00 
6.369836e+00 1.700723e+00 
6.383966e+00 9.106909e-01 
6.384621e+00 -6.523582e-01 
6.385799e+00 6.528013e+00 
6.389943e+00 1.274065e-01 
6.428292e+00 -6.321229e+00 
6.437476e+00 -7.094838e+00 
6.491107e+00 -4.233357e+00 
6.511539e+00 -5.062777e+00 
6.517241e+00 -3.411559e+00 
6.551471e+00 -7.553689e+00 
6.555971e+00 -2.610576e+00 
6.566867e+00 5.305544e+00 
6.569779e+00 3.703819e+00 
6.571335e+00 4.503550e+00 
6.575206e+00 2.898392e+00 
6.588405e+00 6.968174e+00 
6.590936e+00 -1.823493e+00 
6.593408e+00 2.097333e+00 
6.594394e+00 6.156889e+00 
6.604556e+00 -5.875930e+00 
6.611569e+00 1.302745e+00 
6.614402e+00 -1.042829e+00 
6.624558e+00 5.162894e-01 
6.626070e+00 -2.642220e-01 
6.684930e+00 7.435839e+00 
6.709752e+00 -6.748448e+00 
6.712967e+00 -4.641438e+00 
6.719321e+00 -3.811458e+00 
6.765271e+00 -3.004882e+00 
6.769047e+00 -5.469014e+00 
6.786924e+00 5.701781e+00 
6.797448e+00 3.302878e+00 
6.799619e+00 4.901328e+00 
6.801038e+00 4.107160e+00 
6.809657e+00 -2.214416e+00 
6.815149e+00 2.496489e+00 
6.834026e+00 1.697546e+00 
6.839787e+00 -1.433826e+00 
6.843239e+00 6.611829e+00 
6.852248e+00 -6.243896e+00 
6.854015e+00 9.063813e-01 
6.859030e+00 -6.554006e-01 
6.863759e+00 1.233874e-01 
6.889705e+00 -7.246514e+00 
6.927739e+00 -4.212899e+00 
6.947353e+00 -5.049350e+00 
6.970017e+00 -3.400817e+00 
6.993884e+00 6.090517e+00 
7.018473e+00 7.121871e+00 
7.019385e+00 -2.606581e+00 
7.024565e+00 5.294090e+00 
7.026319e+00 3.709643e+00 
7.030285e+00 2.899442e+00 
7.033957e+00 4.508630e+00 
7.055103e+00 2.095801e+00 
7.062829e+00 -1.825853e+00 
7.079269e+00 1.298948e+00 
7.087146e+00 -5.846932e+00 
7.089246e+00 -1.047293e+00 
7.097852e+00 5.117831e-01 
7.098135e+00 -6.547185e+00 
7.101708e+00 -2.687417e-01 
7.143972e+00 -4.610718e+00 
7.163326e+00 -3.799871e+00 
7.195577e+00 -6.942886e+00 
7.205821e+00 6.420422e+00 
7.207646e+00 -5.455207e+00 
7.225223e+00 -3.001177e+00 
7.242826e+00 5.680668e+00 
7.249580e+00 3.307814e+00 
7.261139e+00 4.116296e+00 
7.266534e+00 4.906576e+00 
7.274904e+00 2.496631e+00 
7.281287e+00 -2.218048e+00 
7.297003e+00 1.695401e+00 
7.312621e+00 6.819500e+00 
7.313304e+00 -1.441255e+00 
7.324446e+00 9.022353e-01 
7.334509e+00 -6.614906e-01 
7.338708e+00 1.185899e-01 
7.359067e+00 -6.167572e+00 
7.368231e+00 -4.999817e+00 
7.371511e+00 -4.201693e+00 
7.426369e+00 -3.397123e+00 
7.467359e+00 6.044147e+00 
7.480286e+00 3.719280e+00 
7.481462e+00 2.902151e+00 
7.485629e+00 -2.611818e+00 
7.496196e+00 5.300504e+00 
7.499255e+00 4.520916e+00 
7.515859e+00 2.096354e+00 
7.531920e+00 -6.576487e+00 
7.537655e+00 -1.838015e+00 
7.547014e+00 1.296312e+00 
7.564906e+00 -1.056911e+00 
7.572498e+00 5.073833e-01 
7.578472e+00 -2.745820e-01 
7.591773e+00 -4.600311e+00 
7.596355e+00 -5.382821e+00 
7.606756e+00 -3.797322e+00 
7.611657e+00 -5.800439e+00 
7.633178e+00 6.458684e+00 
7.689114e+00 -3.009381e+00 
7.696472e+00 3.315673e+00 
7.719976e+00 4.130548e+00 
7.726880e+00 5.684585e+00 
7.735137e+00 2.499064e+00 
7.737653e+00 4.922666e+00 
7.757548e+00 1.695741e+00 
7.758208e+00 -2.234911e+00 
7.785396e+00 -1.457308e+00 
7.794410e+00 8.993269e-01 
7.808847e+00 -6.699668e-01 
7.813942e+00 1.135830e-01 
7.817804e+00 -4.202752e+00 
7.818819e+00 -4.998317e+00 
7.834859e+00 -6.212486e+00 
7.888209e+00 -3.407027e+00 
7.922784e+00 6.099959e+00 
7.926794e+00 2.907106e+00 
7.930069e+00 3.732969e+00 
7.953908e+00 -2.634147e+00 
7.964244e+00 4.539689e+00 
7.975592e+00 5.319571e+00 
7.975735e+00 2.101209e+00 
7.992906e+00 -5.441133e+00 
8.013241e+00 -1.864713e+00 
8.014696e+00 1.296494e+00 
8.038815e+00 -1.070548e+00 
8.040097e+00 -4.602615e+00 
8.046477e+00 -3.807564e+00 
8.048564e+00 5.040622e-01 
8.055986e+00 -2.815335e-01 
8.115664e+00 -5.840890e+00 
8.136117e+00 3.327133e+00 
8.158335e+00 -3.041997e+00 
8.175916e+00 4.149298e+00 
8.192446e+00 5.732698e+00 
8.198560e+00 2.505914e+00 
8.209693e+00 4.945440e+00 
8.213275e+00 1.701065e+00 
8.240660e+00 -2.274166e+00 
8.244545e+00 -5.007611e+00 
8.249056e+00 -1.479581e+00 
8.262112e+00 8.991066e-01 
8.266923e+00 -4.211002e+00 
8.279640e+00 -6.809359e-01 
8.287774e+00 1.089361e-01 
8.361760e+00 -3.443536e+00 
8.363217e+00 2.915314e+00 
8.374565e+00 3.750667e+00 
8.409724e+00 -5.408931e+00 
8.418057e+00 -2.691601e+00 
8.427474e+00 4.562709e+00 
8.434898e+00 2.114755e+00 
8.444097e+00 5.355113e+00 
8.481457e+00 -1.901560e+00 
8.482473e+00 1.302256e+00 
8.483872e+00 -3.825811e+00 
8.487673e+00 -4.581391e+00 
8.510348e+00 -1.089272e+00 
8.526637e+00 5.024608e-01 
8.534464e+00 -2.890654e-01 
8.566771e+00 3.343289e+00 
8.628212e+00 4.172958e+00 
8.630698e+00 -3.142097e+00 
8.658909e+00 1.715146e+00 
8.671001e+00 2.522483e+00 
8.673990e+00 -4.974122e+00 
8.677616e+00 4.967795e+00 
8.697459e+00 -1.510304e+00 
8.721620e+00 -2.322692e+00 
8.723079e+00 9.028328e-01 
8.732302e+00 -4.145715e+00 
8.742212e+00 -6.942011e-01 
8.757110e+00 1.052148e-01 
8.785086e+00 2.929397e+00 
8.812429e+00 3.778146e+00 
8.844255e+00 -2.748372e+00 
8.850235e+00 -3.636767e+00 
8.891569e+00 2.144750e+00 
8.892482e+00 4.572063e+00 
8.915006e+00 -4.527987e+00 
8.939330e+00 -1.953250e+00 
8.950979e+00 1.314875e+00 
8.979696e+00 -1.113941e+00 
8.984000e+00 3.379829e+00 
9.008956e+00 5.068841e-01 
9.015862e+00 -2.995624e-01 
9.030819e+00 -3.242014e+00 
9.081692e+00 1.734739e+00 
9.088281e+00 4.169311e+00 
9.118603e+00 -1.542114e+00 
9.137087e+00 -4.061237e+00 
9.161084e+00 2.565424e+00 
9.169794e+00 9.162240e-01 
9.173938e+00 2.977560e+00 
9.188148e+00 -7.177567e-01 
9.210709e+00 -2.399337e+00 
9.211496e+00 1.052247e-01 
9.222562e+00 -2.838082e+00 
9.264998e+00 3.760293e+00 
9.312909e+00 -3.640018e+00 
9.329844e+00 2.182571e+00 
9.368216e+00 -2.005800e+00 
9.423421e+00 3.343522e+00 
9.425751e+00 1.350119e+00 
9.455217e+00 -1.156924e+00 
9.470265e+00 -3.208440e+00 
9.471292e+00 1.768833e+00 
9.499513e+00 5.226375e-01 
9.500147e+00 -3.184107e-01 
9.503680e+00 -1.587760e+00 
9.568569e+00 2.902151e+00 
9.577171e+00 9.456607e-01 
9.595334e+00 -7.409937e-01 
9.613371e+00 -2.750108e+00 
9.623232e+00 9.590851e-02 
9.677910e+00 2.513574e+00 
9.719105e+00 -2.349255e+00 
9.776436e+00 2.097927e+00 
9.811477e+00 -1.927413e+00 
9.860720e+00 1.657167e+00 
9.888366e+00 -1.483315e+00 
9.918348e+00 1.267427e+00 
9.939034e+00 -1.093434e+00 
9.963503e+00 8.417837e-01 
9.975896e+00 -6.793362e-01 
9.988126e+00 4.661876e-01 
9.994429e+00 -3.023191e-01 
9.998703e+00 7.706530e-02 
