1 2 
1 3 
1 15 
1 20 
2 4 
2 14 
2 20 
3 5 
3 15 
4 6 
4 14 
4 21 
5 7 
5 15 
5 22 
6 8 
6 17 
6 21 
7 9 
7 18 
7 22 
8 10 
8 17 
8 25 
9 11 
9 18 
9 28 
10 12 
10 24 
10 25 
11 13 
11 26 
11 28 
12 16 
12 24 
12 30 
13 19 
13 26 
13 32 
14 20 
14 21 
14 31 
15 20 
15 22 
15 33 
16 23 
16 30 
16 34 
17 21 
17 25 
17 36 
18 22 
18 28 
18 37 
19 27 
19 32 
19 40 
20 31 
20 33 
20 41 
21 31 
21 36 
21 43 
22 33 
22 37 
22 45 
23 29 
23 34 
23 44 
24 25 
24 30 
24 39 
25 36 
25 39 
25 48 
26 28 
26 32 
26 42 
27 35 
27 40 
27 47 
28 37 
28 42 
28 50 
29 38 
29 44 
29 53 
30 34 
30 39 
30 49 
30 54 
31 41 
31 43 
31 55 
32 40 
32 42 
32 52 
33 41 
33 45 
33 56 
34 44 
34 49 
34 59 
35 46 
35 47 
35 58 
36 43 
36 48 
36 60 
37 45 
37 50 
37 62 
38 51 
38 53 
38 64 
39 48 
39 54 
39 65 
40 47 
40 52 
40 61 
40 67 
41 55 
41 56 
41 69 
42 50 
42 52 
42 66 
43 55 
43 60 
43 71 
44 53 
44 59 
44 68 
45 56 
45 62 
45 72 
46 57 
46 58 
46 70 
47 58 
47 61 
47 75 
48 60 
48 65 
48 76 
49 54 
49 59 
49 74 
50 62 
50 66 
50 77 
51 63 
51 64 
51 78 
52 66 
52 67 
52 80 
53 64 
53 68 
53 81 
54 65 
54 74 
54 82 
55 69 
55 71 
55 85 
56 69 
56 72 
56 86 
57 70 
57 73 
57 83 
58 70 
58 75 
58 87 
59 68 
59 74 
59 84 
60 71 
60 76 
60 89 
61 67 
61 75 
61 88 
62 72 
62 77 
62 91 
63 78 
63 79 
63 92 
64 78 
64 81 
64 95 
65 76 
65 82 
65 93 
66 77 
66 80 
66 94 
67 80 
67 88 
67 97 
68 81 
68 84 
68 98 
69 85 
69 86 
69 102 
70 83 
70 87 
70 100 
71 85 
71 89 
71 104 
72 86 
72 91 
72 105 
73 83 
73 90 
73 101 
74 82 
74 84 
74 99 
75 87 
75 88 
75 103 
76 89 
76 93 
76 106 
77 91 
77 94 
77 107 
78 92 
78 95 
78 109 
79 92 
79 96 
79 110 
80 94 
80 97 
80 111 
81 95 
81 98 
81 112 
82 93 
82 99 
82 113 
83 100 
83 101 
83 115 
84 98 
84 99 
84 114 
85 102 
85 104 
85 119 
86 102 
86 105 
86 120 
87 100 
87 103 
87 116 
88 97 
88 103 
88 117 
89 104 
89 106 
89 122 
90 101 
90 108 
90 121 
91 105 
91 107 
91 123 
92 109 
92 110 
92 125 
93 106 
93 113 
93 124 
94 107 
94 111 
94 126 
95 109 
95 112 
95 127 
96 110 
96 118 
96 128 
97 111 
97 117 
97 130 
98 112 
98 114 
98 129 
99 113 
99 114 
99 131 
100 115 
100 116 
100 134 
101 115 
101 121 
101 133 
102 119 
102 120 
102 136 
103 116 
103 117 
103 135 
104 119 
104 122 
104 137 
105 120 
105 123 
105 138 
106 122 
106 124 
106 141 
107 123 
107 126 
107 142 
108 121 
108 132 
108 139 
109 125 
109 127 
109 143 
110 125 
110 128 
110 144 
111 126 
111 130 
111 147 
112 127 
112 129 
112 146 
113 124 
113 131 
113 145 
114 129 
114 131 
114 148 
115 133 
115 134 
115 151 
116 134 
116 135 
116 153 
117 130 
117 135 
117 149 
118 128 
118 140 
118 150 
119 136 
119 137 
119 155 
120 136 
120 138 
120 156 
121 133 
121 139 
121 152 
122 137 
122 141 
122 157 
123 138 
123 142 
123 158 
124 141 
124 145 
124 159 
125 143 
125 144 
125 161 
126 142 
126 147 
126 160 
127 143 
127 146 
127 162 
128 144 
128 150 
128 163 
129 146 
129 148 
129 164 
130 147 
130 149 
130 166 
131 145 
131 148 
131 165 
132 139 
132 154 
132 171 
133 151 
133 152 
133 170 
134 151 
134 153 
134 169 
135 149 
135 153 
135 168 
136 155 
136 156 
136 174 
137 155 
137 157 
137 175 
138 156 
138 158 
138 176 
139 152 
139 171 
139 172 
140 150 
140 167 
140 173 
141 157 
141 159 
141 177 
142 158 
142 160 
142 178 
143 161 
143 162 
143 180 
144 161 
144 163 
144 184 
145 159 
145 165 
145 179 
146 162 
146 164 
146 183 
147 160 
147 166 
147 182 
148 164 
148 165 
148 185 
149 166 
149 168 
149 187 
150 163 
150 173 
150 186 
151 169 
151 170 
151 189 
152 170 
152 172 
152 190 
153 168 
153 169 
153 188 
154 171 
154 181 
154 191 
155 174 
155 175 
155 193 
156 174 
156 176 
156 194 
157 175 
157 177 
157 195 
158 176 
158 178 
158 196 
159 177 
159 179 
159 197 
160 178 
160 182 
160 198 
161 180 
161 184 
161 201 
162 180 
162 183 
162 199 
163 184 
163 186 
163 205 
164 183 
164 185 
164 202 
165 179 
165 185 
165 200 
166 182 
166 187 
166 204 
167 173 
167 192 
167 211 
168 187 
168 188 
168 206 
169 188 
169 189 
169 208 
170 189 
170 190 
170 209 
171 172 
171 191 
171 203 
171 212 
172 190 
172 203 
173 186 
173 207 
173 211 
174 193 
174 194 
174 213 
175 193 
175 195 
175 214 
176 194 
176 196 
176 215 
177 195 
177 197 
177 216 
178 196 
178 198 
178 217 
179 197 
179 200 
179 218 
180 199 
180 201 
180 222 
181 191 
181 210 
181 224 
182 198 
182 204 
182 219 
183 199 
183 202 
183 220 
184 201 
184 205 
184 223 
185 200 
185 202 
185 221 
186 205 
186 207 
186 228 
187 204 
187 206 
187 225 
188 206 
188 208 
188 229 
189 208 
189 209 
189 230 
190 203 
190 209 
190 226 
191 212 
191 224 
192 211 
192 227 
192 231 
193 213 
193 214 
193 232 
194 213 
194 215 
194 233 
195 214 
195 216 
195 234 
196 215 
196 217 
196 235 
197 216 
197 218 
197 237 
198 217 
198 219 
198 238 
199 220 
199 222 
199 243 
200 218 
200 221 
200 240 
201 222 
201 223 
201 245 
202 220 
202 221 
202 241 
203 212 
203 226 
203 239 
204 219 
204 225 
204 244 
205 223 
205 228 
205 247 
206 225 
206 229 
206 246 
207 211 
207 228 
207 242 
208 229 
208 230 
208 249 
209 226 
209 230 
209 248 
210 224 
210 236 
210 250 
211 231 
211 242 
211 253 
212 224 
212 239 
212 251 
213 232 
213 233 
213 254 
214 232 
214 234 
214 255 
215 233 
215 235 
215 256 
216 234 
216 237 
216 257 
217 235 
217 238 
217 258 
218 237 
218 240 
218 259 
219 238 
219 244 
219 260 
220 241 
220 243 
220 262 
221 240 
221 241 
221 261 
222 243 
222 245 
222 264 
223 245 
223 247 
223 267 
224 250 
224 251 
224 271 
225 244 
225 246 
225 265 
226 239 
226 248 
226 263 
227 231 
227 252 
227 270 
228 242 
228 247 
228 266 
229 246 
229 249 
229 269 
230 248 
230 249 
230 268 
231 253 
231 270 
232 254 
232 255 
232 274 
233 254 
233 256 
233 275 
234 255 
234 257 
234 276 
235 256 
235 258 
235 278 
236 250 
236 272 
236 273 
237 257 
237 259 
237 279 
238 258 
238 260 
238 280 
239 251 
239 263 
239 277 
240 259 
240 261 
240 281 
241 261 
241 262 
241 283 
242 253 
242 266 
242 282 
243 262 
243 264 
243 285 
244 260 
244 265 
244 284 
245 264 
245 267 
245 287 
246 265 
246 269 
246 289 
247 266 
247 267 
247 288 
248 263 
248 268 
248 286 
249 268 
249 269 
249 290 
250 271 
250 273 
250 293 
251 271 
251 277 
251 294 
252 270 
252 291 
252 292 
253 270 
253 282 
253 295 
254 274 
254 275 
254 296 
255 274 
255 276 
255 297 
256 275 
256 278 
256 298 
257 276 
257 279 
257 299 
258 278 
258 280 
258 300 
259 279 
259 281 
259 302 
260 280 
260 284 
260 304 
261 281 
261 283 
261 305 
262 283 
262 285 
262 306 
263 277 
263 286 
263 303 
264 285 
264 287 
264 309 
265 284 
265 289 
265 307 
266 282 
266 288 
266 308 
267 287 
267 288 
267 311 
268 286 
268 290 
268 310 
269 289 
269 290 
269 312 
270 292 
270 295 
270 314 
271 293 
271 294 
271 315 
272 273 
272 301 
272 313 
273 293 
273 313 
274 296 
274 297 
274 318 
275 296 
275 298 
275 319 
276 297 
276 299 
276 320 
277 294 
277 303 
277 317 
278 298 
278 300 
278 321 
279 299 
279 302 
279 322 
280 300 
280 304 
280 324 
281 302 
281 305 
281 325 
282 295 
282 308 
282 323 
283 305 
283 306 
283 328 
284 304 
284 307 
284 327 
285 306 
285 309 
285 329 
286 303 
286 310 
286 326 
287 309 
287 311 
287 333 
288 308 
288 311 
288 332 
289 307 
289 312 
289 330 
290 310 
290 312 
290 331 
291 292 
291 316 
291 334 
292 314 
292 334 
293 313 
293 315 
293 335 
294 315 
294 317 
294 338 
295 314 
295 323 
295 339 
296 318 
296 319 
296 340 
297 318 
297 320 
297 341 
298 319 
298 321 
298 342 
299 320 
299 322 
299 343 
300 321 
300 324 
300 345 
301 313 
301 336 
301 337 
302 322 
302 325 
302 346 
303 317 
303 326 
303 344 
304 324 
304 327 
304 347 
305 325 
305 328 
305 348 
306 328 
306 329 
306 352 
307 327 
307 330 
307 351 
308 323 
308 332 
308 349 
309 329 
309 333 
309 354 
310 326 
310 331 
310 350 
311 332 
311 333 
311 355 
312 330 
312 331 
312 353 
313 335 
313 337 
313 360 
314 334 
314 339 
314 357 
315 335 
315 338 
315 359 
316 334 
316 356 
316 358 
317 338 
317 344 
317 361 
318 340 
318 341 
318 362 
319 340 
319 342 
319 363 
320 341 
320 343 
320 364 
321 342 
321 345 
321 365 
322 343 
322 346 
322 367 
323 339 
323 349 
323 366 
324 345 
324 347 
324 368 
325 346 
325 348 
325 370 
326 344 
326 350 
326 369 
327 347 
327 351 
327 371 
328 348 
328 352 
328 372 
329 352 
329 354 
329 376 
330 351 
330 353 
330 374 
331 350 
331 353 
331 373 
332 349 
332 355 
332 375 
333 354 
333 355 
333 377 
334 357 
334 358 
334 380 
335 359 
335 360 
335 381 
336 337 
336 378 
336 379 
337 360 
337 379 
338 359 
338 361 
338 382 
339 357 
339 366 
339 383 
340 362 
340 363 
340 386 
341 362 
341 364 
341 387 
342 363 
342 365 
342 388 
343 364 
343 367 
343 389 
344 361 
344 369 
344 385 
345 365 
345 368 
345 390 
346 367 
346 370 
346 391 
347 368 
347 371 
347 392 
348 370 
348 372 
348 395 
349 366 
349 375 
349 393 
350 369 
350 373 
350 394 
351 371 
351 374 
351 396 
352 372 
352 376 
352 398 
353 373 
353 374 
353 397 
354 376 
354 377 
354 400 
355 375 
355 377 
355 399 
356 358 
356 384 
356 401 
357 380 
357 383 
357 404 
358 380 
358 401 
359 381 
359 382 
359 403 
360 379 
360 381 
360 402 
361 382 
361 385 
361 405 
362 386 
362 387 
362 408 
363 386 
363 388 
363 409 
364 387 
364 389 
364 410 
365 388 
365 390 
365 411 
366 383 
366 393 
366 407 
367 389 
367 391 
367 413 
368 390 
368 392 
368 414 
369 385 
369 394 
369 412 
370 391 
370 395 
370 415 
371 392 
371 396 
371 416 
372 395 
372 398 
372 421 
373 394 
373 397 
373 417 
374 396 
374 397 
374 418 
375 393 
375 399 
375 419 
376 398 
376 400 
376 422 
377 399 
377 400 
377 423 
378 379 
378 406 
378 420 
379 402 
379 406 
379 428 
380 401 
380 404 
380 425 
381 402 
381 403 
381 426 
382 403 
382 405 
382 427 
383 404 
383 407 
383 429 
384 401 
384 424 
384 430 
385 405 
385 412 
385 431 
386 408 
386 409 
386 432 
387 408 
387 410 
387 433 
388 409 
388 411 
388 434 
389 410 
389 413 
389 435 
390 411 
390 414 
390 436 
391 413 
391 415 
391 439 
392 414 
392 416 
392 440 
393 407 
393 419 
393 437 
394 412 
394 417 
394 438 
395 415 
395 421 
395 443 
396 416 
396 418 
396 441 
397 417 
397 418 
397 442 
398 421 
398 422 
398 445 
399 419 
399 423 
399 444 
400 422 
400 423 
400 446 
401 425 
401 430 
401 450 
402 426 
402 428 
402 448 
403 426 
403 427 
403 447 
404 425 
404 429 
404 449 
405 427 
405 431 
405 453 
406 420 
406 428 
406 452 
407 429 
407 437 
407 454 
408 432 
408 433 
408 456 
409 432 
409 434 
409 457 
410 433 
410 435 
410 458 
411 434 
411 436 
411 459 
412 431 
412 438 
412 455 
413 435 
413 439 
413 461 
414 436 
414 440 
414 460 
415 439 
415 443 
415 466 
416 440 
416 441 
416 463 
417 438 
417 442 
417 462 
418 441 
418 442 
418 465 
419 437 
419 444 
419 464 
420 451 
420 452 
421 443 
421 445 
421 468 
422 445 
422 446 
422 470 
423 444 
423 446 
423 469 
424 430 
424 467 
424 473 
425 449 
425 450 
425 475 
426 447 
426 448 
426 471 
427 447 
427 453 
427 474 
428 448 
428 452 
428 472 
429 449 
429 454 
429 476 
430 450 
430 473 
431 453 
431 455 
431 477 
432 456 
432 457 
432 479 
433 456 
433 458 
433 482 
434 457 
434 459 
434 481 
435 458 
435 461 
435 484 
436 459 
436 460 
436 483 
437 454 
437 464 
437 480 
438 455 
438 462 
438 478 
439 461 
439 466 
439 487 
440 460 
440 463 
440 485 
441 463 
441 465 
441 488 
442 462 
442 465 
442 486 
443 466 
443 468 
443 489 
444 464 
444 469 
444 490 
445 468 
445 470 
445 491 
446 469 
446 470 
446 492 
447 471 
447 474 
447 497 
448 471 
448 472 
448 496 
449 475 
449 476 
449 500 
450 473 
450 475 
450 498 
451 452 
451 493 
451 495 
452 472 
452 493 
452 503 
453 474 
453 477 
453 499 
454 476 
454 480 
454 502 
455 477 
455 478 
455 501 
456 479 
456 482 
456 506 
457 479 
457 481 
457 505 
458 482 
458 484 
458 508 
459 481 
459 483 
459 507 
460 483 
460 485 
460 509 
461 484 
461 487 
461 512 
462 478 
462 486 
462 504 
463 485 
463 488 
463 513 
464 480 
464 490 
464 510 
465 486 
465 488 
465 511 
466 487 
466 489 
466 514 
467 473 
467 494 
467 518 
468 489 
468 491 
468 515 
469 490 
469 492 
469 516 
470 491 
470 492 
470 517 
471 496 
471 497 
471 519 
472 496 
472 503 
472 521 
473 498 
473 518 
473 535 
474 497 
474 499 
474 520 
475 498 
475 500 
475 522 
476 500 
476 502 
476 524 
477 499 
477 501 
477 523 
478 501 
478 504 
478 525 
479 505 
479 506 
479 527 
480 502 
480 510 
480 526 
481 505 
481 507 
481 529 
482 506 
482 508 
482 530 
483 507 
483 509 
483 531 
484 508 
484 512 
484 532 
485 509 
485 513 
485 533 
486 504 
486 511 
486 528 
487 512 
487 514 
487 536 
488 511 
488 513 
488 534 
489 514 
489 515 
489 538 
490 510 
490 516 
490 537 
491 515 
491 517 
491 540 
492 516 
492 517 
492 539 
493 495 
493 503 
493 541 
494 518 
494 542 
495 541 
495 543 
496 519 
496 521 
496 545 
497 519 
497 520 
497 544 
498 522 
498 535 
498 551 
499 520 
499 523 
499 546 
500 522 
500 524 
500 547 
501 523 
501 525 
501 548 
502 524 
502 526 
502 550 
503 521 
503 541 
503 549 
504 525 
504 528 
504 552 
505 527 
505 529 
505 553 
506 527 
506 530 
506 554 
507 529 
507 531 
507 556 
508 530 
508 532 
508 559 
509 531 
509 533 
509 558 
510 526 
510 537 
510 557 
511 528 
511 534 
511 555 
512 532 
512 536 
512 561 
513 533 
513 534 
513 560 
514 536 
514 538 
514 562 
515 538 
515 540 
515 564 
516 537 
516 539 
516 563 
517 539 
517 540 
517 565 
518 535 
518 542 
518 566 
519 544 
519 545 
519 567 
520 544 
520 546 
520 568 
521 545 
521 549 
521 570 
522 547 
522 551 
522 574 
523 546 
523 548 
523 571 
524 547 
524 550 
524 573 
525 548 
525 552 
525 575 
526 550 
526 557 
526 576 
527 553 
527 554 
527 580 
528 552 
528 555 
528 577 
529 553 
529 556 
529 578 
530 554 
530 559 
530 582 
531 556 
531 558 
531 581 
532 559 
532 561 
532 584 
533 558 
533 560 
533 583 
534 555 
534 560 
534 579 
535 551 
535 566 
535 585 
536 561 
536 562 
536 587 
537 557 
537 563 
537 586 
538 562 
538 564 
538 588 
539 563 
539 565 
539 589 
540 564 
540 565 
540 590 
541 543 
541 549 
541 569 
541 591 
542 566 
542 572 
543 569 
543 592 
544 567 
544 568 
544 593 
545 567 
545 570 
545 594 
546 568 
546 571 
546 595 
547 573 
547 574 
547 597 
548 571 
548 575 
548 596 
549 570 
549 591 
549 609 
550 573 
550 576 
550 598 
551 574 
551 585 
551 600 
552 575 
552 577 
552 599 
553 578 
553 580 
553 605 
554 580 
554 582 
554 608 
555 577 
555 579 
555 601 
556 578 
556 581 
556 606 
557 576 
557 586 
557 602 
558 581 
558 583 
558 607 
559 582 
559 584 
559 610 
560 579 
560 583 
560 604 
561 584 
561 587 
561 611 
562 587 
562 588 
562 613 
563 586 
563 589 
563 612 
564 588 
564 590 
564 614 
565 589 
565 590 
565 615 
566 572 
566 585 
566 603 
567 593 
567 594 
567 618 
568 593 
568 595 
568 619 
569 591 
569 592 
569 617 
570 594 
570 609 
570 621 
571 595 
571 596 
571 620 
572 603 
572 616 
573 597 
573 598 
573 623 
574 597 
574 600 
574 624 
575 596 
575 599 
575 622 
576 598 
576 602 
576 627 
577 599 
577 601 
577 626 
578 605 
578 606 
578 631 
579 601 
579 604 
579 628 
580 605 
580 608 
580 632 
581 606 
581 607 
581 630 
582 608 
582 610 
582 633 
583 604 
583 607 
583 629 
584 610 
584 611 
584 635 
585 600 
585 603 
585 625 
586 602 
586 612 
586 634 
587 611 
587 613 
587 636 
588 613 
588 614 
588 638 
589 612 
589 615 
589 637 
590 614 
590 615 
590 639 
591 609 
591 617 
591 640 
592 617 
592 641 
593 618 
593 619 
593 643 
594 618 
594 621 
594 644 
595 619 
595 620 
595 645 
596 620 
596 622 
596 646 
597 623 
597 624 
597 649 
598 623 
598 627 
598 651 
599 622 
599 626 
599 648 
600 624 
600 625 
600 650 
601 626 
601 628 
601 652 
602 627 
602 634 
602 653 
603 616 
603 625 
603 642 
603 665 
604 628 
604 629 
604 654 
605 631 
605 632 
605 657 
606 630 
606 631 
606 656 
607 629 
607 630 
607 655 
608 632 
608 633 
608 658 
609 621 
609 640 
609 647 
610 633 
610 635 
610 659 
611 635 
611 636 
611 661 
612 634 
612 637 
612 660 
613 636 
613 638 
613 662 
614 638 
614 639 
614 664 
615 637 
615 639 
615 663 
616 642 
616 666 
617 640 
617 641 
617 667 
618 643 
618 644 
618 668 
619 643 
619 645 
619 669 
620 645 
620 646 
620 671 
621 644 
621 647 
621 670 
622 646 
622 648 
622 672 
623 649 
623 651 
623 674 
624 649 
624 650 
624 675 
625 650 
625 665 
625 690 
626 648 
626 652 
626 673 
627 651 
627 653 
627 677 
628 652 
628 654 
628 678 
629 654 
629 655 
629 679 
630 655 
630 656 
630 680 
631 656 
631 657 
631 682 
632 657 
632 658 
632 683 
633 658 
633 659 
633 684 
634 653 
634 660 
634 681 
635 659 
635 661 
635 685 
636 661 
636 662 
636 687 
637 660 
637 663 
637 686 
638 662 
638 664 
638 688 
639 663 
639 664 
639 689 
640 647 
640 667 
640 676 
641 667 
641 691 
642 665 
642 666 
642 692 
643 668 
643 669 
643 693 
644 668 
644 670 
644 694 
645 669 
645 671 
645 695 
646 671 
646 672 
646 696 
647 670 
647 676 
647 697 
648 672 
648 673 
648 698 
649 674 
649 675 
649 701 
650 675 
650 690 
650 714 
651 674 
651 677 
651 700 
652 673 
652 678 
652 699 
653 677 
653 681 
653 703 
654 678 
654 679 
654 702 
655 679 
655 680 
655 704 
656 680 
656 682 
656 705 
657 682 
657 683 
657 706 
658 683 
658 684 
658 707 
659 684 
659 685 
659 709 
660 681 
660 686 
660 708 
661 685 
661 687 
661 710 
662 687 
662 688 
662 712 
663 686 
663 689 
663 711 
664 688 
664 689 
664 713 
665 690 
665 692 
665 716 
666 692 
666 717 
667 676 
667 691 
667 715 
667 718 
668 693 
668 694 
668 719 
669 693 
669 695 
669 720 
670 694 
670 697 
670 722 
671 695 
671 696 
671 721 
672 696 
672 698 
672 723 
673 698 
673 699 
673 724 
674 700 
674 701 
674 725 
675 701 
675 714 
675 739 
676 697 
676 715 
676 740 
677 700 
677 703 
677 727 
678 699 
678 702 
678 726 
679 702 
679 704 
679 728 
680 704 
680 705 
680 730 
681 703 
681 708 
681 729 
682 705 
682 706 
682 731 
683 706 
683 707 
683 732 
684 707 
684 709 
684 733 
685 709 
685 710 
685 735 
686 708 
686 711 
686 734 
687 710 
687 712 
687 736 
688 712 
688 713 
688 738 
689 711 
689 713 
689 737 
690 714 
690 716 
690 741 
691 718 
691 743 
692 716 
692 717 
692 742 
693 719 
693 720 
693 744 
694 719 
694 722 
694 746 
695 720 
695 721 
695 745 
696 721 
696 723 
696 747 
697 722 
697 740 
697 749 
698 723 
698 724 
698 748 
699 724 
699 726 
699 750 
700 725 
700 727 
700 751 
701 725 
701 739 
701 760 
702 726 
702 728 
702 752 
703 727 
703 729 
703 753 
704 728 
704 730 
704 754 
705 730 
705 731 
705 755 
706 731 
706 732 
706 757 
707 732 
707 733 
707 758 
708 729 
708 734 
708 756 
709 733 
709 735 
709 759 
710 735 
710 736 
710 762 
711 734 
711 737 
711 761 
712 736 
712 738 
712 763 
713 737 
713 738 
713 764 
714 739 
714 741 
714 766 
715 718 
715 740 
715 765 
716 741 
716 742 
716 768 
717 742 
717 767 
718 743 
718 765 
718 769 
719 744 
719 746 
719 771 
720 744 
720 745 
720 770 
721 745 
721 747 
721 772 
722 746 
722 749 
722 773 
723 747 
723 748 
723 774 
724 748 
724 750 
724 775 
725 751 
725 760 
725 780 
726 750 
726 752 
726 776 
727 751 
727 753 
727 777 
728 752 
728 754 
728 778 
729 753 
729 756 
729 779 
730 754 
730 755 
730 781 
731 755 
731 757 
731 783 
732 757 
732 758 
732 784 
733 758 
733 759 
733 785 
734 756 
734 761 
734 782 
735 759 
735 762 
735 787 
736 762 
736 763 
736 788 
737 761 
737 764 
737 786 
738 763 
738 764 
738 789 
739 760 
739 766 
739 791 
740 749 
740 765 
740 790 
741 766 
741 768 
741 792 
742 767 
742 768 
742 793 
743 769 
743 794 
744 770 
744 771 
744 795 
745 770 
745 772 
745 796 
746 771 
746 773 
746 797 
747 772 
747 774 
747 798 
748 774 
748 775 
748 799 
749 773 
749 790 
749 800 
750 775 
750 776 
750 801 
751 777 
751 780 
751 804 
752 776 
752 778 
752 802 
753 777 
753 779 
753 803 
754 778 
754 781 
754 806 
755 781 
755 783 
755 808 
756 779 
756 782 
756 805 
757 783 
757 784 
757 810 
758 784 
758 785 
758 811 
759 785 
759 787 
759 813 
760 780 
760 791 
760 816 
761 782 
761 786 
761 809 
762 787 
762 788 
762 814 
763 788 
763 789 
763 815 
764 786 
764 789 
764 812 
765 769 
765 790 
765 807 
766 791 
766 792 
766 817 
767 793 
767 818 
768 792 
768 793 
768 819 
769 794 
769 807 
769 820 
770 795 
770 796 
770 821 
771 795 
771 797 
771 822 
772 796 
772 798 
772 823 
773 797 
773 800 
773 824 
774 798 
774 799 
774 825 
775 799 
775 801 
775 826 
776 801 
776 802 
776 827 
777 803 
777 804 
777 828 
778 802 
778 806 
778 831 
779 803 
779 805 
779 830 
780 804 
780 816 
780 835 
781 806 
781 808 
781 833 
782 805 
782 809 
782 832 
783 808 
783 810 
783 836 
784 810 
784 811 
784 838 
785 811 
785 813 
785 840 
786 809 
786 812 
786 834 
787 813 
787 814 
787 841 
788 814 
788 815 
788 839 
789 812 
789 815 
789 837 
790 800 
790 807 
790 829 
791 816 
791 817 
791 842 
792 817 
792 819 
792 843 
793 818 
793 819 
793 844 
794 820 
794 845 
795 821 
795 822 
795 846 
796 821 
796 823 
796 847 
797 822 
797 824 
797 848 
798 823 
798 825 
798 849 
799 825 
799 826 
799 851 
800 824 
800 829 
800 850 
801 826 
801 827 
801 853 
802 827 
802 831 
802 856 
803 828 
803 830 
803 854 
804 828 
804 835 
804 857 
805 830 
805 832 
805 855 
806 831 
806 833 
806 859 
807 820 
807 829 
807 852 
808 833 
808 836 
808 862 
809 832 
809 834 
809 858 
810 836 
810 838 
810 864 
811 838 
811 840 
811 866 
812 834 
812 837 
812 860 
813 840 
813 841 
813 865 
814 839 
814 841 
814 863 
815 837 
815 839 
815 861 
816 835 
816 842 
816 867 
817 842 
817 843 
817 868 
818 844 
818 870 
819 843 
819 844 
819 869 
820 845 
820 852 
820 873 
821 846 
821 847 
821 872 
822 846 
822 848 
822 871 
823 847 
823 849 
823 875 
824 848 
824 850 
824 874 
825 849 
825 851 
825 877 
826 851 
826 853 
826 878 
827 853 
827 856 
827 881 
828 854 
828 857 
828 879 
829 850 
829 852 
829 876 
830 854 
830 855 
830 880 
831 856 
831 859 
831 885 
832 855 
832 858 
832 882 
833 859 
833 862 
833 888 
834 858 
834 860 
834 883 
835 857 
835 867 
835 884 
836 862 
836 864 
836 890 
837 860 
837 861 
837 886 
838 864 
838 866 
838 892 
839 861 
839 863 
839 887 
840 865 
840 866 
840 891 
841 863 
841 865 
841 889 
842 867 
842 868 
842 893 
843 868 
843 869 
843 894 
844 869 
844 870 
844 895 
845 873 
845 902 
846 871 
846 872 
846 899 
847 872 
847 875 
847 900 
848 871 
848 874 
848 897 
849 875 
849 877 
849 901 
850 874 
850 876 
850 896 
851 877 
851 878 
851 903 
852 873 
852 876 
852 898 
853 878 
853 881 
853 907 
854 879 
854 880 
854 904 
855 880 
855 882 
855 905 
856 881 
856 885 
856 911 
857 879 
857 884 
857 906 
858 882 
858 883 
858 908 
859 885 
859 888 
859 913 
860 883 
860 886 
860 909 
861 886 
861 887 
861 912 
862 888 
862 890 
862 916 
863 887 
863 889 
863 914 
864 890 
864 892 
864 918 
865 889 
865 891 
865 915 
866 891 
866 892 
866 917 
867 884 
867 893 
867 910 
868 893 
868 894 
868 919 
869 894 
869 895 
869 920 
870 895 
870 921 
871 897 
871 899 
871 924 
872 899 
872 900 
872 925 
873 898 
873 902 
873 926 
874 896 
874 897 
874 923 
875 900 
875 901 
875 927 
876 896 
876 898 
876 922 
877 901 
877 903 
877 928 
878 903 
878 907 
878 933 
879 904 
879 906 
879 929 
880 904 
880 905 
880 930 
881 907 
881 911 
881 937 
882 905 
882 908 
882 932 
883 908 
883 909 
883 934 
884 906 
884 910 
884 931 
885 911 
885 913 
885 939 
886 909 
886 912 
886 936 
887 912 
887 914 
887 938 
888 913 
888 916 
888 941 
889 914 
889 915 
889 940 
890 916 
890 918 
890 943 
891 915 
891 917 
891 942 
892 917 
892 918 
892 944 
893 910 
893 919 
893 935 
894 919 
894 920 
894 945 
895 920 
895 921 
895 946 
896 922 
896 923 
896 948 
897 923 
897 924 
897 949 
898 922 
898 926 
898 947 
899 924 
899 925 
899 950 
900 925 
900 927 
900 954 
901 927 
901 928 
901 956 
902 926 
902 971 
903 928 
903 933 
903 959 
904 929 
904 930 
904 951 
905 930 
905 932 
905 953 
906 929 
906 931 
906 952 
907 933 
907 937 
907 962 
908 932 
908 934 
908 957 
909 934 
909 936 
909 960 
910 931 
910 935 
910 955 
911 937 
911 939 
911 965 
912 936 
912 938 
912 961 
913 939 
913 941 
913 967 
914 938 
914 940 
914 964 
915 940 
915 942 
915 966 
916 941 
916 943 
916 969 
917 942 
917 944 
917 968 
918 943 
918 944 
918 970 
919 935 
919 945 
919 958 
920 945 
920 946 
920 963 
921 946 
921 972 
922 947 
922 948 
922 973 
923 948 
923 949 
923 974 
924 949 
924 950 
924 978 
925 950 
925 954 
925 984 
926 947 
926 971 
926 994 
927 954 
927 956 
927 986 
928 956 
928 959 
928 987 
929 951 
929 952 
929 975 
930 951 
930 953 
930 976 
931 952 
931 955 
931 979 
932 953 
932 957 
932 981 
933 959 
933 962 
933 989 
934 957 
934 960 
934 982 
935 955 
935 958 
935 980 
936 960 
936 961 
936 985 
937 962 
937 965 
937 991 
938 961 
938 964 
938 988 
939 965 
939 967 
939 993 
940 964 
940 966 
940 990 
941 967 
941 969 
941 996 
942 966 
942 968 
942 992 
943 969 
943 970 
943 997 
944 968 
944 970 
944 995 
945 958 
945 963 
945 977 
946 963 
946 972 
946 983 
947 973 
947 994 
947 998 
948 973 
948 974 
948 999 
949 974 
949 978 
949 1005 
950 978 
950 984 
950 1011 
951 975 
951 976 
951 1001 
952 975 
952 979 
952 1002 
953 976 
953 981 
953 1004 
954 984 
954 986 
954 1014 
955 979 
955 980 
955 1006 
956 986 
956 987 
956 1012 
957 981 
957 982 
957 1007 
958 977 
958 980 
958 1003 
959 987 
959 989 
959 1013 
960 982 
960 985 
960 1008 
961 985 
961 988 
961 1009 
962 989 
962 991 
962 1016 
963 977 
963 983 
963 1000 
964 988 
964 990 
964 1010 
965 991 
965 993 
965 1017 
966 990 
966 992 
966 1015 
967 993 
967 996 
967 1019 
968 992 
968 995 
968 1018 
969 996 
969 997 
969 1021 
970 995 
970 997 
970 1020 
971 994 
971 1023 
972 983 
972 1022 
973 998 
973 999 
973 1024 
974 999 
974 1005 
974 1026 
975 1001 
975 1002 
975 1028 
976 1001 
976 1004 
976 1029 
977 1000 
977 1003 
977 1027 
978 1005 
978 1011 
978 1041 
979 1002 
979 1006 
979 1031 
980 1003 
980 1006 
980 1033 
981 1004 
981 1007 
981 1030 
982 1007 
982 1008 
982 1032 
983 1000 
983 1022 
983 1025 
984 1011 
984 1014 
984 1047 
985 1008 
985 1009 
985 1034 
986 1012 
986 1014 
986 1043 
987 1012 
987 1013 
987 1039 
988 1009 
988 1010 
988 1035 
989 1013 
989 1016 
989 1038 
990 1010 
990 1015 
990 1036 
991 1016 
991 1017 
991 1040 
992 1015 
992 1018 
992 1037 
993 1017 
993 1019 
993 1044 
994 998 
994 1023 
994 1048 
995 1018 
995 1020 
995 1042 
996 1019 
996 1021 
996 1046 
997 1020 
997 1021 
997 1045 
998 1024 
998 1048 
998 1049 
999 1024 
999 1026 
999 1050 
1000 1025 
1000 1027 
1000 1051 
1001 1028 
1001 1029 
1001 1052 
1002 1028 
1002 1031 
1002 1053 
1003 1027 
1003 1033 
1003 1059 
1004 1029 
1004 1030 
1004 1054 
1005 1026 
1005 1041 
1005 1070 
1006 1031 
1006 1033 
1006 1056 
1007 1030 
1007 1032 
1007 1055 
1008 1032 
1008 1034 
1008 1057 
1009 1034 
1009 1035 
1009 1058 
1010 1035 
1010 1036 
1010 1060 
1011 1041 
1011 1047 
1011 1072 
1012 1039 
1012 1043 
1012 1069 
1013 1038 
1013 1039 
1013 1064 
1014 1043 
1014 1047 
1014 1071 
1015 1036 
1015 1037 
1015 1061 
1016 1038 
1016 1040 
1016 1063 
1017 1040 
1017 1044 
1017 1066 
1018 1037 
1018 1042 
1018 1062 
1019 1044 
1019 1046 
1019 1067 
1020 1042 
1020 1045 
1020 1065 
1021 1045 
1021 1046 
1021 1068 
1022 1025 
1022 1073 
1023 1048 
1023 1074 
1024 1049 
1024 1050 
1024 1076 
1025 1051 
1025 1073 
1025 1075 
1026 1050 
1026 1070 
1026 1095 
1027 1051 
1027 1059 
1027 1086 
1028 1052 
1028 1053 
1028 1077 
1029 1052 
1029 1054 
1029 1078 
1030 1054 
1030 1055 
1030 1080 
1031 1053 
1031 1056 
1031 1079 
1032 1055 
1032 1057 
1032 1081 
1033 1056 
1033 1059 
1033 1084 
1034 1057 
1034 1058 
1034 1082 
1035 1058 
1035 1060 
1035 1083 
1036 1060 
1036 1061 
1036 1085 
1037 1061 
1037 1062 
1037 1087 
1038 1063 
1038 1064 
1038 1091 
1039 1064 
1039 1069 
1039 1094 
1040 1063 
1040 1066 
1040 1089 
1041 1070 
1041 1072 
1041 1098 
1042 1062 
1042 1065 
1042 1088 
1043 1069 
1043 1071 
1043 1096 
1044 1066 
1044 1067 
1044 1092 
1045 1065 
1045 1068 
1045 1090 
1046 1067 
1046 1068 
1046 1093 
1047 1071 
1047 1072 
1047 1097 
1048 1049 
1048 1074 
1048 1099 
1049 1076 
1049 1099 
1049 1100 
1050 1076 
1050 1095 
1050 1119 
1051 1075 
1051 1086 
1051 1116 
1052 1077 
1052 1078 
1052 1102 
1053 1077 
1053 1079 
1053 1101 
1054 1078 
1054 1080 
1054 1103 
1055 1080 
1055 1081 
1055 1105 
1056 1079 
1056 1084 
1056 1104 
1057 1081 
1057 1082 
1057 1106 
1058 1082 
1058 1083 
1058 1107 
1059 1084 
1059 1086 
1059 1122 
1060 1083 
1060 1085 
1060 1108 
1061 1085 
1061 1087 
1061 1109 
1062 1087 
1062 1088 
1062 1110 
1063 1089 
1063 1091 
1063 1114 
1064 1091 
1064 1094 
1064 1117 
1065 1088 
1065 1090 
1065 1111 
1066 1089 
1066 1092 
1066 1113 
1067 1092 
1067 1093 
1067 1115 
1068 1090 
1068 1093 
1068 1112 
1069 1094 
1069 1096 
1069 1118 
1070 1095 
1070 1098 
1070 1124 
1071 1096 
1071 1097 
1071 1120 
1072 1097 
1072 1098 
1072 1123 
1073 1075 
1073 1121 
1074 1099 
1074 1125 
1075 1116 
1075 1121 
1075 1126 
1076 1100 
1076 1119 
1076 1135 
1077 1101 
1077 1102 
1077 1128 
1078 1102 
1078 1103 
1078 1129 
1079 1101 
1079 1104 
1079 1127 
1080 1103 
1080 1105 
1080 1130 
1081 1105 
1081 1106 
1081 1131 
1082 1106 
1082 1107 
1082 1133 
1083 1107 
1083 1108 
1083 1134 
1084 1104 
1084 1122 
1084 1132 
1085 1108 
1085 1109 
1085 1136 
1086 1116 
1086 1122 
1086 1149 
1087 1109 
1087 1110 
1087 1137 
1088 1110 
1088 1111 
1088 1138 
1089 1113 
1089 1114 
1089 1142 
1090 1111 
1090 1112 
1090 1139 
1091 1114 
1091 1117 
1091 1143 
1092 1113 
1092 1115 
1092 1141 
1093 1112 
1093 1115 
1093 1140 
1094 1117 
1094 1118 
1094 1144 
1095 1119 
1095 1124 
1095 1148 
1096 1118 
1096 1120 
1096 1145 
1097 1120 
1097 1123 
1097 1146 
1098 1123 
1098 1124 
1098 1147 
1099 1100 
1099 1125 
1099 1150 
1100 1135 
1100 1150 
1101 1127 
1101 1128 
1101 1151 
1102 1128 
1102 1129 
1102 1153 
1103 1129 
1103 1130 
1103 1154 
1104 1127 
1104 1132 
1104 1152 
1105 1130 
1105 1131 
1105 1155 
1106 1131 
1106 1133 
1106 1156 
1107 1133 
1107 1134 
1107 1157 
1108 1134 
1108 1136 
1108 1159 
1109 1136 
1109 1137 
1109 1160 
1110 1137 
1110 1138 
1110 1161 
1111 1138 
1111 1139 
1111 1162 
1112 1139 
1112 1140 
1112 1163 
1113 1141 
1113 1142 
1113 1164 
1114 1142 
1114 1143 
1114 1166 
1115 1140 
1115 1141 
1115 1165 
1116 1126 
1116 1149 
1116 1174 
1117 1143 
1117 1144 
1117 1167 
1118 1144 
1118 1145 
1118 1168 
1119 1135 
1119 1148 
1119 1171 
1120 1145 
1120 1146 
1120 1169 
1121 1126 
1121 1173 
1122 1132 
1122 1149 
1122 1158 
1123 1146 
1123 1147 
1123 1170 
1124 1147 
1124 1148 
1124 1172 
1125 1150 
1125 1175 
1126 1173 
1126 1174 
1127 1151 
1127 1152 
1127 1177 
1128 1151 
1128 1153 
1128 1179 
1129 1153 
1129 1154 
1129 1180 
1130 1154 
1130 1155 
1130 1181 
1131 1155 
1131 1156 
1131 1182 
1132 1152 
1132 1158 
1132 1178 
1133 1156 
1133 1157 
1133 1183 
1134 1157 
1134 1159 
1134 1184 
1135 1150 
1135 1171 
1135 1176 
1136 1159 
1136 1160 
1136 1186 
1137 1160 
1137 1161 
1137 1187 
1138 1161 
1138 1162 
1138 1188 
1139 1162 
1139 1163 
1139 1189 
1140 1163 
1140 1165 
1140 1192 
1141 1164 
1141 1165 
1141 1190 
1142 1164 
1142 1166 
1142 1191 
1143 1166 
1143 1167 
1143 1193 
1144 1167 
1144 1168 
1144 1194 
1145 1168 
1145 1169 
1145 1195 
1146 1169 
1146 1170 
1146 1196 
1147 1170 
1147 1172 
1147 1197 
1148 1171 
1148 1172 
1148 1198 
1149 1158 
1149 1174 
1149 1185 
1150 1175 
1150 1176 
1150 1199 
1151 1177 
1151 1179 
1151 1203 
1152 1177 
1152 1178 
1152 1201 
1153 1179 
1153 1180 
1153 1204 
1154 1180 
1154 1181 
1154 1205 
1155 1181 
1155 1182 
1155 1206 
1156 1182 
1156 1183 
1156 1207 
1157 1183 
1157 1184 
1157 1208 
1158 1178 
1158 1185 
1158 1202 
1159 1184 
1159 1186 
1159 1209 
1160 1186 
1160 1187 
1160 1210 
1161 1187 
1161 1188 
1161 1213 
1162 1188 
1162 1189 
1162 1215 
1163 1189 
1163 1192 
1163 1217 
1164 1190 
1164 1191 
1164 1216 
1165 1190 
1165 1192 
1165 1219 
1166 1191 
1166 1193 
1166 1218 
1167 1193 
1167 1194 
1167 1220 
1168 1194 
1168 1195 
1168 1222 
1169 1195 
1169 1196 
1169 1221 
1170 1196 
1170 1197 
1170 1214 
1171 1176 
1171 1198 
1171 1212 
1172 1197 
1172 1198 
1172 1211 
1173 1174 
1173 1200 
1174 1185 
1174 1200 
1174 1223 
1175 1199 
1175 1224 
1176 1199 
1176 1212 
1176 1232 
1177 1201 
1177 1203 
1177 1227 
1178 1201 
1178 1202 
1178 1226 
1179 1203 
1179 1204 
1179 1228 
1180 1204 
1180 1205 
1180 1230 
1181 1205 
1181 1206 
1181 1231 
1182 1206 
1182 1207 
1182 1233 
1183 1207 
1183 1208 
1183 1234 
1184 1208 
1184 1209 
1184 1235 
1185 1202 
1185 1223 
1185 1225 
1186 1209 
1186 1210 
1186 1237 
1187 1210 
1187 1213 
1187 1238 
1188 1213 
1188 1215 
1188 1240 
1189 1215 
1189 1217 
1189 1245 
1190 1216 
1190 1219 
1190 1244 
1191 1216 
1191 1218 
1191 1242 
1192 1217 
1192 1219 
1192 1247 
1193 1218 
1193 1220 
1193 1246 
1194 1220 
1194 1222 
1194 1243 
1195 1221 
1195 1222 
1195 1241 
1196 1214 
1196 1221 
1196 1239 
1197 1211 
1197 1214 
1197 1236 
1198 1211 
1198 1212 
1198 1229 
1199 1224 
1199 1232 
1200 1223 
1200 1248 
1201 1226 
1201 1227 
1201 1252 
1202 1225 
1202 1226 
1202 1249 
1203 1227 
1203 1228 
1203 1251 
1204 1228 
1204 1230 
1204 1254 
1205 1230 
1205 1231 
1205 1256 
1206 1231 
1206 1233 
1206 1255 
1207 1233 
1207 1234 
1207 1257 
1208 1234 
1208 1235 
1208 1258 
1209 1235 
1209 1237 
1209 1259 
1210 1237 
1210 1238 
1210 1261 
1211 1229 
1211 1236 
1211 1253 
1212 1229 
1212 1232 
1212 1250 
1213 1238 
1213 1240 
1213 1263 
1214 1236 
1214 1239 
1214 1260 
1215 1240 
1215 1245 
1215 1268 
1216 1242 
1216 1244 
1216 1266 
1217 1245 
1217 1247 
1217 1270 
1218 1242 
1218 1246 
1218 1265 
1219 1244 
1219 1247 
1219 1269 
1220 1243 
1220 1246 
1220 1267 
1221 1239 
1221 1241 
1221 1262 
1222 1241 
1222 1243 
1222 1264 
1223 1225 
1223 1248 
1223 1271 
1224 1232 
1224 1272 
1225 1249 
1225 1271 
1225 1273 
1226 1249 
1226 1252 
1226 1278 
1227 1251 
1227 1252 
1227 1276 
1228 1251 
1228 1254 
1228 1277 
1229 1250 
1229 1253 
1229 1275 
1230 1254 
1230 1256 
1230 1282 
1231 1255 
1231 1256 
1231 1280 
1232 1250 
1232 1272 
1232 1274 
1233 1255 
1233 1257 
1233 1279 
1234 1257 
1234 1258 
1234 1283 
1235 1258 
1235 1259 
1235 1284 
1236 1253 
1236 1260 
1236 1281 
1237 1259 
1237 1261 
1237 1286 
1238 1261 
1238 1263 
1238 1288 
1239 1260 
1239 1262 
1239 1285 
1240 1263 
1240 1268 
1240 1292 
1241 1262 
1241 1264 
1241 1287 
1242 1265 
1242 1266 
1242 1290 
1243 1264 
1243 1267 
1243 1289 
1244 1266 
1244 1269 
1244 1293 
1245 1268 
1245 1270 
1245 1295 
1246 1265 
1246 1267 
1246 1291 
1247 1269 
1247 1270 
1247 1294 
1248 1271 
1248 1296 
1249 1273 
1249 1278 
1249 1309 
1250 1274 
1250 1275 
1250 1297 
1251 1276 
1251 1277 
1251 1300 
1252 1276 
1252 1278 
1252 1298 
1253 1275 
1253 1281 
1253 1299 
1254 1277 
1254 1282 
1254 1305 
1255 1279 
1255 1280 
1255 1301 
1256 1280 
1256 1282 
1256 1304 
1257 1279 
1257 1283 
1257 1302 
1258 1283 
1258 1284 
1258 1306 
1259 1284 
1259 1286 
1259 1307 
1260 1281 
1260 1285 
1260 1303 
1261 1286 
1261 1288 
1261 1310 
1262 1285 
1262 1287 
1262 1308 
1263 1288 
1263 1292 
1263 1312 
1264 1287 
1264 1289 
1264 1311 
1265 1290 
1265 1291 
1265 1313 
1266 1290 
1266 1293 
1266 1315 
1267 1289 
1267 1291 
1267 1314 
1268 1292 
1268 1295 
1268 1317 
1269 1293 
1269 1294 
1269 1316 
1270 1294 
1270 1295 
1270 1318 
1271 1273 
1271 1296 
1271 1319 
1272 1274 
1272 1320 
1273 1309 
1273 1319 
1274 1297 
1274 1320 
1274 1321 
1275 1297 
1275 1299 
1275 1323 
1276 1298 
1276 1300 
1276 1325 
1277 1300 
1277 1305 
1277 1330 
1278 1298 
1278 1309 
1278 1322 
1279 1301 
1279 1302 
1279 1326 
1280 1301 
1280 1304 
1280 1327 
1281 1299 
1281 1303 
1281 1324 
1282 1304 
1282 1305 
1282 1331 
1283 1302 
1283 1306 
1283 1328 
1284 1306 
1284 1307 
1284 1332 
1285 1303 
1285 1308 
1285 1329 
1286 1307 
1286 1310 
1286 1333 
1287 1308 
1287 1311 
1287 1334 
1288 1310 
1288 1312 
1288 1335 
1289 1311 
1289 1314 
1289 1338 
1290 1313 
1290 1315 
1290 1337 
1291 1313 
1291 1314 
1291 1336 
1292 1312 
1292 1317 
1292 1340 
1293 1315 
1293 1316 
1293 1339 
1294 1316 
1294 1318 
1294 1341 
1295 1317 
1295 1318 
1295 1342 
1296 1319 
1296 1343 
1297 1321 
1297 1323 
1297 1366 
1298 1322 
1298 1325 
1298 1346 
1299 1323 
1299 1324 
1299 1345 
1300 1325 
1300 1330 
1300 1353 
1301 1326 
1301 1327 
1301 1349 
1302 1326 
1302 1328 
1302 1350 
1303 1324 
1303 1329 
1303 1348 
1304 1327 
1304 1331 
1304 1352 
1305 1330 
1305 1331 
1305 1355 
1306 1328 
1306 1332 
1306 1351 
1307 1332 
1307 1333 
1307 1354 
1308 1329 
1308 1334 
1308 1356 
1309 1319 
1309 1322 
1309 1344 
1309 1347 
1310 1333 
1310 1335 
1310 1357 
1311 1334 
1311 1338 
1311 1358 
1312 1335 
1312 1340 
1312 1362 
1313 1336 
1313 1337 
1313 1359 
1314 1336 
1314 1338 
1314 1360 
1315 1337 
1315 1339 
1315 1361 
1316 1339 
1316 1341 
1316 1363 
1317 1340 
1317 1342 
1317 1365 
1318 1341 
1318 1342 
1318 1364 
1319 1343 
1319 1344 
1320 1321 
1320 1367 
1321 1366 
1321 1367 
1322 1346 
1322 1347 
1322 1369 
1323 1345 
1323 1366 
1323 1368 
1324 1345 
1324 1348 
1324 1370 
1325 1346 
1325 1353 
1325 1374 
1326 1349 
1326 1350 
1326 1371 
1327 1349 
1327 1352 
1327 1372 
1328 1350 
1328 1351 
1328 1373 
1329 1348 
1329 1356 
1329 1376 
1330 1353 
1330 1355 
1330 1383 
1331 1352 
1331 1355 
1331 1377 
1332 1351 
1332 1354 
1332 1375 
1333 1354 
1333 1357 
1333 1378 
1334 1356 
1334 1358 
1334 1379 
1335 1357 
1335 1362 
1335 1385 
1336 1359 
1336 1360 
1336 1380 
1337 1359 
1337 1361 
1337 1382 
1338 1358 
1338 1360 
1338 1381 
1339 1361 
1339 1363 
1339 1384 
1340 1362 
1340 1365 
1340 1387 
1341 1363 
1341 1364 
1341 1386 
1342 1364 
1342 1365 
1342 1388 
1343 1344 
1343 1389 
1344 1347 
1344 1389 
1344 1390 
1345 1368 
1345 1370 
1345 1391 
1346 1369 
1346 1374 
1346 1395 
1347 1369 
1347 1390 
1347 1392 
1348 1370 
1348 1376 
1348 1398 
1349 1371 
1349 1372 
1349 1393 
1350 1371 
1350 1373 
1350 1394 
1351 1373 
1351 1375 
1351 1396 
1352 1372 
1352 1377 
1352 1397 
1353 1374 
1353 1383 
1353 1409 
1354 1375 
1354 1378 
1354 1400 
1355 1377 
1355 1383 
1355 1407 
1356 1376 
1356 1379 
1356 1401 
1357 1378 
1357 1385 
1357 1406 
1358 1379 
1358 1381 
1358 1403 
1359 1380 
1359 1382 
1359 1402 
1360 1380 
1360 1381 
1360 1404 
1361 1382 
1361 1384 
1361 1405 
1362 1385 
1362 1387 
1362 1410 
1363 1384 
1363 1386 
1363 1408 
1364 1386 
1364 1388 
1364 1411 
1365 1387 
1365 1388 
1365 1412 
1366 1367 
1366 1368 
1366 1399 
1366 1413 
1367 1399 
1368 1391 
1368 1413 
1368 1414 
1369 1392 
1369 1395 
1369 1418 
1370 1391 
1370 1398 
1370 1419 
1371 1393 
1371 1394 
1371 1415 
1372 1393 
1372 1397 
1372 1416 
1373 1394 
1373 1396 
1373 1417 
1374 1395 
1374 1409 
1374 1431 
1375 1396 
1375 1400 
1375 1420 
1376 1398 
1376 1401 
1376 1424 
1377 1397 
1377 1407 
1377 1422 
1378 1400 
1378 1406 
1378 1421 
1379 1401 
1379 1403 
1379 1423 
1380 1402 
1380 1404 
1380 1426 
1381 1403 
1381 1404 
1381 1427 
1382 1402 
1382 1405 
1382 1425 
1383 1407 
1383 1409 
1383 1434 
1384 1405 
1384 1408 
1384 1428 
1385 1406 
1385 1410 
1385 1429 
1386 1408 
1386 1411 
1386 1430 
1387 1410 
1387 1412 
1387 1432 
1388 1411 
1388 1412 
1388 1433 
1389 1390 
1389 1435 
1390 1392 
1390 1435 
1390 1436 
1391 1414 
1391 1419 
1391 1437 
1392 1418 
1392 1436 
1393 1415 
1393 1416 
1393 1439 
1394 1415 
1394 1417 
1394 1440 
1395 1418 
1395 1431 
1395 1451 
1396 1417 
1396 1420 
1396 1441 
1397 1416 
1397 1422 
1397 1442 
1398 1419 
1398 1424 
1398 1447 
1399 1413 
1399 1438 
1400 1420 
1400 1421 
1400 1443 
1401 1423 
1401 1424 
1401 1445 
1402 1425 
1402 1426 
1402 1446 
1403 1423 
1403 1427 
1403 1450 
1404 1426 
1404 1427 
1404 1448 
1405 1425 
1405 1428 
1405 1449 
1406 1421 
1406 1429 
1406 1452 
1407 1422 
1407 1434 
1407 1457 
1408 1428 
1408 1430 
1408 1453 
1409 1431 
1409 1434 
1409 1458 
1410 1429 
1410 1432 
1410 1455 
1411 1430 
1411 1433 
1411 1454 
1412 1432 
1412 1433 
1412 1456 
1413 1414 
1413 1438 
1413 1444 
1414 1437 
1414 1444 
1415 1439 
1415 1440 
1415 1459 
1416 1439 
1416 1442 
1416 1461 
1417 1440 
1417 1441 
1417 1462 
1418 1436 
1418 1451 
1418 1460 
1419 1437 
1419 1447 
1419 1471 
1420 1441 
1420 1443 
1420 1463 
1421 1443 
1421 1452 
1421 1469 
1422 1442 
1422 1457 
1422 1468 
1423 1445 
1423 1450 
1423 1470 
1424 1445 
1424 1447 
1424 1464 
1425 1446 
1425 1449 
1425 1465 
1426 1446 
1426 1448 
1426 1466 
1427 1448 
1427 1450 
1427 1467 
1428 1449 
1428 1453 
1428 1472 
1429 1452 
1429 1455 
1429 1475 
1430 1453 
1430 1454 
1430 1474 
1431 1451 
1431 1458 
1431 1476 
1432 1455 
1432 1456 
1432 1478 
1433 1454 
1433 1456 
1433 1477 
1434 1457 
1434 1458 
1434 1479 
1435 1436 
1435 1473 
1436 1460 
1436 1473 
1437 1444 
1437 1471 
1437 1480 
1438 1444 
1438 1481 
1439 1459 
1439 1461 
1439 1482 
1440 1459 
1440 1462 
1440 1483 
1441 1462 
1441 1463 
1441 1487 
1442 1461 
1442 1468 
1442 1486 
1443 1463 
1443 1469 
1443 1489 
1444 1480 
1444 1481 
1445 1464 
1445 1470 
1445 1493 
1446 1465 
1446 1466 
1446 1488 
1447 1464 
1447 1471 
1447 1485 
1448 1466 
1448 1467 
1448 1490 
1449 1465 
1449 1472 
1449 1491 
1450 1467 
1450 1470 
1450 1492 
1451 1460 
1451 1476 
1451 1484 
1452 1469 
1452 1475 
1452 1495 
1453 1472 
1453 1474 
1453 1494 
1454 1474 
1454 1477 
1454 1496 
1455 1475 
1455 1478 
1455 1497 
1456 1477 
1456 1478 
1456 1498 
1457 1468 
1457 1479 
1457 1499 
1458 1476 
1458 1479 
1458 1500 
1459 1482 
1459 1483 
1459 1503 
1460 1473 
1460 1484 
1460 1501 
1460 1502 
1461 1482 
1461 1486 
1461 1504 
1462 1483 
1462 1487 
1462 1506 
1463 1487 
1463 1489 
1463 1507 
1464 1485 
1464 1493 
1464 1515 
1465 1488 
1465 1491 
1465 1510 
1466 1488 
1466 1490 
1466 1509 
1467 1490 
1467 1492 
1467 1512 
1468 1486 
1468 1499 
1468 1511 
1469 1489 
1469 1495 
1469 1516 
1470 1492 
1470 1493 
1470 1514 
1471 1480 
1471 1485 
1471 1505 
1471 1508 
1472 1491 
1472 1494 
1472 1513 
1473 1502 
1474 1494 
1474 1496 
1474 1517 
1475 1495 
1475 1497 
1475 1518 
1476 1484 
1476 1500 
1476 1521 
1477 1496 
1477 1498 
1477 1519 
1478 1497 
1478 1498 
1478 1520 
1479 1499 
1479 1500 
1479 1523 
1480 1481 
1480 1508 
1480 1522 
1481 1522 
1482 1503 
1482 1504 
1482 1524 
1483 1503 
1483 1506 
1483 1525 
1484 1501 
1484 1521 
1484 1530 
1485 1505 
1485 1515 
1485 1534 
1486 1504 
1486 1511 
1486 1526 
1487 1506 
1487 1507 
1487 1527 
1488 1509 
1488 1510 
1488 1528 
1489 1507 
1489 1516 
1489 1533 
1490 1509 
1490 1512 
1490 1529 
1491 1510 
1491 1513 
1491 1531 
1492 1512 
1492 1514 
1492 1532 
1493 1514 
1493 1515 
1493 1536 
1494 1513 
1494 1517 
1494 1535 
1495 1516 
1495 1518 
1495 1537 
1496 1517 
1496 1519 
1496 1538 
1497 1518 
1497 1520 
1497 1539 
1498 1519 
1498 1520 
1498 1540 
1499 1511 
1499 1523 
1499 1541 
1500 1521 
1500 1523 
1500 1543 
1501 1502 
1501 1530 
1501 1542 
1502 1542 
1503 1524 
1503 1525 
1503 1546 
1504 1524 
1504 1526 
1504 1545 
1505 1508 
1505 1534 
1505 1544 
1506 1525 
1506 1527 
1506 1547 
1507 1527 
1507 1533 
1507 1553 
1508 1522 
1508 1544 
1508 1548 
1509 1528 
1509 1529 
1509 1551 
1510 1528 
1510 1531 
1510 1552 
1511 1526 
1511 1541 
1511 1549 
1512 1529 
1512 1532 
1512 1550 
1513 1531 
1513 1535 
1513 1555 
1514 1532 
1514 1536 
1514 1554 
1515 1534 
1515 1536 
1515 1560 
1516 1533 
1516 1537 
1516 1556 
1517 1535 
1517 1538 
1517 1557 
1518 1537 
1518 1539 
1518 1559 
1519 1538 
1519 1540 
1519 1558 
1520 1539 
1520 1540 
1520 1561 
1521 1530 
1521 1543 
1521 1563 
1522 1548 
1523 1541 
1523 1543 
1523 1562 
1524 1545 
1524 1546 
1524 1564 
1525 1546 
1525 1547 
1525 1566 
1526 1545 
1526 1549 
1526 1565 
1527 1547 
1527 1553 
1527 1568 
1528 1551 
1528 1552 
1528 1570 
1529 1550 
1529 1551 
1529 1571 
1530 1542 
1530 1563 
1530 1567 
1531 1552 
1531 1555 
1531 1572 
1532 1550 
1532 1554 
1532 1569 
1533 1553 
1533 1556 
1533 1574 
1534 1544 
1534 1560 
1534 1573 
1535 1555 
1535 1557 
1535 1575 
1536 1554 
1536 1560 
1536 1576 
1537 1556 
1537 1559 
1537 1579 
1538 1557 
1538 1558 
1538 1578 
1539 1559 
1539 1561 
1539 1581 
1540 1558 
1540 1561 
1540 1580 
1541 1549 
1541 1562 
1541 1577 
1542 1567 
1543 1562 
1543 1563 
1543 1583 
1544 1548 
1544 1573 
1544 1582 
1545 1564 
1545 1565 
1545 1584 
1546 1564 
1546 1566 
1546 1585 
1547 1566 
1547 1568 
1547 1586 
1548 1582 
1549 1565 
1549 1577 
1549 1587 
1550 1569 
1550 1571 
1550 1590 
1551 1570 
1551 1571 
1551 1591 
1552 1570 
1552 1572 
1552 1589 
1553 1568 
1553 1574 
1553 1592 
1554 1569 
1554 1576 
1554 1588 
1555 1572 
1555 1575 
1555 1593 
1556 1574 
1556 1579 
1556 1595 
1557 1575 
1557 1578 
1557 1594 
1558 1578 
1558 1580 
1558 1598 
1559 1579 
1559 1581 
1559 1599 
1560 1573 
1560 1576 
1560 1596 
1561 1580 
1561 1581 
1561 1600 
1562 1577 
1562 1583 
1562 1597 
1563 1567 
1563 1583 
1563 1601 
1564 1584 
1564 1585 
1564 1602 
1565 1584 
1565 1587 
1565 1603 
1566 1585 
1566 1586 
1566 1604 
1567 1601 
1568 1586 
1568 1592 
1568 1607 
1569 1588 
1569 1590 
1569 1608 
1570 1589 
1570 1591 
1570 1609 
1571 1590 
1571 1591 
1571 1611 
1572 1589 
1572 1593 
1572 1610 
1573 1582 
1573 1596 
1573 1606 
1574 1592 
1574 1595 
1574 1613 
1575 1593 
1575 1594 
1575 1612 
1576 1588 
1576 1596 
1576 1605 
1577 1587 
1577 1597 
1577 1615 
1578 1594 
1578 1598 
1578 1614 
1579 1595 
1579 1599 
1579 1616 
1580 1598 
1580 1600 
1580 1617 
1581 1599 
1581 1600 
1581 1619 
1582 1606 
1583 1597 
1583 1601 
1583 1618 
1583 1622 
1584 1602 
1584 1603 
1584 1620 
1585 1602 
1585 1604 
1585 1621 
1586 1604 
1586 1607 
1586 1625 
1587 1603 
1587 1615 
1587 1624 
1588 1605 
1588 1608 
1588 1626 
1589 1609 
1589 1610 
1589 1627 
1590 1608 
1590 1611 
1590 1629 
1591 1609 
1591 1611 
1591 1628 
1592 1607 
1592 1613 
1592 1631 
1593 1610 
1593 1612 
1593 1630 
1594 1612 
1594 1614 
1594 1632 
1595 1613 
1595 1616 
1595 1634 
1596 1605 
1596 1606 
1596 1623 
1596 1633 
1597 1615 
1597 1618 
1597 1638 
1598 1614 
1598 1617 
1598 1635 
1599 1616 
1599 1619 
1599 1636 
1600 1617 
1600 1619 
1600 1637 
1601 1622 
1602 1620 
1602 1621 
1602 1640 
1603 1620 
1603 1624 
1603 1639 
1604 1621 
1604 1625 
1604 1641 
1605 1623 
1605 1626 
1605 1642 
1606 1633 
1607 1625 
1607 1631 
1607 1645 
1608 1626 
1608 1629 
1608 1646 
1609 1627 
1609 1628 
1609 1643 
1610 1627 
1610 1630 
1610 1644 
1611 1628 
1611 1629 
1611 1647 
1612 1630 
1612 1632 
1612 1648 
1613 1631 
1613 1634 
1613 1650 
1614 1632 
1614 1635 
1614 1651 
1615 1624 
1615 1638 
1615 1658 
1616 1634 
1616 1636 
1616 1652 
1617 1635 
1617 1637 
1617 1653 
1618 1622 
1618 1638 
1618 1649 
1619 1636 
1619 1637 
1619 1654 
1620 1639 
1620 1640 
1620 1655 
1621 1640 
1621 1641 
1621 1657 
1622 1649 
1623 1633 
1623 1642 
1623 1659 
1624 1639 
1624 1656 
1624 1658 
1625 1641 
1625 1645 
1625 1660 
1626 1642 
1626 1646 
1626 1663 
1627 1643 
1627 1644 
1627 1661 
1628 1643 
1628 1647 
1628 1662 
1629 1646 
1629 1647 
1629 1665 
1630 1644 
1630 1648 
1630 1664 
1631 1645 
1631 1650 
1631 1667 
1632 1648 
1632 1651 
1632 1666 
1633 1659 
1634 1650 
1634 1652 
1634 1668 
1635 1651 
1635 1653 
1635 1669 
1636 1652 
1636 1654 
1636 1670 
1637 1653 
1637 1654 
1637 1671 
1638 1649 
1638 1658 
1638 1674 
1639 1655 
1639 1656 
1639 1673 
1640 1655 
1640 1657 
1640 1672 
1641 1657 
1641 1660 
1641 1675 
1642 1659 
1642 1663 
1642 1676 
1643 1661 
1643 1662 
1643 1678 
1644 1661 
1644 1664 
1644 1677 
1645 1660 
1645 1667 
1645 1679 
1646 1663 
1646 1665 
1646 1681 
1647 1662 
1647 1665 
1647 1680 
1648 1664 
1648 1666 
1648 1682 
1649 1674 
1650 1667 
1650 1668 
1650 1684 
1651 1666 
1651 1669 
1651 1685 
1652 1668 
1652 1670 
1652 1686 
1653 1669 
1653 1671 
1653 1689 
1654 1670 
1654 1671 
1654 1690 
1655 1672 
1655 1673 
1655 1687 
1656 1658 
1656 1673 
1656 1683 
1657 1672 
1657 1675 
1657 1688 
1658 1674 
1658 1683 
1658 1691 
1659 1676 
1660 1675 
1660 1679 
1660 1693 
1661 1677 
1661 1678 
1661 1692 
1662 1678 
1662 1680 
1662 1694 
1663 1676 
1663 1681 
1663 1695 
1664 1677 
1664 1682 
1664 1696 
1665 1680 
1665 1681 
1665 1697 
1666 1682 
1666 1685 
1666 1698 
1667 1679 
1667 1684 
1667 1699 
1668 1684 
1668 1686 
1668 1701 
1669 1685 
1669 1689 
1669 1702 
1670 1686 
1670 1690 
1670 1704 
1671 1689 
1671 1690 
1671 1705 
1672 1687 
1672 1688 
1672 1703 
1673 1683 
1673 1687 
1673 1700 
1674 1691 
1675 1688 
1675 1693 
1675 1706 
1676 1695 
1677 1692 
1677 1696 
1677 1707 
1678 1692 
1678 1694 
1678 1708 
1679 1693 
1679 1699 
1679 1710 
1680 1694 
1680 1697 
1680 1711 
1681 1695 
1681 1697 
1681 1713 
1682 1696 
1682 1698 
1682 1712 
1683 1691 
1683 1700 
1683 1709 
1684 1699 
1684 1701 
1684 1714 
1685 1698 
1685 1702 
1685 1715 
1686 1701 
1686 1704 
1686 1718 
1687 1700 
1687 1703 
1687 1717 
1688 1703 
1688 1706 
1688 1716 
1689 1702 
1689 1705 
1689 1719 
1690 1704 
1690 1705 
1690 1720 
1691 1709 
1692 1707 
1692 1708 
1692 1721 
1693 1706 
1693 1710 
1693 1723 
1694 1708 
1694 1711 
1694 1722 
1695 1713 
1696 1707 
1696 1712 
1696 1725 
1697 1711 
1697 1713 
1697 1727 
1698 1712 
1698 1715 
1698 1724 
1699 1710 
1699 1714 
1699 1729 
1700 1709 
1700 1717 
1700 1726 
1701 1714 
1701 1718 
1701 1728 
1702 1715 
1702 1719 
1702 1730 
1703 1716 
1703 1717 
1703 1731 
1704 1718 
1704 1720 
1704 1732 
1705 1719 
1705 1720 
1705 1733 
1706 1716 
1706 1723 
1706 1737 
1707 1721 
1707 1725 
1707 1734 
1708 1721 
1708 1722 
1708 1735 
1709 1726 
1710 1723 
1710 1729 
1710 1736 
1711 1722 
1711 1727 
1711 1739 
1712 1724 
1712 1725 
1712 1738 
1713 1727 
1714 1728 
1714 1729 
1714 1741 
1715 1724 
1715 1730 
1715 1742 
1716 1731 
1716 1737 
1717 1726 
1717 1731 
1717 1740 
1718 1728 
1718 1732 
1718 1743 
1719 1730 
1719 1733 
1719 1745 
1720 1732 
1720 1733 
1720 1746 
1721 1734 
1721 1735 
1721 1744 
1722 1735 
1722 1739 
1722 1749 
1723 1736 
1723 1737 
1723 1747 
1724 1738 
1724 1742 
1724 1748 
1725 1734 
1725 1738 
1725 1752 
1726 1740 
1727 1739 
1728 1741 
1728 1743 
1728 1750 
1729 1736 
1729 1741 
1729 1756 
1730 1742 
1730 1745 
1730 1753 
1731 1737 
1731 1740 
1731 1751 
1732 1743 
1732 1746 
1732 1755 
1733 1745 
1733 1746 
1733 1757 
1734 1744 
1734 1752 
1734 1754 
1735 1744 
1735 1749 
1735 1759 
1736 1747 
1736 1756 
1736 1758 
1737 1747 
1737 1751 
1737 1760 
1738 1748 
1738 1752 
1738 1761 
1739 1749 
1740 1751 
1741 1750 
1741 1756 
1741 1762 
1742 1748 
1742 1753 
1742 1764 
1743 1750 
1743 1755 
1743 1765 
1744 1754 
1744 1759 
1744 1763 
1745 1753 
1745 1757 
1745 1768 
1746 1755 
1746 1757 
1746 1769 
1747 1758 
1747 1760 
1747 1766 
1748 1761 
1748 1764 
1748 1767 
1749 1759 
1750 1762 
1750 1765 
1750 1770 
1751 1760 
1752 1754 
1752 1761 
1752 1771 
1752 1776 
1753 1764 
1753 1768 
1753 1772 
1754 1763 
1754 1771 
1755 1765 
1755 1769 
1755 1773 
1756 1758 
1756 1762 
1756 1774 
1756 1777 
1757 1768 
1757 1769 
1757 1775 
1758 1766 
1758 1774 
1759 1763 
1760 1766 
1761 1767 
1761 1776 
1761 1778 
1762 1770 
1762 1777 
1762 1779 
1763 1771 
1764 1767 
1764 1772 
1764 1780 
1764 1782 
1765 1770 
1765 1773 
1765 1781 
1765 1783 
1766 1774 
1767 1778 
1767 1780 
1768 1772 
1768 1775 
1768 1784 
1768 1786 
1769 1773 
1769 1775 
1769 1785 
1769 1787 
1770 1779 
1770 1781 
1771 1776 
1772 1782 
1772 1784 
1773 1783 
1773 1785 
1774 1777 
1775 1786 
1775 1787 
1775 1788 
1776 1778 
1777 1779 
1778 1780 
1779 1781 
1780 1782 
1781 1783 
1782 1784 
1783 1785 
1784 1786 
1785 1787 
1786 1788 
1787 1788 
